OBJ00607 0.692371         131.999744            592       149.999616            592      149.999616       638.999552      131.999744       638.999552
OBJ00607 0.683697 140.86117397508 360.3454440828 119.65499727782351.86167054643129.44939644498 327.37943295582150.65557314224 335.86320649219
OBJ00607 0.68066                 112            592       126.999552            592      126.999552       638.999552             112       638.999552
OBJ00607 0.673684         172.000256     600.000512        188.99968     600.000512       188.99968       634.999808      172.000256       634.999808
OBJ00607 0.673352         231.999488     583.999488       248.999936     583.999488      248.999936       629.999616231.99948799999 629.99961599999
OBJ00607 0.635193         211.999744     579.999744        227.00032     579.999744       227.00032       632.999936      211.999744       632.999936
OBJ00607 0.625776 347.88520478314325.11924437524 326.87512283061318.65320339939336.45551102333 287.52368507162357.46559297586 293.98972604747
OBJ00607 0.616728         451.999744            336       474.999808            336      474.999808       362.999808      451.999744       362.999808
OBJ00607 0.615641                 32     583.999488               48     583.999488              48       641.000448              32       641.000448
OBJ00607 0.602449         51.9999488     638.999552 51.999948800001             62470.000025600001               62470.000025600001        638.999552
OBJ00607 0.596077         30.0000256     638.999552       12.0000512     638.999552      12.0000512              576      30.0000256              576
OBJ00607 0.583565         110.999552     638.999552       92.0000512     638.999552      92.0000512       583.999488      110.999552       583.999488
OBJ00607 0.578447 108.41461181504404.93965135547 116.74693395107370.21950924434177.33746125671 384.76034235173169.00513912068 419.48048446285
OBJ00607 0.578098         252.000256     19.9999488       270.999552     19.9999488      270.999552 62.999961599999       252.000256       62.9999616
OBJ00607 0.57555          103.999488     542.000128       103.999488     519.999488      126.999552       519.999488      126.999552       542.000128
OBJ00607 0.554384                  8            576 46.999961599999             576      46.9999616       641.999872               8       641.999872
OBJ00607 0.542544                 72     636.000256               72     632.00051289.999974400001        632.00051289.999974400001        636.000256
OBJ00607 0.526728         487.999488     348.000256       508.000256     348.000256      508.000256       373.999616      487.999488       373.999616
OBJ00607 0.519188 593.43691141575374.44778140164 581.98907253801403.88460290441525.47939892238 381.90826152107536.92723780013 352.4714400183
OBJ00607 0.515365 531.62217519539 257.2709703113 529.70228360593268.78442458218510.56707627413 265.59359038468512.48696786359 254.0801361138
OBJ00607 0.504898 541.11239692723292.60396320734 520.64143415944286.75404720868529.32222770957 256.37682442461549.79319047736 262.22674042328
OBJ00607 0.504677 160.4005480432841.799891345842 139.7006803042134.900394692709151.99991245041 -1.9997578137565172.69978018948 4.8997388393769
OBJ00607 0.503487 -8.8822654521363117.75887314232 2.031414855021583.65138691766892.090017541537 112.4682511144781.176337234379 146.57573733912
OBJ00607 0.483856 65.869015329943541.87819360858 44.326466252754535.5951186347554.439632405763 500.9204761890975.982181482952 507.20355116293
OBJ00607 0.473645         307.999744     435.999744       327.999488     435.999744      327.999488       465.000448      307.999744       465.000448
OBJ00607 0.46893          125.599744     343.799808      120.9997312    352.9998336     105.8002944      345.4001152     110.4003072      336.2000896
OBJ00607 0.468266 74.367223652319505.11024116486 94.550505820657511.1656391954383.981129922402 546.3944870796763.797847754065 540.33908904909
OBJ00607 0.466047         408.000512     316.000256       408.000512     328.999936      387.999744       328.999936      387.999744       316.000256
OBJ00607 0.46407 483.54662606921254.88768639037 484.1586373364246.93529843038503.42963191077 248.41838324324502.81762064359 256.37077120322
OBJ00607 0.462253                 48            400       70.0000256            400      70.0000256       433.999872              48       433.999872
OBJ00607 0.462055         186.999808     583.999488       186.999808      588.99968      172.000256        588.99968      172.000256       583.999488
OBJ00607 0.453894                 88     583.999488       122.999808     583.999488      122.999808       641.000448              88       641.000448
OBJ00607 0.440991 238.06299775873199.10764011053 214.3704304932192.64743442065 223.4840467356 159.2235813391247.17661400113 165.68378702898
OBJ00607 0.440177 251.99953334339300.99847524334 253.88285716436293.46903527946268.47096639938 297.11792998571266.58764257841 304.64736994959
OBJ00607 0.438715 -6.7929403788594318.08407401296 3.0746189693524283.0985146590264.377482858077 300.388781237854.509923509864 335.37434059174
OBJ00607 0.438042 592.60015150282277.19936744876 582.50030545152307.49984582295513.20007959301 284.40048732938523.29992564432 254.1000089552
OBJ00607 0.437574                560     394.000384              560            368      590.999552              368      590.999552       394.000384
OBJ00607 0.433608 367.32434138992324.05429761981 349.81087163927321.13563506985353.08091540938 301.51369807958370.59438516004 304.43236062954
OBJ00607 0.431102 193.8211389594430.61653553731 202.77968172227399.89666351445286.56976898707 424.33156608528 277.6112262242 455.05143810814
OBJ00607 0.418966         231.999488     394.999808       231.999488     380.000256      250.000384       380.000256      250.000384       394.999808
OBJ00607 0.413751         115.999744     588.000256       149.999616     588.000256      149.999616       641.000448      115.999744       641.000448
OBJ00607 0.412486        403.4002944    412.1997312       397.000704     408.999936     404.6004224      393.8004992     411.0000128      397.0002944
OBJ00607 0.410022         723.999744             24       739.999744             24      739.999744 49.000038399999       723.999744 49.000038399999
OBJ00607 0.402718         302.999552     451.999744       302.999552            464      284.000256              464      284.000256       451.999744
OBJ00607 0.399797 44.529204863164536.88241991413 53.764994641744 499.940773933594.706032851922 510.1764527233585.470243073345 547.11809870398
OBJ00607 0.394807                 88     641.000448               88     588.000256      149.999616       588.000256      149.999616       641.000448
OBJ00607 0.392788 483.27503157383 321.1401362766 461.65718284589316.15074700737467.97813853846 288.76353454414 489.5959872664 293.75292381337
OBJ00607 0.392021 135.3976037562305.14011696883 144.45842430633274.18302216493208.95791000268 293.06135261463199.89708945254 324.01844741853
OBJ00607 0.391959 535.60027271518308.20064187718 526.09993522222336.70035729312460.39995598055 314.79936751246469.90029347351 286.29965209652
OBJ00607 0.390702         378.999808            224       378.999808     236.000256      359.999488       236.000256      359.999488              224
OBJ00607 0.388751 546.93097048277389.17254179311 525.89659806898380.75879282759 536.7242328276 353.68970593104557.75860524139 362.10345489655
OBJ00607 0.387445         547.999744     186.000384       547.999744     179.999744      565.000192       179.999744      565.000192       186.000384
OBJ00607 0.386525 438.41125572168356.35231409597 445.35365570871328.58745298742478.05984008149 336.76539463379471.11744009445 364.53025574234
OBJ00607 0.386294 477.79948548988316.59904340122 485.90040410158292.29905238475515.30068650179 302.10026155901507.19976789008 326.40025257548
OBJ00607 0.384647 250.69760460463253.48686752946 259.33585991827220.11113223463372.09913779766 249.29634645447363.46088248403 282.67208174931
OBJ00607 0.374174 226.54587948431 334.3301109582 228.87694750009325.78392234884247.66150294024 330.90761881502245.33043492446 339.45380742438
OBJ00607 0.371004         668.000256             80       679.000064             80      679.000064 97.999974400001       668.000256 97.999974400001
OBJ00607     0.3698       131.999744     135.999488       158.999552     135.999488      158.999552       165.999616      131.999744       165.999616
OBJ00607 0.36878 344.40032271096370.79867413809 346.50091523144364.49904662017360.60033011001 369.2004556087358.49973758953 375.50008312661
OBJ00607 0.368664 87.117888139476444.53009415582 94.646980115629 414.4117986803142.88219768393 426.46983130889135.35310570778 456.58812678442
OBJ00607 0.367283 -4.5011874824474411.49847342676 5.4006454815165381.7987529272846.500148126046 395.50125258869 36.59831516208 425.20097308817
OBJ00607      0.366 464.19021862544317.03631325134 469.69347070399289.53695127853509.69429718509 297.54203269435504.19104510655 325.04139466716
OBJ00607 0.364295 237.99848851029 366.9966861423 230.4044635322382.20029762509212.00056646997 373.00776766975219.59459144807 357.80415618696
OBJ00607 0.36245          691.999744     259.999744       700.000256     259.999744      700.000256       277.999616      691.999744       277.999616
                                                                                                  -
OBJ00607 0.362346     110.901246778463.28121628976 99.607168453226497.183123326748.3961766536592       461.2028984492.8979016711124 427.30099141202
OBJ00607 0.36152 68.975063351456231.59304445247 48.497919945682226.1322398862555.568589693051 199.6183596262976.045733098825 205.07916419251
OBJ00607 0.356366                240      547.00032              240     536.000512             256       536.000512             256        547.00032
OBJ00607 0.355092 120.2071676555 28.23853733619 100.4915667683122.860967964716108.06161804981 -4.8928552687766127.777218937010.48471410269824
OBJ00607 0.35094          652.000256     46.9999616       652.000256     28.0000512       675.00032       28.0000512       675.00032       46.9999616
OBJ00607   0.349856        487.999488     373.999616       487.999488      348.000256      517.999616         348.000256     517.999616         373.999616
OBJ00607   0.347871 51.999948800001       620.000256 70.000025599999       620.00025670.000025599999          641.000448     51.9999488         641.000448
OBJ00607   0.346036 -9.299938156481364.899990382310.90023321773078334.29977468481 43.80023164476        348.5999136196233.600060270548    379.20012931711
OBJ00607    0.34294 237.99916429337372.99892694998 240.58852362843362.64679024295255.64764460621        366.41349817825253.05828527115    376.76563488528
OBJ00607   0.338573 -7.9930675927156461.37935509552 2.9118508629025428.11893505165127.93167210583       469.10852430495117.02675365021    502.36894434882
OBJ00607   0.335111        455.999488     396.000256       462.999552396.00025600001       462.999552          412.99968     455.999488          412.99968
OBJ00607   0.329088 330.56646351809358.01908876109 332.86816216505349.96255422416345.94333746307        353.69804535304343.64163881611    361.75457988997
OBJ00607   0.329015        28.0000512     300.000256       49.9999744      300.000256      49.9999744         330.000384     28.0000512         330.000384
OBJ00607   0.328949 302.96902496182356.31969780918 310.67973016408338.96962407065331.27746501904        348.12365209926323.56675981678    365.47372583779
OBJ00607    0.32491 48.799921856913380.39997744283 58.299168852121350.84660845172103.97319732837        365.5274686234594.473950333161    395.08083761456
OBJ00607   0.323302 140.40088525833227.12207471635 130.02878220975256.6016778522947.520995763561        227.5721397210157.893098812135    198.09253658507
OBJ00607   0.320482        723.999744     103.999488       734.000128      103.999488      734.000128          124.99968     723.999744          124.99968
OBJ00607   0.319769        723.999744            128       734.999552             128      734.999552         149.999616     723.999744         149.999616
OBJ00607   0.316166        565.999616     295.000064       540.000256      295.000064      540.000256         263.999488     565.999616         263.999488
OBJ00607   0.315752 210.52883710635389.07482542083 218.19104772283355.36141254041257.00358565457        364.18252600193249.34137503809    397.89593888234
OBJ00607   0.313502                672      204.000256         675.999744     204.000256     675.999744       218.999808             672     218.999808
OBJ00607   0.310879         691.999744      280.000512         696.999936     280.000512     696.999936       295.000064      691.999744     295.000064
OBJ00607   0.309381   350.87764054855436.74224830067       327.882617088428.52949964956340.82425778889 392.29396582557363.81928124944 400.50671447667
OBJ00607   0.308949         167.999488      632.000512         167.999488     638.999552     152.000512       638.999552      152.000512     632.000512
OBJ00607   0.306076   200.2432304309150.235561433222      177.413888481541.538107359614 195.8703031425 -6.9068511178995218.69964509191 1.7906029557083
OBJ00607   0.306017   280.54935248951253.57886639654     290.89725896962224.99761263244372.26479431202 254.45690973642 361.9168878319 283.03816350052
OBJ00607   0.303805   371.58686260139369.03486946314     378.13785817251352.65570337312398.13809646623 360.6549795123 391.5871008951 377.03414560232
OBJ00607   0.303278   236.46548311141310.42447394322     238.68530957086304.50594687796254.35622658251 310.38354376021252.13640012306 316.30207082547
OBJ00607   0.303025   316.00025600001508.00025600001           327.000064     508.000256     327.000064       522.999808      316.000256     522.999808
OBJ00607    0.29562                112      423.999488         138.000384     423.999488     138.000384       453.999616             112     453.999616
OBJ00607   0.293152   310.05811979324418.72732892116      288.5457723439414.11709062196295.65870372413 380.92664767639317.17105117347 385.53688597558
OBJ00607   0.292855   716.00025600001       227.999744         730.999808     227.999744     730.999808       254.000128      716.000256     254.000128
OBJ00607   0.292714         522.000384      378.000384         508.000256     378.000384     508.000256       355.999744      522.000384     355.999744
OBJ00607   0.291894   363.44271575888202.49007091708     384.72118134493206.24539582777379.10342233032 238.07680714539357.82495674426 234.32148223471
OBJ00607    0.29147         707.999744             352         725.000192            352     725.000192       378.999808      707.999744     378.999808
OBJ00607   0.288689                 88             320         108.000256            320     108.000256       341.000192              88     341.000192
OBJ00607   0.287836         147.999744      391.999488         170.999808     391.999488     170.999808              416      147.999744            416
OBJ00607   0.287631         106.999808      638.999552         92.0000512     638.999552     92.0000512       600.000512      106.999808     600.000512
OBJ00607   0.287541   529.89634268609328.07202986277     517.13555254889325.75199419549520.67143358835 306.30374323496533.43222372555 308.62377890225
OBJ00607   0.285696         231.999488      579.999744         248.999936     579.999744     248.999936       629.999616      231.999488     629.999616
OBJ00607   0.285105         115.999744      122.000384         115.999744            112     133.999616              112      133.999616     122.000384
OBJ00607   0.283279         268.000256       675.00032         268.000256     668.000256     280.999936       668.000256      280.999936      675.00032
OBJ00607   0.283203   295.66076383086 215.1888215731     303.54691228323 187.5852830066 340.6597675772 198.18818037189332.77361912484 225.79171893839
OBJ00607   0.281578   197.287326335181.8429333826218     234.344783221255.2133015643138 229.4081218516 59.492272289444192.35066496553 56.121904107753
OBJ00607   0.279674    194.836362331445.921596241431     165.0047189840248.718612016726160.55505533013 1.260610416922190.38669867751 -1.5364053583732
OBJ00607    0.27865   133.71546189215277.88198240504     122.79805678551304.0828603415143.485166786028 271.0346948409954.402571892673 244.83381690452
OBJ00607   0.277887         220.000256      545.999872         220.000256     540.000256     236.000256       540.000256      236.000256     545.999872
OBJ00607   0.276562                720      179.999744         730.999808     179.999744     730.999808       199.999488             720     199.999488
OBJ00607   0.275572                 56      44.0000512                 56     70.9999616     28.0000512       70.9999616      28.0000512     44.0000512
OBJ00607   0.275275         270.999552             640         270.999552     647.000064            256       647.000064             256            640
OBJ00607   0.274708         561.999872      280.000512         561.999872     293.999616            544       293.999616             544     280.000512
OBJ00607   0.274633   2.0547187885347184.46465228988     36.808949326473180.3760165658441.300275537621 218.553197684086.5460449996828 222.64183340813
OBJ00607    0.27217         659.999744      172.000256         666.000384     172.000256     666.000384       186.000384      659.999744     186.000384
OBJ00607   0.272027    523.8015864669382.39992481064     509.80070752891375.40068015979521.79877879983 351.40044131502535.79965773781 358.39968596588
OBJ00607   0.271011         371.999744      318.999552         371.999744     312.000512      387.00032       312.000512       387.00032     318.999552
OBJ00607   0.268846   191.3408206541545.926907118487      148.445317703947.266619037922146.973990186860.15698827903158189.86949313711 -1.1827236404028
OBJ00607   0.266077                  4      611.999744         9.99999488     611.999744     9.99999488       638.999552               4     638.999552
OBJ00607   0.262211         22.0000256      519.999488                  4     519.999488              4       487.999488      22.0000256     487.999488
OBJ00607     0.2619          284.99968             272          284.99968     291.999744     263.999488       291.999744      263.999488            272
OBJ00607   0.260885                672             224         675.999744            224     675.999744              240             672            240
OBJ00607   0.260375         339.999744      195.999744         339.999744     184.000512     355.999744       184.000512      355.999744     195.999744
OBJ00607   0.259339         202.000384       540.99968         184.000512      540.99968     184.000512       508.000256      202.000384     508.000256
OBJ00607   0.258148        330.4003584288.79994880001    319.30040320001     322.0998144    247.3004032      298.0998144258.40035840001     264.7999488
OBJ00607   0.256981                  4      572.000256         33.9999744     572.000256     33.9999744       641.000448               4     641.000448
OBJ00607   0.256636    351.1005542417436.70023167882     330.40014337729429.80068352315339.69927171814 401.90091777141360.39968258254 408.80046592708
OBJ00607   0.255321         30.9999616      524.000256                  4     524.000256              4       483.999744      30.9999616     483.999744
OBJ00607   0.253909         248.999936      341.999616         248.999936     328.999936     266.999808       328.999936      266.999808     341.999616
OBJ00607    0.25334                  4      184.000512         22.0000256     184.000512     22.0000256       206.000128               4     206.000128
OBJ00607   0.252903         252.000256      330.999808         252.000256            320      268.99968              320       268.99968     330.999808
OBJ00607   0.252874         659.999744      149.000192         663.000064     149.000192     663.000064       161.999872      659.999744     161.999872
OBJ00607   0.252726         659.999744      339.999744         663.000064     339.999744     663.000064       357.999616      659.999744     357.999616
OBJ00607   0.252056         659.999744      307.999744         664.000512     307.999744     664.000512       327.000064      659.999744     327.000064
OBJ00607   0.252015   21.137007937217 144.0816378005     36.487276938358145.1781176649334.675045420398 170.5486166548519.324776419257 169.45213679042
OBJ00607   0.249197         664.000512               8          668.99968              8      668.99968       22.9999616      664.000512     22.9999616
OBJ00607   0.248439         364.000256             208         382.999552            208     382.999552        227.00032      364.000256      227.00032
OBJ00607   0.245781   45.065637392414184.57915047217     35.207222516765 153.773528225273.486947987466    141.5232509222383.345362863115     172.3288731692
OBJ00607   0.244206         220.000256      547.00032          220.000256     536.000512     247.000064         536.000512     247.000064          547.00032
OBJ00607    0.24418         248.000512     663.000064          248.000512     659.999744     254.999552         659.999744     254.999552         663.000064
OBJ00607   0.242784   232.95902203436 104.1091483345     224.74057247504126.02707105671 198.3293600231    116.12379600241206.54780958242    94.205873280206
OBJ00607   0.242757   90.294639434636444.82495403517     97.764066188017414.94214669609141.99998737276    425.99923947217134.53056061938    455.88204681125
OBJ00607   0.241245         195.999744     430.000128          195.999744     419.999744     216.000512         419.999744     216.000512         430.000128
OBJ00607   0.239919         211.999744     483.999744          222.999552     483.999744     222.999552         526.999552     211.999744         526.999552
OBJ00607   0.235148                672     135.999488          679.000064     135.999488     679.000064         154.999808            672         154.999808
OBJ00607   0.233592   408.58486284134313.32292638878     406.53977663508329.69199753967371.46227746025    325.30955524644 373.5073636665    308.94048409556
OBJ00607   0.233203   336.62631987456391.06955404591     324.65268728484425.27918220712263.00431460455    403.70177830345274.97794719428    369.49215014224
OBJ00607   0.230744   188.00008692254 193.0009116895     178.30150925352226.9440715233280.698026334044    199.0558323465490.396604003062    165.11267251272
OBJ00607   0.230164   558.26797349791386.88172630432      546.3003659711 382.2278458189554.91386277752    360.07795401667566.88147030432     364.7318345021
OBJ00607   0.230153         216.000512      380.99968          216.000512     364.000256     254.999552         364.000256     254.999552          380.99968
OBJ00607   0.228128   579.30716859591266.53795971405     580.23073907448259.15317713617596.60005062153    261.20038878254595.67648014295    268.58517136042
OBJ00607   0.227794                544            272           563.00032            272      563.00032         295.000064            544         295.000064
OBJ00607   0.227039   277.80093951786348.40231895531     290.59866642452322.80031228643332.99988434923    343.99549493474320.20215744257    369.59750160362
OBJ00607   0.225935         670.000128     25.9999744                 656     25.9999744            656                  8     670.000128                  8
OBJ00607   0.223746         369.999872     307.999744          369.999872      323.00032            352          323.00032            352         307.999744
OBJ00607   0.223571         252.000256      547.00032          252.000256     540.000256      275.00032         540.000256      275.00032          547.00032
OBJ00607   0.223474                720     204.000256          732.000256     204.000256     732.000256          227.00032            720          227.00032
OBJ00607   0.222705         12.0000512            592          30.0000256            592     30.0000256         638.999552     12.0000512         638.999552
OBJ00607   0.222543   281.69033408697352.91329510448     286.94826725359333.98559713137330.73582962206    346.14936246561325.47789645544    365.07706043873
OBJ00607   0.222407    65.49038311712107.28307742326     87.415141978962113.5471567873778.509636203444    144.7171109532856.584877341602    138.45303158917
OBJ00607   0.222249   70.000025599999      627.999744    70.000025600001      638.999552             56         638.999552             56         627.999744
OBJ00607    0.22032         643.999744     76.0000512          650.000384     76.0000512     650.000384   94.999961600001      643.999744   94.999961599999
OBJ00607   0.219651   134.0005556765471.000298943192     128.4706247124393.117757826872101.17586010079    86.293367883264 106.7057910649    64.175908999584
OBJ00607   0.219426   115.51389128074218.91905087613      138.2161452988 222.7031903842132.81018426401     255.1352665171110.10793024596    251.35112700903
OBJ00607   0.219183   252.11467083236245.09679927862     258.29663515354219.48541666599300.03747134005    229.56063845092293.85550701888    255.17202106356
OBJ00607   0.216957   23.916973533681100.09051889368     49.60748492991698.97348046061851.128308565894    133.9505553717725.437797169659    135.06759380483
OBJ00607   0.216863         103.999488     686.999552          103.999488     684.000256     119.000064         684.000256     119.000064         686.999552
OBJ00607    0.21606   86.999961600001       435.999744   86.999961599999       440.00051281.000038400001          440.00051281.000038400001          435.999744
OBJ00607   0.216028         119.000064      124.000256         119.000064       131.00032      103.999488          131.00032      103.999488         124.000256
OBJ00607   0.215484          675.00032      51.9999488          675.0003270.999961600001       652.000256   70.999961599999       652.000256         51.9999488
OBJ00607   0.215268         483.999744      414.999552         483.999744      403.999744             496         403.999744             496         414.999552
OBJ00607   0.214282    59.67016876449379.74300735998     71.793413338128352.46415519467104.73194686966      367.1026706087392.608702296019     394.38152277404
OBJ00607   0.214007         659.999744      371.999744         663.000064      371.999744      663.000064         385.000448      659.999744         385.000448
OBJ00607   0.213207         643.99974499.999948800002          654.999552      99.9999488      654.999552         117.000192      643.999744         117.000192
OBJ00607   0.212632   582.13756380958282.34516525428     585.75741290664273.89679091918603.86246702153      281.65420804946600.24261792448     290.10258238455
OBJ00607   0.212314         533.000192      327.999488                512      327.999488             512                304      533.000192                304
OBJ00607   0.211689         218.000384      536.000512         218.000384      542.999552      204.000256         542.999552      204.000256         536.000512
OBJ00607   0.211549         643.999744      124.000256         648.999936      124.000256      648.999936         138.999808      643.999744         138.999808
OBJ00607   0.210631         216.000512      579.999744         250.000384      579.999744      250.000384         632.999936      216.000512         632.999936
OBJ00607   0.210105   238.81582009332156.22865245899     255.26660649092185.47470291554 218.1389195983      206.35887828189 201.6881332007     177.11282782534
OBJ00607   0.209975                672             368          675.00032             368       675.00032         382.999552             672         382.999552
OBJ00607   0.209115   385.81037918505207.86438783969     376.34040015109238.64303193495338.46557589805      226.98969884851347.93555493201     196.21105475324
OBJ00607   0.207362         204.000256      483.999744         222.999552      483.999744      222.999552          531.00032      204.000256          531.00032
OBJ00607   0.206669   68.300039488637109.10062215942     58.399295470931138.8006577267816.399544671375      124.7997054204926.300288689081     95.099669853126
OBJ00607   0.206635   527.67357447068 290.9436691343     532.62198687087261.26838944886568.29787885306      267.21741598352563.34946645287     296.89269566897
OBJ00607   0.205951   118.08618334743422.23052410177     139.92813559339424.65851219419136.54853323246      455.06109679009 114.7065809865     452.63310869767
OBJ00607   0.204716                 32      44.0000512                 32      12.0000512      70.0000256         12.0000512      70.0000256         44.0000512
OBJ00607    0.20462         643.99974499.999948800002          654.999552      99.9999488      654.999552         117.999616      643.999744         117.999616
OBJ00607    0.20377         218.000384             176         218.000384      186.000384      199.999488         186.000384      199.999488                176
OBJ00607   0.203542                672      179.999744         675.999744      179.999744      675.999744         197.000192             672         197.000192
OBJ00607   0.201608         70.0000256      307.999744         70.0000256      323.999744      51.9999488         323.999744      51.9999488         307.999744
OBJ00607   0.199864    363.2600457768410.17939065477     364.30050513001402.89937004214379.70012979274      405.10028187589378.65967043954     412.38030248851
OBJ00607   0.199707         659.999744      51.9999488          675.00032      51.9999488       675.00032   70.999961600001       659.999744   70.999961599999
OBJ00607   0.199592         723.999744              80         734.000128              80      734.000128   99.000012800001       723.999744   99.000012800001
OBJ00607   0.197095         487.999488      318.000128         487.999488      300.000256      506.000384         300.000256      506.000384         318.000128
OBJ00607   0.196586   270.00082005275389.00116070379     272.40498946048374.56875439246298.18866675352      378.86383359335 295.7844973458     393.29623990468
OBJ00607   0.195104                 16      218.000384                 16      211.999744      33.0000384         211.999744      33.0000384         218.000384
OBJ00607   0.195031         647.99948873.000038400001          647.999488              56      673.999872                 56      673.999872   73.000038400001
OBJ00607   0.194039         344.000512      222.999552         344.000512      204.000256      364.000256         204.000256      364.000256         222.999552
OBJ00607   0.193939         211.999744      216.000512         211.999744             208      229.999616                208      229.999616         216.000512
OBJ00607   0.193123   15.865957604609141.05123200637     36.595815585306140.1089131037438.026850421739      171.5899211171917.296992441042     172.53224001981
OBJ00607   0.193112         147.999744      35.0000128         135.999488      35.0000128      135.999488                  4      147.999744                  4
OBJ00607   0.192698   397.40039140318267.20129029027     394.79914474194272.40112112897383.20021525807      266.59868687104385.80146191931     261.39885603234
OBJ00607    0.19242   46.338598329344103.29207951338     67.015443647717105.8769498587463.076632159923      137.3842152106142.399786841551     134.79934486526
OBJ00607   0.191846   509.53589652322281.65410624872     512.20780313354254.92135209937548.14838762334      258.51357027265545.47648101302     285.24632442199
OBJ00607   0.191219    204.2184016154153.37712448942     193.38317311747184.33424090149126.61246452304      160.96398008783137.44769302097     130.00686367576
OBJ00607     0.1905   123.11352959457 450.9348802879     96.675427626328452.4891260125794.773134926948      420.13065941921121.21123689519     418.57641369453
OBJ00607   0.189947               544      268.000256    565.99961599999      268.000256      565.999616          293.999616            544          293.999616
OBJ00607   0.187447 71.568334156188635.91082602611       72.124434492162627.0080926761290.490003009096      628.1552795479689.933902673122     637.05801289795
OBJ00607   0.187368 339.29615382371 227.8275207834       346.64566353222198.41442147861384.76388950681      207.93909852705377.41437979829     237.35219783183
OBJ00607   0.186031 53.999656941548511.00008446239       45.199925260083506.5997680465550.200506401892      496.5996298426359.000238083363     500.99994625846
OBJ00607   0.185542        364.000256      348.000256          376.999936     348.000256      376.999936          373.999616     364.000256          373.999616
OBJ00607   0.185412 604.59884560358351.20017396679       596.19954710226348.39945224809 600.9010585537      334.29973008565609.30035705501     337.10045180435
OBJ00607    0.18531 373.15710862362291.66525617961       369.08235339968326.30380519537330.15052526337      321.72400394551334.22528048731     287.08545492975
OBJ00607   0.185191 275.13492588506318.18928750486       272.51353375065333.91898254996250.13540502919      330.18961268965 252.7567971636     314.45991764455
OBJ00607   0.1849320.09160673345222166.75066197366       4.6244020119053138.0460010340338.053998612146      143.3249178604233.521203333693     172.02957880005
OBJ00607    0.18461 578.32242380448265.07375400791       581.78091534478256.67441571768608.23701440723      267.56791609058604.77852286693     275.96725438082
OBJ00607   0.184058        277.000192      391.999488          277.000192     380.000256      295.999488          380.000256     295.999488          391.999488
OBJ00607   0.183332        241.999872               0          241.999872     54.9999616      147.999744          54.9999616     147.999744                   0
OBJ00607   0.183316 88.103172891841239.24039168153       99.621281660353210.44733109561140.65599404717      226.86247665284129.13788527866     255.65553723876
OBJ00607   0.182916 12.035302129879289.34088292388       32.576436693001293.9056470108725.611632296301       325.24680322225.0704977331788     320.68203913521
OBJ00607   0.182725        554.999808      355.999744          554.999808     385.000448      515.999744          385.000448     515.999744          355.999744
OBJ00607   0.182512 138.41185719767435.35273309371       140.76492533206425.94126365108160.76422760414      430.94151586178158.41115946975     440.35298530441
OBJ00607   0.182338               544      295.000064                 544     268.000256      583.000064          268.000256     583.000064          295.000064
OBJ00607   0.181339 587.73163451524374.10254459535       577.09305311456398.04071457247545.82497468514      384.14458141224556.46355608583     360.20641143512
OBJ00607    0.18061        108.000256      588.000256          135.000064     588.000256      135.000064          638.999552     108.000256          638.999552
OBJ00607   0.180052 217.176602921214.0414434967948       236.7915241449912.267511261139216.64630953951       60.30343909964197.03138831573     52.077371335297
OBJ00607   0.178816 204.84198041876153.59538185974       194.00675192084184.55249827181126.70158630345      160.99517339544137.53681480138     130.03805698337
OBJ00607   0.178386        563.999744      289.999872          563.999744     275.999744      581.999616          275.999744     581.999616          289.999872
OBJ00607   0.176532 252.6835222440418.021035524495       273.0171700336620.344731410248267.32213082164      70.179532166789246.98848303202     67.855836281036
OBJ00607   0.175768        519.000064      373.999616          499.999744     373.999616      499.999744    348.00025600001      519.000064          348.000256
OBJ00607   0.175558        33.9999744      414.000128          12.0000512     414.000128      12.0000512          387.999744     33.9999744          387.999744
OBJ00607   0.174743               112      357.999616                 112            336       147.00032                 336      147.00032          357.999616
OBJ00607   0.173987 -1.8964166306196363.74804616877      9.3284372062137336.4880058719243.429205494323      350.5296630224432.204351657487      377.7897033193
OBJ00607   0.173224        248.000512      341.999616          248.000512     323.999744      268.000256          323.999744     268.000256          341.999616
OBJ00607    0.17104 17.095397207929491.28329957221       31.329186049026492.0741016078429.572206536387      523.6982935729915.338417695289     522.90749153736
OBJ00607   0.170943        734.999552      174.999552          728.000512     174.999552      728.000512          156.000256     734.999552          156.000256
OBJ00607   0.170288        659.999744      188.000256          664.000512     188.000256      664.000512          206.999552     659.999744          206.999552
OBJ00607   0.169781        259.999744      545.999872          259.999744     536.000512       275.00032          536.000512      275.00032          545.999872
OBJ00607    0.16959 296.29221551254642.63334913782       301.53641373373646.82827812655290.70749254636      660.36581580136285.46329432518     656.17088681264
OBJ00607   0.168974        734.000128      174.999552          728.000512     174.999552      728.000512          156.000256     734.000128          156.000256
OBJ00607   0.168653 311.32763037226388.26685515509       331.92125080233386.20875833553334.51366113088      412.14879856975 313.9200407008      414.2068953893
OBJ00607   0.168511        339.999744      417.999872          339.999744            400      359.000064                 400     359.000064          417.999872
OBJ00607    0.16842        268.000256      471.000064          268.000256            464      286.000128                 464     286.000128          471.000064
OBJ00607    0.16797 140.60831102062170.51157067734       122.36555674055147.70579260525152.24501772215      123.80467145142170.48777200222     146.61044952352
OBJ00607   0.167712        115.999744      337.000448           124.99968     337.000448       124.99968          350.999552     115.999744          350.999552
OBJ00607    0.16754         675.0003249.999974399999           659.999744     49.9999744      659.999744          28.0000512      675.00032          28.0000512
OBJ00607   0.167134        652.000256               8          657.000448              8      657.000448          25.9999744     652.000256          25.9999744
OBJ00607   0.167063               656      423.999488    661.99961600001      423.999488661.99961600001           442.999808            656          442.999808
OBJ00607   0.166968               688      403.999744          698.999808     403.999744      698.999808          423.999488            688          423.999488
OBJ00607   0.166673 300.2705609549 356.3786718656        281.29775992926353.21680819096285.91912091953      325.48627596108304.89192194517     328.64813963572
OBJ00607   0.166009     347.101102097196.69941593085     366.90030592629203.29990144909357.09923329002      232.69977428192337.30002946073     226.09928876368
OBJ00607   0.165186        168.999936     20.9999872         168.999936              4     190.999552                   4     190.999552          20.9999872
OBJ00607   0.162718 2.7997412191042318.60019082836     13.399971546968286.79980997438 53.90017506862     300.3000094728243.299944740756     332.10039032679
OBJ00607   0.161928 96.560329215449434.04860999857     87.414728588387426.7308181654198.634953066694     412.70805086564107.78055369376      420.0258426988
OBJ00607    0.16166        295.999488     476.000256          300.99968     476.000256      300.99968           483.00032     295.999488           483.00032
OBJ00607   0.161557 -8.901577849642461.18899729914     1.7684312181677427.4003722137279.491211208351     451.9442169299368.821202140539     485.73284201535
OBJ00607   0.161477 325.79670103248 315.3962184356     340.80301067731285.39895872592376.80111472561     303.40722685454361.79480508078     333.40448656422
OBJ00607   0.161266 503.3239366826166.41582338892       504.2311519445159.15438319839519.61515108738     161.07639845229518.70793582548     168.33783864282
OBJ00607   0.160742 198.00012811651212.99831469581     216.00196265209194.99955214563238.00046914402     217.00181328963219.99863460843      235.0005758398
OBJ00607   0.160712        453.999616      412.99968         444.000256      412.99968     444.000256          396.000256     453.999616          396.000256
OBJ00607   0.159414 362.65165345747366.75311557237     370.49609107186 346.5820324264399.35379775391     357.80465632437391.50936013952     377.97573947034
OBJ00607   0.158795 125.87735344191160.32869954875     139.02812288599125.26025307574248.83570992289     166.43841765297235.68494047881     201.50686412598
OBJ00607   0.158727        360.999936     375.000064         360.999936     369.000448     369.999872          369.000448     369.999872          375.000064
OBJ00607   0.157525        126.000128     467.999744         126.000128      483.00032     108.000256           483.00032     108.000256          467.999744
OBJ00607   0.154949        140.000256              0         149.999616              0     149.999616          35.0000128     140.000256          35.0000128
OBJ00607   0.154647        216.000512     197.999616         216.000512     179.999744     241.999872          179.999744     241.999872          197.999616
OBJ00607   0.154573 115.5997900713529.799946254681     133.2003327914838.599654397379119.00088322752     67.000371171163101.40034050739     58.200663028465
OBJ00607   0.154523        391.000064     300.000256         391.000064     318.999552     371.999744          318.999552     371.999744          300.000256
OBJ00607   0.153489 284.59962336954378.79885810582     280.20146189417387.59968736954269.40035115634     382.20189726195 273.7985126317     373.40106799823
OBJ00607   0.153378        551.999488     243.999744                560     243.999744            560           259.00032     551.999488           259.00032
OBJ00607   0.152823        204.000256     295.999488         204.000256     314.000384     184.000512          314.000384     184.000512          295.999488
OBJ00607   0.151559        204.000256     483.999744         222.999552     483.999744     222.999552          538.999808     204.000256          538.999808
OBJ00607   0.151416 -11.834093743964255.87829527757    2.4487213749866228.2659252172856.585240241659     256.26866053004 42.30242512271     283.88103059033
OBJ00607    0.15106        663.000064     138.999808                656     138.999808            656          124.000256     663.000064          124.000256
OBJ00607   0.150954        204.000256            448         204.000256     440.000512     218.999808          440.000512     218.999808                 448
OBJ00607   0.150858        12.0000512     572.000256         30.9999616     572.000256     30.9999616           627.00032     12.0000512           627.00032

OBJ00607   0.149071                 0            432         25.9999744            432      25.9999744                464               0                464
OBJ00607   0.148226               176     177.000448                176     163.999744       195.00032         163.999744       195.00032         177.000448
OBJ00607   0.147764               192     218.999808                192     204.000256      209.999872         204.000256      209.999872         218.999808
OBJ00607   0.147488        314.999808      179.00032         314.999808            176      330.000384                176      330.000384          179.00032
OBJ00607   0.146141 163.11957903573144.52774989399     182.41250407821149.35345080707176.64471938625     172.41278244147157.35179434377     167.58708152838
OBJ00607   0.145939               352      323.00032                352     300.000256      389.999616         300.000256      389.999616          323.00032
OBJ00607   0.144841                32            400         41.9999744            400      41.9999744         410.000384              32         410.000384
OBJ00607   0.144762        248.000512     341.999616         248.000512     316.000256       275.00032         316.000256       275.00032         341.999616
OBJ00607   0.144676 128.39602753745469.70340842088     117.73325871551502.512903470945.1949602462633     465.9390440329815.857729068198     433.12954898292
OBJ00607   0.143401 118.72265712733398.98252576543     133.73989680256372.70716092797177.56909007571     397.75699388851162.55185040047     424.03235872596
OBJ00607   0.142986 485.59997856663 321.8006168462      488.4459951985297.12898547046528.79361911935     301.78331930782525.94760248749     326.45495068355
OBJ00607   0.141683 243.4101326025952.353137191156      233.763118011849.940272193151237.70610545644     34.175586874584247.35312004723     36.588451872588
OBJ00607   0.141494        328.999936      179.00032         328.999936            176      334.999552                176      334.999552          179.00032
OBJ00607   0.141423        68.9999872     343.000064   68.999987199999             33683.000012800001                 336      83.0000128         343.000064
OBJ00607   0.141207 107.79258831722397.51698482649     118.75846770005370.10340923235155.65516482575     384.86269259966144.68928544292      412.2762681938
OBJ00607   0.141059        252.000256     270.999552         252.000256     263.999488       268.99968         263.999488       268.99968         270.999552
OBJ00607    0.14061 338.45355869787227.41575666837     347.35868118389196.24554811002385.79198941214     207.22569014774376.88686692613     238.39589870607
OBJ00607   0.140278 17.985088619803 203.5394242999     22.190221709793191.9775147326440.335915614616     198.5772080995636.130782524627     210.13911766682
OBJ00607   0.139209                 4     414.000128                  4            384      38.0000256                384      38.0000256         414.000128
OBJ00607   0.138549 599.42287541585187.88472395115      591.1157220718181.42349966398604.25441231142     164.53117249663612.56156565548      170.9923967838
OBJ00607   0.136902 56.729950054017183.62122539069     37.919090701708180.4861891759142.972920111123     150.1621776819161.783779463433     153.29721389669
OBJ00607   0.136378        362.999808            272         362.999808     280.000512      348.000256         280.000512      348.000256                272
OBJ00607   0.136177        309.000192     426.000384         309.000192     419.999744       323.00032   419.99974399999        323.00032         426.000384
OBJ00607   0.134457        275.999744            176         293.000192            176      293.000192          195.00032      275.999744          195.00032
OBJ00607   0.133717         675.00032     359.000064         659.999744     359.000064      659.999744         339.999744       675.00032         339.999744
OBJ00607   0.133677 280.84491104349352.95635955224     288.00855773636327.16840510471332.82787700847     339.61878262239 325.6642303156     365.40673706992
OBJ00607    0.13367        487.999488     254.999552         487.999488     243.999744      503.000064         243.999744      503.000064         254.999552
OBJ00607   0.133481 161.8262287234431.10046506709      153.64097417877462.0228275311286.822953787117     444.3358702130895.008208331746     413.41350774905
OBJ00607   0.133335        760.000512     426.999808         760.000512     419.999744778.00038399999          419.999744778.00038399999          426.999808
OBJ00607   0.132882         147.00032     22.0000256         136.999936     22.0000256      136.999936                  4       147.00032                  4
OBJ00607   0.132854        291.999744     465.000448         291.999744     435.999744      327.999488         435.999744327.99948799999          465.000448
OBJ00607   0.132832        268.000256     250.000384         268.000256     227.999744      298.000384         227.999744      298.000384         250.000384
OBJ00607   0.132197        115.999744     453.999616         115.999744     440.000512      138.000384         440.000512      138.000384         453.999616
OBJ00607   0.131946        563.999744      284.99968         563.999744            272      584.999936                272      584.999936          284.99968
OBJ00607   0.131821        305.000448     174.000128         305.000448      172.99968      309.000192          172.99968      309.000192         174.000128
OBJ00607   0.131792        538.000384            176         538.000384     183.000064             528         183.000064             528                176
OBJ00607   0.131656        275.999744     179.999744         293.000192     179.999744      293.000192         199.000064      275.999744         199.000064
OBJ00607   0.131529 675.99974399999       266.999808                672     266.999808             672         252.000256      675.999744   252.00025600001
OBJ00607   0.131481        435.999744     332.000256         462.999552     332.000256      462.999552         362.000384      435.999744         362.000384
OBJ00607   0.131012        700.000256     380.000256   702.99955200001      380.000256      702.999552   394.00038399999       700.000256   394.00038399999
OBJ00607   0.130934        344.000512            256         366.999552            256      366.999552         280.000512      344.000512         280.000512
OBJ00607   0.130768 252.5626764408245.73137884989      258.98743379192218.19683875105301.09463356219     228.02189993921294.66987621107     255.55644003805
OBJ00607   0.130683        581.999616     275.999744         581.999616     293.999616      563.999744         293.999616      563.999744         275.999744
OBJ00607   0.130419 298.88174800278353.47094114517     281.00007655788349.00014181642287.17727447547     324.29345840474305.05894592037     328.76425773348
OBJ00607   0.130211        647.999488            160          652.99968            160       652.99968         174.000128      647.999488         174.000128
OBJ00607   0.129893               576     371.999744         590.999552     371.999744      590.999552         389.999616             576         389.999616
OBJ00607   0.129485                80     364.000256   99.999948800002      364.000256      99.9999488         391.999488              80         391.999488
OBJ00607    0.12903        216.000512      547.00032         216.000512     536.000512       275.00032         536.000512       275.00032          547.00032
OBJ00607   0.128717        597.000192      275.00032         597.000192     268.000256      606.000128         268.000256      606.000128          275.00032
OBJ00607   0.128339        597.000192      275.00032         597.000192     268.000256      606.000128         268.000256      606.000128          275.00032
OBJ00607   0.127825        360.999936     348.000256          387.00032     348.000256       387.00032         376.000512      360.999936         376.000512
OBJ00607   0.127477               560            320         567.000064            320      567.000064         327.000064             560         327.000064
OBJ00607   0.126652        225.000448     394.999808         225.000448     376.000512      250.000384         376.000512      250.000384         394.999808
OBJ00607   0.126555        145.999872     28.0000512         140.000256     28.0000512      140.000256         12.0000512      145.999872         12.0000512
OBJ00607   0.126268         179.00032     536.000512          179.00032     542.999552      172.000256         542.999552      172.000256         536.000512
OBJ00607   0.126193 103.57295384396 63.66290434685     104.8254000975232.353030463474142.88514494432     33.875482614591141.63269869075     65.185356497967
OBJ00607   0.126069        316.000256     391.999488          332.99968     391.999488       332.99968   410.00038400001       316.000256         410.000384
OBJ00607   0.125268 484.29375247059371.82313411765     491.05835670589344.76471717647532.23544470589     355.05898917647525.47084047059     382.11740611765
OBJ00607   0.125192 57.38478459021171.07726451027      60.884560589605153.5773093132981.653647304394     157.7308714450678.153871304999     175.23082664204
OBJ00607   0.124852 -6.7929403788594318.08407401296    3.1149330328359282.95558062528 114.2718807883     314.30702388352 104.3640073766     349.43551727121
OBJ00607    0.12395   277.23012219658238.84451911691     275.11597424064249.42175730225254.34685517737     245.27048550095256.46100313331    234.69324731561
OBJ00607   0.123655         444.000256      391.999488         451.999744     391.999488      451.999744         410.000384     444.000256         410.000384
OBJ00607   0.122986         723.99974451.999948800002          734.999552     51.9999488      734.999552         75.0000128     723.999744         75.0000128
OBJ00607   0.122935         456.999936      332.000256         456.999936     346.999808      440.000512         346.999808     440.000512         332.000256
OBJ00607   0.122766   235.53613055718189.17022143131     234.50014592704198.49939040082219.13481280118     196.79310241233220.17079743131    187.46393344282
OBJ00607   0.122762         659.999744      408.000512         663.000064     408.000512663.00006400001    414.00012800001      659.999744   414.00012799999
OBJ00607   0.122349   449.32834898342290.87696786875      453.6090710815281.45902858968471.91726727907     289.78062609808467.63654518099    299.19856537715
OBJ00607   0.121772   390.08236871784305.00734759084     388.85420590005319.73775895105371.14418745083     318.26116840447372.37235026862    303.53075704425
OBJ00607   0.121076         357.000192      295.000064         357.000192     291.999744      371.999744         291.999744     371.999744         295.000064
OBJ00607   0.120004         261.000192      423.999488         282.999808     423.999488      282.999808                448     261.000192                448
OBJ00607   0.119889   97.000038400001       216.000512         117.999616     216.000512      117.999616         245.000192     97.0000384         245.000192
OBJ00607   0.119125         643.999744      76.0000512         654.999552     76.0000512      654.999552   94.999961600001      643.999744   94.999961599999
OBJ00607   0.118984   203.20043017642407.39885081583     205.70134530303 399.8986652263223.40059132225     405.80042746548220.89967619564      413.300613055
OBJ00607   0.118925   89.399357563727240.79853570727     98.900951092946212.29861900163138.80129525724     225.60100356089129.29970172802    254.10092026652
OBJ00607   0.118884         236.000256      35.9999488         247.000064     35.9999488      247.000064         62.9999616     236.000256         62.9999616
OBJ00607   0.118818         444.000256       412.99968         444.000256     396.000256      462.999552         396.000256     462.999552          412.99968
OBJ00607   0.118113         508.000256      380.000256         508.000256     355.999744      533.999616         355.999744     533.999616         380.000256
OBJ00607   0.118103   140.61747784492228.06194845915     130.26615575278256.81581068734 46.44886229421     226.6417841654256.800184386349    197.88792193723
OBJ00607   0.117886                 64      343.000064                 64     332.00025683.000012800001          332.000256     83.0000128         343.000064
OBJ00607   0.117862                592      327.999488                592     323.999744      602.999808         323.999744     602.999808         327.999488
OBJ00607   0.117815         718.999552      330.999808         711.999488     330.999808      711.999488         323.999744     718.999552         323.999744
OBJ00607   0.117757                688      442.999808                688     435.999744      711.000064         435.999744     711.000064         442.999808
OBJ00607   0.117449                368      216.000512                368            208      382.999552                208     382.999552         216.000512
                                                     -
OBJ00607   0.116537   199.279713222158.1526015239436     236.528011210772.8020840419223219.71369059687     59.974407331084182.46539260825    49.019721765218
OBJ00607   0.116508         563.999744      293.000192         563.999744     280.000512     581.999616          280.000512     581.999616         293.000192
OBJ00607    0.11542                672      339.999744         675.999744     339.999744     675.999744          355.999744            672         355.999744
OBJ00607   0.115183   125.25829360567378.63629631565     154.92929562618380.91742258363152.47769772404     412.80577849316122.80669570353    410.52465222518
OBJ00607   0.115173   118.07644360168397.38149258504     134.69460605226372.46062905857175.76857247611     399.85028374674159.15041002553    424.77114727321
OBJ00607   0.114798   82.615293068007343.92314900143     65.115172451959340.4230054071768.961515097239     321.1919486204486.461635713287    324.69209221471
OBJ00607    0.11433   184.31037610184274.72452428403     186.58604381782269.03477238587202.96573961413     275.58597981781200.69007189816    281.27573171597
OBJ00607   0.114193         723.99974451.999948800002          734.999552     51.9999488     734.999552    73.999974400001      723.999744   73.999974399999
OBJ00607   0.113579                240      51.9999488         247.000064     51.9999488     247.000064          62.9999616            240         62.9999616
OBJ00607   0.113396   196.39906307451182.20197230129     212.79687994676149.40074012153250.39895185684     168.19856716107 234.0011349846    200.99979934082
OBJ00607   0.112618         458.000384      332.000256         458.000384     337.999872     440.000512          337.999872     440.000512         332.000256
OBJ00607   0.112606   65.385820891347314.59920313158     87.629416737463316.1880778904685.664905475049     343.6904309313263.421309628934    342.10155617245
OBJ00607   0.112556   36.844499088626437.71364809979     34.261348659455466.115611805281.6219491662334     463.147067810114.2050995954065    434.74510410463
OBJ00607   0.111664          540.99968      295.000064          540.99968     268.000256     570.999808          268.000256     570.999808         295.000064
OBJ00607   0.111548                  4      604.000256         14.9999616     604.000256     14.9999616                 640              4                640
OBJ00607   0.110901         643.99974499.999948800002          650.999808     99.9999488     650.999808          117.000192     643.999744         117.000192
OBJ00607    0.11021                 32      392.999936         43.0000128     392.999936     43.0000128           412.99968             32          412.99968
OBJ00607    0.11007         451.999744      396.000256         462.999552     396.000256     462.999552           412.99968     451.999744          412.99968
OBJ00607   0.109902         277.999616      252.000256         277.999616      259.00032     259.999744           259.00032     259.999744         252.000256
OBJ00607   0.107788   186.51935696236222.31416257396      194.6047759205196.03344596042232.62160815777     207.72955077443224.53618919963    234.01026738797
OBJ00607   0.107369         668.000256             368          675.00032            368      675.00032    385.99987199999      668.000256         385.999872
OBJ00607   0.107229   115.76982021995220.25195392798     104.61610178228248.5068985398447.012331104483     225.7676489000258.166049542156    197.51270428816
OBJ00607   0.106797         743.000064      22.9999616         728.000512     22.9999616     728.000512                   4     743.000064                  4
OBJ00607   0.106204   537.04103440345183.71982693648     526.26097032448182.18071889946 528.4597604195     166.78017679951539.23982449847    168.31928483653
OBJ00607   0.106162         172.000256      497.000448         174.999552     497.000448     174.999552          501.999616     172.000256         501.999616
OBJ00607    0.10425   194.94939207822427.11862633311     201.37136659774400.26255303524285.72275980292      420.4331301647279.30078528341    447.28920346259
OBJ00607   0.104091   172.09961477661305.69877505625     178.40058368104286.79909381976207.20036859858     296.40066047842200.89939969415    315.30034171491
OBJ00607   0.103945   341.23503611824396.05896327205     362.41154569094401.35275184107 353.5884543245     436.64737616278 332.4119447518    431.35358759376
OBJ00607   0.103639   127.89383316444162.79577236112     135.30619441202132.47429536341197.20713534411     147.60654422413189.79477409652    177.92802122184
OBJ00607   0.102813         330.000384      172.000256         330.000384      179.00032     309.000192           179.00032     309.000192         172.000256
OBJ00607   0.102793   267.21591561696342.87757535233     256.62975287838324.35517748159281.72121253279     310.01457875868292.30737527137    328.53697662941
OBJ00607   0.102779         675.999744             112         679.000064            112     679.000064          124.000256     675.999744         124.000256
OBJ00607   0.102295         723.999744      103.999488         734.000128     103.999488     734.000128           131.00032     723.999744          131.00032
OBJ00607   0.101995         204.000256      483.999744          211.00032     483.999744      211.00032          503.000064     204.000256         503.000064
OBJ00607   0.101874         440.999936      403.999744         440.999936     410.999808            432          410.999808            432         403.999744
OBJ00607    0.10137   310.08263665709280.34651868865     331.07563935071288.08072329192318.86857098422     321.21444967288 297.8755682906    313.48024506961
