395.9743301825968,516.2648547134017,386.6412944103098,428.62608378862893,412.42975895215335,425.87975748188535,421.76279472444037,513.5185284066581,container,0
416.87905856981786,448.06241535669784,415.68873644764585,436.8850910286931,440.2042904113557,434.2743225331247,441.3946125335277,445.4516468611294,container,0
419.3520452147122,474.5390948493498,418.16172309254017,463.3617705213451,442.67727705625003,460.75100202577664,443.86759917842204,471.92832635378136,container,0
422.9121418122883,513.0072072054128,420.9044965276143,494.1550813275504,446.4621279626568,491.43333744728847,448.4697732473308,510.2854633251509,container,0
398.8427068723414,534.983510476951,397.44041084587167,521.8157156424536,421.9774586212068,519.2026581769388,423.3797546476765,532.3704530114362,container,0
439.4423269493133,530.4127623855777,448.21813019892045,529.4678933316516,449.5261738002376,541.6168077652105,440.75037055063046,542.5616768191367,container,0
425.8032294583487,545.4844112871369,439.11157294586405,544.0515348241264,441.5576257221787,566.7701092275274,428.2492822346634,568.202985690538,container,0
442.78938912468186,556.3555722531331,458.6283981148013,554.650225287852,459.80747084963866,565.6012774944126,443.9684618595192,567.3066244596937,container,0
446.81052520729384,545.8560599216692,451.43820407448095,545.3578091714248,452.106636009039,551.5661055687519,447.4789571418519,552.0643563189963,container,0
421.36748936647086,579.2231117586064,420.42902740783705,570.0977668463042,426.69032015596133,569.4538476177759,427.62878211459514,578.579192530078,container,0
442.95520434670783,574.8766268672377,442.38974447121893,569.3782512000821,464.59666595447,567.0944634385583,465.1621258299589,572.5928391057139,container,0
472.91470202566194,399.31777928167514,472.34924215017304,393.81940361451956,494.5561636334241,391.53561585299565,495.121623508913,397.03399152015123,container,0
412.47555749066527,577.0069502303231,412.08492364725026,572.3689473510325,418.30707029844933,571.8448896641555,418.69770414186434,576.4828925434462,container,0
474.5807865274637,416.59378562397916,473.3732910513821,404.852433086547,496.3310558472149,402.4914276535242,497.5385513232965,414.23278019095636,container,0
485.63392927813106,542.271595229342,474.01404541160906,429.2830535549747,499.15853411996295,426.697162681932,510.77841798648495,539.6857043562993,container,0
465.8702585215248,405.70874434500826,471.3707688455195,405.16444109902784,473.5691088968858,427.3799840660931,468.0685985728911,427.9242873120735,container,0
502.026043804946,434.1654889871271,496.94592257688475,384.76779313395514,520.2878648034339,382.36727841031836,525.3679860314951,431.76497426349033,container,0
509.7885668681161,509.5244368669807,502.7211061292283,440.8024004507258,526.8922672603691,438.31660781104114,533.9597279992569,507.038644227296,container,0
511.2115365332769,529.913990586491,509.89934230439417,517.1545762912983,534.070503435535,514.6687836516136,535.3826976644177,527.4281979468062,container,0
513.2240079907057,541.873066008409,512.5423447211081,536.3878846044043,534.6959770179593,533.634772845163,535.3776402875569,539.1199542491676,container,0
490.23075311031806,551.5364719226006,495.0992928596496,551.0782362530455,496.49092149521033,565.8636398754068,491.6223817458788,566.3218755449619,container,0
510.1444077212155,550.0538629449441,515.012947470547,549.5956272753889,516.032816858876,560.4312627051374,511.1642771095444,560.8894983746926,container,0
516.2989360329482,548.4443209305266,521.1674757822797,547.9860852609715,522.6415824549874,563.6477794669252,517.7730427056559,564.1060151364802,container,0
552.5149690976814,413.4209200353663,551.9495092221925,407.9225443682107,574.1564307054437,405.6387566066868,574.7218905809325,411.1371322738424,container,0
562.1901034395607,445.6499042232984,561.6749976376689,440.6411576616009,575.282480072487,439.2417470376102,575.7975858743789,444.2504935993077,container,0
566.6196054830494,463.109571237978,566.2253158863881,459.2756080903341,577.8323710670876,458.0819239234852,578.2266606637489,461.9158870711291,container,0
568.0045673655842,477.30771877938867,566.8805211206453,466.3778035195549,574.6761931181769,465.57608679739485,575.8002393631158,476.5060020572286,container,0
569.1501043443909,483.3029617100308,568.7690286519033,479.59748691731215,579.4127468153604,478.5028735420568,579.793822507848,482.20834833477545,container,0
569.2197857394373,502.96531546267863,567.9792773608912,490.90295457879876,580.5277631408134,489.61245250396337,581.7682715193595,501.67481338784324,container,0
568.8369342782071,515.5222894938153,568.3321701219357,510.6141022380961,581.8029396517484,509.22875134136336,582.3077038080197,514.1369385970826,container,0
577.4878210322735,532.9643662573247,577.1324191474741,529.5085364802737,587.7269753920099,528.41897897865,588.0823772768092,531.874808755701,container,0
579.8333872538791,547.2361709767388,579.3683323486292,542.7141055115163,589.0946697673409,541.7138367269367,589.5597246725907,546.2359021921592,container,0
570.0412214565836,528.9370608771876,574.5656495211335,528.4955828761889,575.1485641677227,534.4695054279339,570.6241361031728,534.9109834289326,container,0
593.4744618982221,557.075074698533,592.8576718576144,551.0775786815259,604.3530433161278,549.8953802092647,604.9698333567355,555.8928762262717,container,0
600.683395821145,453.55313140178873,600.2052544451781,448.903816709382,606.6797194898061,448.23797457351964,607.157860865773,452.88728926592637,container,0
620.5276409072625,382.87119425598536,625.4503714466896,382.33431508378317,644.2906504459362,555.0838304365487,639.3679199065091,555.6207096087509,container,0
634.8784197206718,431.50966640451014,632.4875861334101,405.5142360683237,658.9092010091266,403.0842057338529,661.3000345963883,429.0796360700393,container,0
640.6494922762346,487.2849225856652,638.335541901307,462.1254400966649,661.7266839114349,459.9741262988558,664.0406342863624,485.13360878785613,container,0
694.7564712225901,423.21350795349633,691.8518119383388,391.6312730056443,716.4591409002637,389.36810490978587,719.3638001845151,420.9503398576379,container,0
644.5371050986445,506.25466319428995,643.9107144542896,500.1638135578287,667.1719948689389,497.7715941964725,667.7983855132937,503.86244383293376,container,0
648.5841776877693,566.9724368448778,648.0302401587069,561.586101292267,655.6498101239016,560.8024951248065,656.203747652964,566.1888306774173,container,0
657.1292042810269,565.6344936343191,656.1257447288551,555.8771300727294,674.6183679334288,553.9753254220968,675.6218274856005,563.7326889836866,container,0
706.3345365243244,523.1521962405689,705.7646132571634,517.6104197854416,728.7133821391985,515.2503395035187,729.2833054063595,520.7921159586459,container,0
710.5694871000175,515.0522927637652,710.0987288385178,510.4747694374568,722.4008301101352,509.2096058556278,722.8715883716349,513.787129181936,container,0
704.048067344387,503.6587176960122,703.5444389282695,498.7615740638933,725.5867918722257,496.49471073812504,726.0904202883432,501.39185437024395,container,0
702.6518570539819,491.30594800264134,702.1482286378643,486.4088043705225,724.1905815818205,484.1419410447543,724.6942099979381,489.03908467687313,container,0
707.3498061662738,478.31637913798573,706.7527632412994,472.51089861987094,718.7615082228749,471.2759041682146,719.3585511478493,477.0813846863294,container,0
702.1621197187715,471.4805456348974,701.6708506568683,466.7035809498985,723.1264177111605,464.49706342372525,723.6176867730636,469.27402810872417,container,0
700.214254567873,452.86363035358033,699.7229855059699,448.0866656685814,721.178552560262,445.8801481424082,721.6698216221652,450.6571128274071,container,0
705.2808459616466,445.30808281324386,704.7895768997436,440.53111812824494,716.8819648005427,439.28752173347794,717.3732338624458,444.06448641847686,container,0
720.8229162059881,409.03868742593744,720.1080663203463,402.08768455684185,742.623877669098,399.77213017268997,743.3387275547398,406.72313304178556,container,0
675.4251381407985,368.4188606545961,681.1849923915806,367.95628262408314,683.0086551775319,390.6638717372248,677.2488009267497,391.1264497677377,container,0
740.2122341418257,363.41261543763744,745.9720883926078,362.9500374071245,747.795751178559,385.65762652026615,742.0358969277769,386.1202045507791,container,0
759.1355758123033,361.913633162941,764.8954300630854,361.45105513242805,766.7190928490367,384.1586442455697,760.9592385982545,384.6212222760826,container,0
769.9653137773897,359.87507197405034,775.7251680281719,359.4124939435374,777.5488308141231,382.12008305667905,771.788976563341,382.582661087192,container,0
573.546827353178,360.4231841553428,562.9017500071532,352.01639036376895,582.846351494636,326.7615987352774,593.4914288406608,335.1683925268513,container,0
626.6782483303059,362.6323995415734,606.4280743198534,346.6401214570054,632.6268225057388,313.466035387795,652.8769965161913,329.458313472363,container,0
670.4750457890341,354.73576626303753,657.4083149831558,344.592397981956,681.8796811728414,313.06827842010574,694.9464119787197,323.21164670118725,container,0
700.3129775129671,350.6382300008387,685.5015890156775,339.14052866190883,708.2104163757754,309.886919228739,723.021804873065,321.38462056766883,container,0
731.4743130096009,345.6374947544641,717.5370795027025,333.0944533580938,742.3105323211634,305.5673659642074,756.2477658280618,318.1104073605777,container,0
757.0006552622094,334.9897698331278,752.0525361148835,330.53662902377266,769.0059486582206,311.69879999263793,773.9540678055465,316.1519408019931,container,0
782.6558315198663,330.9267687849258,778.1520935489609,326.87355608819445,793.4128764085044,309.9164969914207,797.9166143794098,313.969709688152,container,0
794.3229957587271,334.55701689822337,789.8192577878217,330.503804201492,805.0800406473652,313.54674510471824,809.5837786182706,317.5999578014496,container,0
810.9507821458614,330.3987199459378,806.938167478892,326.7875017044863,822.1429406898202,309.89267787639443,826.1555553567896,313.5038961178459,container,0
446.1886316618291,622.2334323488939,443.79800397179906,598.9876289066511,454.06728161846166,597.9315234655243,456.4579093084917,621.177326907767,container,0
457.9892387516461,620.8020605525704,456.1159341726138,602.5865641734206,477.39573057660425,600.3981231222011,479.2690351556366,618.613619501351,container,0
481.2084444842589,613.8156060084209,479.33513990522664,595.600109629271,485.7958286569222,594.9356842647167,487.66913323595446,613.1511806438666,container,0
496.17986068925444,600.8647519937338,500.8179545633113,600.4650662721505,502.33029528877677,618.0148006646673,497.69220141471993,618.4144863862506,container,0
468.0866203203763,640.8138781346984,490.43138549859515,638.0044489288454,492.78346916223524,656.7117212224732,470.4387039840164,659.5211504283262,container,0
490.871216027965,631.5774385655992,495.5369560104606,630.9908105089072,496.9951958160221,642.5889052254137,492.3294558335265,643.1755332821057,container,0
493.0525073340127,648.4311035388655,497.7182473165083,647.8444754821735,499.17648712206983,659.44257019868,494.5107471395742,660.029198255372,container,0
463.57948644515255,647.8889835436511,468.24522642764816,647.3023554869591,469.70346623320967,658.9004502034655,465.03772625071406,659.4870782601575,container,0
463.898947736222,631.2098399533975,489.3192725617077,628.0137176215054,490.04766316780933,633.8069645264115,464.62733834232364,637.0030868583036,container,0
431.69635328756056,673.6832379072131,498.9140983728505,665.3088337563897,500.3493365486487,676.8288741198575,433.13159146335875,685.2032782706808,container,0
436.47387580034194,685.9660433690644,495.0059734246551,678.6737511227315,496.33599754902605,689.3492834876772,437.8038999247129,696.6415757340102,container,0
493.9888276548642,698.7340987493175,502.07757120260396,697.7263528415191,505.22975487306184,723.027577216034,497.1410113253221,724.0353231238324,container,0
504.5667179763008,712.2489044012859,509.87912108696474,711.7418733177204,512.3016032918762,737.12335863101,506.9892001812122,737.6303897145755,container,0
440.1766570159978,744.560367189639,439.61791271863206,740.0231361876083,502.7293052960818,732.2511865809693,503.28804959344757,736.788417583,container,0
438.44722664225884,738.2514603939228,438.07884535861376,735.2600545064673,452.9538885505976,733.4282444106466,453.32226983424266,736.419650298102,container,0
475.8212448260243,733.7614884681392,475.45286354237925,730.7700825806837,490.32790673436307,728.938272484863,490.69628801800815,731.9296783723184,container,0
430.7617426792167,709.2639750224454,429.5560784746753,699.473491195274,436.1766329202171,698.6581928249265,437.3822971247585,708.4486766520978,container,0
449.1902526620222,705.9962813520078,448.22330958417496,698.1443101897225,454.84386402971677,697.329011819375,455.810807107564,705.1809829816602,container,0
460.5435376566452,702.1532382200872,459.8510494643065,696.5299523814091,492.19999931916766,692.546291146377,492.8924875115063,698.1695769850552,container,0
484.48709758196867,617.6016920680235,489.3788864984768,617.1243682690026,490.1680867856603,625.2123815330987,485.2762978691522,625.6897053321195,container,0
532.1157473273296,648.0683840977928,529.1272979305998,617.7030760285172,578.606328783179,612.833519639864,581.5947781799089,643.1988277091396,container,0
534.7130286270752,674.5107812449776,532.7180725268526,654.2402501012249,582.2761224062455,649.3629169311712,584.2710785064681,669.6334480749239,container,0
588.4925922790496,635.0819690313608,587.3633429062716,623.6077894354264,609.0744822469353,621.4710536210919,610.2037316197134,632.9452332170263,container,0
584.0959763175317,617.2679625649703,583.6601420941242,612.8394986012224,604.6257099442739,610.7761393739445,605.0615441676814,615.2046033376923,container,0
612.7157275606302,620.7533784967558,617.1748440207713,620.2452323293758,619.9469751012776,644.5714127165855,615.4878586411365,645.0795588839655,container,0
557.8211992795398,824.9195729398765,563.8094774030055,824.2371685656368,566.6019043407466,848.7414504458367,560.6136262172809,849.4238548200764,container,0
566.589311519639,853.0920311141242,572.5775896431047,852.4096267398844,575.2022043598598,875.4413121806197,569.2139262363941,876.1237165548595,container,0
578.0792266738713,823.9578503442295,584.067504797337,823.2754459699897,586.6921195140922,846.307131410725,580.7038413906264,846.9895357849648,container,0
534.4799626921953,910.1179052831083,540.468240815661,909.4355009088684,543.0928555324161,932.4671863496037,537.1045774089504,933.1495907238435,container,0
560.7483247263069,907.5879745630119,566.7366028497727,906.9055701887721,569.3612175665278,929.9372556295074,563.372939443062,930.6196600037472,container,0
597.2829501749833,903.6321598291055,603.271228298449,902.9497554548657,605.8958430152042,925.9814408956009,599.9075648917384,926.6638452698407,container,0
690.6952600855074,841.0793768418283,690.1791519105769,835.6592791689887,711.9637175953739,833.5849268019509,712.4798257703043,839.0050244747905,container,0
696.0467574228907,859.0930095143533,695.5715710784068,854.1026673244634,708.8816983607529,852.8352611051612,709.3568847052368,857.8256032950511,container,0
694.816008273905,871.9017867212124,694.3618186803378,867.1319495461788,715.7168747087187,865.0984956016914,716.1710643022859,869.868332776725,container,0
701.126424065094,885.9415814326687,699.9740916492879,873.8399435423335,710.7764066621661,872.8113342030117,711.9287390779723,884.912972093347,container,0
688.102807708676,803.0577580504313,687.5866995337456,797.6376603775917,709.3712652185425,795.5633080105539,709.8873733934729,800.9834056833935,container,0
688.6472691529615,788.9909906910405,688.1311609780311,783.5708930182009,709.915726662828,781.4965406511631,710.4318348377584,786.9166383240026,container,0
739.4637478876749,768.1047498930491,727.567508621679,769.3440987118415,725.0094679805346,744.7900239769776,736.9057072465305,743.5506751581852,container,0
758.3812307752979,771.148295771729,742.6014561100453,772.7922308553224,740.1790554486616,749.5401347311627,755.9588301139142,747.8961996475692,container,0
774.2664567388462,766.0330674396041,768.8603777723987,766.6797022978394,766.2614099320411,744.95148088,771.6674888984886,744.3048460217647,container,0
817.5870157438179,757.9550129382148,812.1809367773704,758.6016477964502,809.5819689370129,736.8734263786107,814.9880479034604,736.2267915203754,container,0
935.3450685191964,687.8714178260639,922.3548660179882,688.9077646225884,920.1966743489155,661.8556746159488,933.1868768501237,660.8193278194243,container,0
932.9142251847774,654.3678381361483,932.2773221035199,649.2035256935386,954.3787454757638,646.4778066743299,955.0156485570213,651.6421191169396,container,0
767.7080558045753,599.4166866555488,787.5832315113809,597.5453262142456,789.920176054333,622.3653354348573,770.0450003475274,624.2366958761605,container,0
768.8892425518251,580.3572070893526,785.2497061650587,578.8167767123421,786.7905351315641,595.18147362883,770.4300715183305,596.7219040058405,container,0
777.7006092301932,572.7662185716121,784.3647637656643,572.304525525123,784.6878204927037,576.9675802734804,778.0236659572327,577.4292733199694,container,0
788.2507814394371,581.5938794361524,793.2287610549492,581.0161663996365,797.8970368191724,621.2412957026569,792.9190572036603,621.8190087391728,container,0
733.8400282732307,582.1718109832033,741.0362269236446,581.336665383019,745.3641051899283,618.6286917459826,738.1679065395144,619.4638373461669,container,0
725.5136239293362,582.3453466586403,725.0120413971251,578.5286446169318,735.0663391979489,577.2073310599834,735.5679217301599,581.0240331016919,container,0
731.5365443844845,615.0607397775739,727.9071365125059,587.4434135239899,733.9595727823254,586.6480157493961,737.588980654304,614.2653420029801,container,0
720.5253684924791,589.5650930611832,725.8186001971687,588.902202772849,729.991308005419,622.221606682871,724.6980763007293,622.8844969712052,container,0
714.9736781934434,597.730462300852,719.8771750607476,597.1163798964612,723.1788100683909,623.480198174278,718.2753132010868,624.0942805786688,container,0
745.8399977347425,610.8340979537253,749.9519072541418,610.3778815289247,750.8193197410652,618.1959289913431,746.7074102216659,618.6521454161436,container,0
883.50420129307,636.1944797770786,882.0264088224234,623.0911102997617,906.720769151122,620.3060907805948,908.1985616217686,633.4094602579117,container,0
881.5985698381597,614.7494213349632,878.8791607880825,590.6368194298183,903.5735211167811,587.8517999106514,906.2929301668584,611.9644018157964,container,0
878.2457267582581,577.3037901869808,873.3624980671118,534.0049163239066,898.0568583958104,531.2198968047397,902.9400870869567,574.5187706678139,container,0
890.9983762015701,619.7552201058965,890.6148619298879,615.5671500460566,902.3825324394419,614.4895487833309,902.7660467111241,618.6776188431708,container,0
889.1920788068632,659.216075183577,888.6711255408585,653.527137542847,906.154010412196,651.9261767751109,906.6749636782007,657.6151144158409,container,0
869.199647515878,507.8057145436635,868.7518367917593,502.9155114283238,893.6174757388096,500.6384894887592,894.0652864629284,505.5286926040989,container,0
868.1145167779802,494.2778530494519,867.6667060538614,489.3876499341122,892.5323450009117,487.1106279945476,892.9801557250305,492.0008311098873,container,0
867.5007325301601,483.20724983792786,865.7934767468465,464.56359728433824,889.4630611930411,462.39610168130434,891.1703169763547,481.03975423489396,container,0
863.2122280629424,450.44256133235734,862.1489526286722,438.8313323887812,886.4307639933152,436.6077733108345,887.4940394275853,448.2190022544106,container,0
