671.0925812981271,543.796356685871,666.4350224527296,542.376052366084,670.1353706477779,530.2416180573292,674.7929294931754,531.6619223771163,container,0
79.524685237316,139.89818275917114,82.99533764132977,142.8415977181369,75.65797919862563,151.4932561058587,72.18732679461186,148.54984114689293,container,0
56.439940544488934,126.5777261169499,59.311116139483424,123.04707880620673,68.11233010857825,130.20435862781275,65.24115451358375,133.73500593855593,container,0
419.76481136712806,850.6648813512688,423.7594834410435,847.1968665930497,431.94218213350354,856.6222007495915,427.94751005958807,860.0902155078106,container,0
410.1037950678129,840.0246968372918,414.0984671417283,836.5566820790726,420.42031411904946,843.8385731137115,416.42564204513405,847.3065878719307,container,0
571.645969720513,721.396762822147,566.6878822069008,719.5523389151484,571.0397567357998,707.8538488442556,575.997844249412,709.6982727512542,container,0
637.2102777137517,431.5043972409348,638.4642371414452,426.5971201838554,652.2446807941759,430.1184451539246,650.9907213664824,435.025722211004,container,0
639.5484286822191,423.506778801726,640.8023881099126,418.5995017446466,654.5828317626433,422.1208267147158,653.3288723349498,427.0281037717952,container,0
959.7279811513187,544.4271698047794,954.6655833684578,544.2662007104653,954.9974251169593,533.8299431230455,960.0598228998202,533.9909122173596,container,0
960.9973464829759,530.9767986850237,955.934948700115,530.8158295907097,956.2667904486166,520.3795720032898,961.3291882314775,520.5405410976039,container,0
