243.13357883571524,940.4275594901289,245.37809514815407,935.8812268271997,255.63980926501557,940.9474167513747,253.39529295257674,945.4937494143039,container,0
255.19937850146516,946.0379126593367,257.44389481390397,941.4915799964075,267.7056089307655,946.5577699205825,265.4610926183267,951.1041025835117,container,0
269.07388127040514,945.509374210869,265.1014424844955,943.4256991875915,269.99075792219304,934.1044249657098,273.96319670810266,936.1880999889873,container,0
258.24488764659753,856.136069376189,260.3513367004047,851.5202539498754,270.01619873160183,855.9308591410477,267.90974967779465,860.5466745673613,container,0
291.0381162067768,820.0258672504489,288.85181511695646,823.6961414700451,277.76235421638313,817.0903951410661,279.9486553062035,813.4201209214699,container,0
290.14160159598595,825.7698825122114,287.9183244081388,829.5022307160182,276.7593869570473,822.8550987441616,278.98266414489444,819.1227505403549,container,0
353.1191733083747,756.1676141775749,353.82753380872765,752.1334440030139,364.48466990242923,754.0047320074882,363.77630940207627,758.0389021820492,container,0
352.83216166652664,750.5157606170694,353.5405221668796,746.4815904425084,364.1976582605812,748.3528784469827,363.4892977602282,752.3870486215437,container,0
357.3070066893674,691.018526650064,353.49665306624775,689.0781545605855,358.55905815115227,679.1369924187662,362.36941177427195,681.0773645082447,container,0
381.3361650928932,634.6099825472512,384.1136254057272,629.2507726274283,394.6078933647766,634.6895244592409,391.83043305194263,640.0487343790638,container,0
437.83574911163686,517.3743026719724,442.4659251070123,519.0878677150356,433.3229834467724,543.7927536916332,428.69280745139696,542.0791886485699,container,0
448.1412947197868,493.82348494293774,452.04578218244336,495.3398131765237,448.1957855085828,505.253408011336,444.2912980459262,503.73707977775,container,0
507.01661380321804,333.3749865309172,511.9914666497032,335.34196503492126,507.41646428870223,346.91299312291085,502.44161144221704,344.9460146189068,container,0
275.92521467067456,823.8822780655023,279.615230524783,825.9728600891333,275.54482898181755,833.1573886349411,271.8548131277091,831.0668066113101,container,0
246.0094123093192,885.0691416310364,255.78671051267133,890.5581347027734,248.20384218960606,904.0651593724002,238.42654398625393,898.5761663006632,container,0
221.53612595685178,925.057134400927,223.90228568425695,926.3054210531293,218.56235955748343,936.4273895338454,216.19619983007826,935.1791028816431,container,0
481.04651077823445,422.1596084612098,485.3722942209293,425.686317363563,474.3320912870208,439.22798705556,470.00630784432593,435.70127815320683,container,0
650.5547789689283,53.0697974033365,654.6456799013218,54.38711106298093,651.4815168380615,64.21337949265107,647.3906159056679,62.89606583300665,container,0
665.75387963982,65.75686895927214,663.9132444478694,70.84091407418329,653.09255193201,66.9233745961105,654.9331871239606,61.83932948119936,container,0
681.9840988782554,32.43792780693271,680.5178360413022,36.487913619432504,669.6971435254428,32.570374141359714,671.163406362396,28.520388328859923,container,0
682.9498361549478,27.409045052031832,681.4835733179946,31.459030864531627,671.3164675515721,27.778116897211707,672.7827303885254,23.72813108471191,container,0
963.0952946609917,35.943066765573434,967.1183868599666,34.79082012976534,970.7754806582562,47.55963634809186,966.7523884592814,48.71188298389995,container,0
979.5736275526929,206.59877623642217,984.266026274151,205.76548427229528,986.11873398536,216.1983741471201,981.4263352639018,217.03166611124698,container,0
982.9028491252352,220.25767343078033,987.5952478466934,219.42438146665344,989.4479555579023,229.85727134147825,984.7555568364442,230.69056330560514,container,0
996.9294714165707,280.03470961004786,1001.6218701380288,279.2014176459209,1003.4745778492378,289.6343075207457,998.7821791277796,290.46759948487266,container,0
999.0392889798939,295.2530057056992,1003.7344405187945,294.25816599853283,1007.3600748324582,311.3693673354558,1002.6649232935575,312.3642070426222,container,0
1004.0359083838567,316.73307166434853,1008.7772145568131,315.7284524085887,1012.2752544844585,332.2374713300397,1007.5339483115022,333.24209058579953,container,0
1008.7995257055203,338.3893048113067,1013.5408318784766,337.38468555554687,1017.0388718061221,353.89370447699787,1012.2975656331657,354.8983237327577,container,0
981.9471505178246,343.13985289177316,980.8706642540045,338.238959217375,991.4524846334625,335.9146516437982,992.5289708972826,340.81554531819637,container,0
983.3250696172131,349.82608214840616,982.3233169903689,345.26542654394854,992.9051373698269,342.9411189703718,993.9068899966711,347.5017745748294,container,0
986.1692075444028,355.66393764547166,985.1674549175585,351.10328204101404,995.7492752970165,348.7789744674373,996.7510279238608,353.33963007189493,container,0
986.492771213013,361.0867796234298,985.6343926850163,357.1788599039812,996.3728803664093,354.82014019871434,997.231258894406,358.7280599181629,container,0
988.4241302514248,367.41839144855334,987.4608208941323,363.0327556124864,997.9907629930152,360.7198431558292,998.9540723503077,365.1054789918961,container,0
990.2994689059495,378.0053827622763,989.3361595486571,373.6197469262094,999.86610164754,371.3068344695522,1000.8294110048324,375.6924703056191,container,0
306.5765079471873,866.2923000580586,309.9089746936871,868.0455299659518,306.56183768327395,874.4076292736147,303.2293709367741,872.6543993657215,container,0
312.4361314222681,866.0320559769225,315.82032722798584,867.8125008401706,312.639199360557,873.8590568490799,309.2550035548392,872.0786119858318,container,0
321.04313570172206,833.6207073734714,324.2785344477506,835.3228692484413,320.346245813949,842.7972005102953,317.1108470679205,841.0950386353254,container,0
995.0239432254403,194.67396472804631,999.8225506838824,193.7357487173018,1001.7483732983357,203.58557717420308,996.9497658398936,204.5237931849476,container,0
