144.37880292450188,24.91045631558228,141.81653393840898,5.867069339997872,173.59017262967643,1.5919575073004815,176.15244161576933,20.63534448288489,container,0
145.22857724670823,108.60471579398497,145.43988338090676,101.83340136639916,174.21363911768802,102.73131729633182,174.00233298348948,109.50263172391763,container,0
146.49312694759803,121.46399887087105,146.70443308179657,114.69268444328524,175.47818881857782,115.59060037321791,175.26688268437928,122.36191480080372,container,0
215.87350768587473,257.1446386522963,220.25467489553705,262.0753357615039,197.2643728782467,282.50335133566955,192.88320566858437,277.57265422646196,container,0
215.3589242278017,273.4296131130758,219.74009143746403,278.3603102222834,196.74978942017367,298.78832579644904,192.36862221051135,293.85762868724146,container,0
210.8129759043325,293.6967768942315,217.95632122042252,293.8599043283977,217.2468935127654,324.925721788839,210.10354819667538,324.7625943546728,container,0
351.35405874464584,320.76589332666055,363.830026376507,320.7658933266606,363.830026376507,339.4815021791516,351.35405874464584,339.48150217915156,container,0
168.8220668450169,498.47924271445567,174.63687223804666,498.47924271445567,174.63687223804666,529.475087707248,168.8220668450169,529.475087707248,container,0
182.20500394924554,530.009040815569,179.06964521743433,507.2638338636151,209.77703825579104,503.0309116001534,212.91239698760225,525.7761185521073,container,0
183.49342856011467,544.3022482342503,182.01690799317544,533.5909489104728,212.16411415490663,529.4352467320507,213.64063472184586,540.1465460558283,container,0
182.64832078591067,575.2294922893341,180.21021279502398,564.4022293953824,210.01433472859603,557.6908685870847,212.45244271948272,568.5181314810363,container,0
181.63256895542213,598.2972514401575,177.11349438209032,580.0235222767549,208.45752620670362,572.2721751938622,212.97660078003543,590.5459043572648,container,0
181.63315500506104,560.1469601982252,180.40862716765025,554.3563892808041,209.49396970712985,548.2057329624314,210.71849754454064,553.9963038798525,container,0
176.85493442536196,605.77778267121,175.79061989631552,600.7448315445812,192.88323190414027,597.130269264604,193.94754643318672,602.1632203912328,container,0
184.9187191526368,612.3381133409807,183.2277256284264,607.1560065314209,212.76707429008223,597.5169062326574,214.45806781429263,602.6990130422173,container,0
260.2779153540426,504.7335844255369,258.5479720475092,492.18385028410404,290.0490168000861,487.8415255061937,291.77896010661954,500.39125964762655,container,0
265.2787995613232,542.093094395076,259.4488787756742,509.642254744611,290.7467367719103,504.01947164118735,296.5766575575593,536.4703112916524,container,0
267.31995164353145,571.8201836788969,263.8505693956181,561.1620801222726,294.08784120542884,551.3193671588497,297.5572234533422,561.9774707154739,container,0
274.0775185587533,599.6365048853686,271.9919931964325,588.0279339273814,303.28985119266855,582.4051508239577,305.3753765549894,594.0137217819449,container,0
274.5829333701613,622.3198400169127,273.7376378986908,601.4884779359043,305.51041510181983,600.1992014795015,306.3557105732903,621.03056356051,container,0
310.71073351532834,591.1004930771603,309.4787141631921,586.2006378182832,340.05889887594105,578.5115577603055,341.2909182280773,583.4114130191826,container,0
305.46027991841794,528.8564180920723,300.6538721363487,511.79078568560044,331.2620034019928,503.17023434558695,336.06841118406203,520.2358667520589,container,0
299.09609097277905,458.6616972522462,299.05939246952863,453.04685746886094,329.460932853073,452.8481534859111,329.49763135632344,458.46299326929636,container,0
301.1187967795595,472.13243685356366,299.6057578922069,465.1163504492744,329.8214688067927,458.6002468854952,331.3345076941453,465.61633328978445,container,0
300.6746249931448,498.0311713924174,300.0440110687696,491.56131672050634,330.808554776096,488.56271000942843,331.4391687004712,495.03256468133947,container,0
306.8537485509362,575.8209643789945,297.6684628550878,531.8726197095982,329.60379640360543,525.1980756592596,338.7890820994538,569.146420328656,container,0
379.8580018985763,471.4867448995933,379.12546124354685,452.5927439806165,408.62696950676514,451.4489389030065,409.35951016179456,470.3429398219833,container,0
377.2651266267044,498.78052250747425,379.4987973082727,476.40188466254915,409.8406134308915,479.43038110492756,407.6069427493232,501.80901894985266,container,0
380.79534214176476,517.520819971212,380.6237767348202,505.08583067889833,410.1257347142737,504.678792497568,410.29730012121826,517.1137817898816,container,0
380.7081224467942,534.3254841322192,379.2990304514217,523.0178551233462,410.45760006498773,519.1350525486172,411.86669206036026,530.4426815574902,container,0
383.26951269672236,576.5800211141018,380.85442790960707,563.9304105337679,411.35437936778374,558.1073088416958,413.769464154899,570.7569194220297,container,0
382.5675966392582,547.3526251687379,381.813545781123,541.6828301448588,413.0535299875298,537.5280879011339,413.80758084566503,543.1978829250129,container,0
381.8201468653665,556.0448559256556,380.70543583315464,550.4348124655635,411.61619510265496,544.2928699624672,412.7309061348668,549.9029134225593,container,0
380.6075313470812,607.3163722703154,380.0902851854583,601.6200906131512,411.4762080019951,598.7701177566599,411.99345416361797,604.4663994138241,container,0
312.96466339261224,620.1515087557053,313.3286216945338,602.7623431655835,345.841028767221,603.4428335783197,345.47707046529945,620.8319991684415,container,0
271.85579120671656,582.5130028057273,271.2029743884368,577.5029844980008,302.47069091679026,573.428729681919,303.12350773507,578.4387479896454,container,0
313.3678628478612,602.8561277524159,311.9115301580671,597.064157539944,341.7936424380512,589.5506007782517,343.24997512784535,595.3425709907236,container,0
375.4555259115863,69.65767108816618,382.1129830606374,69.5602425408374,382.49213006842433,95.467997780314,375.8346729193732,95.56542632764278,container,0
420.2392567457714,70.8555267496673,426.89671389482254,70.75809820233852,427.27586090260945,96.66585344181512,420.6184037535583,96.7632819891439,container,0
432.74725061850495,71.82118286468322,439.4047077675561,71.72375431735443,439.783854775343,97.63150955683103,433.12639762629186,97.72893810415982,container,0
451.5246322463407,70.69704306133174,458.1820893953918,70.59961451400295,458.5612364031787,96.50736975347955,451.9037792541276,96.60479830080834,container,0
666.0486559842354,111.1993948870054,676.3236430195249,111.67627140147289,674.8426877861382,143.58557152685972,664.5677007508488,143.10869501239222,container,0
706.7613788809778,121.3821578781333,715.9264773957153,121.8075229145512,714.5018434938557,152.5032993420958,705.3367449791182,152.0779343056779,container,0
728.8608157932681,119.84364359660637,741.0759755996613,120.4105662420686,739.6034969945129,152.13722527986104,727.3883371881196,151.57030263439881,container,0
717.2681672297173,124.49539216771122,721.48122088318,124.49539216771122,721.4812208831798,146.46002768821052,717.2681672297172,146.46002768821052,container,0
697.7414271759769,111.8473900874477,703.5077442428054,111.8473900874477,703.5077442428053,143.57539563481706,697.7414271759768,143.57539563481706,container,0
786.684563768538,123.41911796602835,793.9623051308204,122.63762000073196,797.1840061073826,152.63988167666622,789.9062647451003,153.4213796419626,container,0
743.9355793562847,116.9904126572451,778.323092218725,118.58638520871655,776.8484102939058,150.3605179223233,742.4608974314655,148.76454537085183,container,0
826.347209544452,100.43921326728825,826.2298797916432,152.22235052685733,795.3710075131912,152.15243077985082,795.488337266,100.36929352028176,container,0
816.2614018010444,53.14491782933847,816.1588621141498,98.40050350898258,786.0405894496856,98.33226180572233,786.1431291365802,53.07667612607821,container,0
188.68875275880194,668.7587705727301,214.3214148504507,665.9448158178714,217.79840289517583,697.617130197928,192.16574080352706,700.4310849527867,container,0
241.69551554408025,666.7771733595841,250.76283063262838,666.6091169361927,251.33798393276197,697.6409340562209,242.27066884421384,697.8089904796124,container,0
258.6661694212777,664.6710177672618,274.88590070715935,664.3703962490223,275.5025322839974,697.6401320193437,259.28280099811576,697.9407535375832,container,0
283.29868144047737,666.0448613889915,300.28969555076077,665.7299446762399,300.9014625178993,698.7372153289658,283.9104484076159,699.0521320417174,container,0
307.1400232782209,665.4387526429817,318.56715509839955,665.2269586461296,319.1397596226005,696.1212591273703,307.7126278024218,696.3330531242225,container,0
231.14316798295633,667.5692016144649,234.52091575098095,667.5692016144649,234.52091575098095,696.8753761211797,231.14316798295633,696.8753761211797,container,0
193.02082973093877,706.4563926964578,213.08902550032602,702.6090035117355,219.34387436834828,735.2346427607746,199.27567859896104,739.0820319454969,container,0
216.57518784049566,706.3212496712334,233.70994366248945,703.036247123423,239.3367822051425,732.3861496196656,222.2020263831487,735.6711521674761,container,0
254.26125012773656,702.5689616999409,278.31629028579346,700.1177041467624,281.37991605728115,730.1821259235908,257.32487589922425,732.6333834767693,container,0
280.25817299171854,701.4720746797515,294.24888783718995,701.0400665797983,295.27428299851874,734.2478034431439,281.2835681530473,734.679811543097,container,0
303.0996101643721,825.8703235175395,317.0903250098435,825.4383154175864,318.1157201711723,858.6460522809319,304.1250053257009,859.0780603808851,container,0
275.32165398683253,827.2344454153863,287.54785696330197,826.8569222669379,288.3944529140382,854.2741918444447,276.16824993756876,854.6517149928931,container,0
265.55826675490016,829.8778507122263,271.5019887239503,829.3102963888165,274.27845723993426,858.3869085017889,268.3347352708841,858.9544628251987,container,0
254.6924115559728,826.739760016212,259.24982949523235,826.3045811386532,262.07925963313716,855.9358347066258,257.5218416938776,856.3710135841845,container,0
223.42152524777893,827.7336025417845,248.26631699312475,826.9664400776655,249.2442434715114,858.636889081812,224.39945172616558,859.404051545931,container,0
178.48424002506883,827.905836481774,198.7667693321001,827.2795484725513,199.6933960076885,857.2886376256733,179.41086670065724,857.9149256348961,container,0
240.11938551932784,953.2323358468707,245.82796624927028,952.6872346980142,248.6052418677564,981.7722992051908,242.89666113781396,982.3174003540473,container,0
156.2589856288228,937.7640444927314,162.22846020780545,937.6402624008489,162.8340006235482,966.8428559533642,156.86452604456557,966.9666380452467,container,0
142.8511262011127,937.7951669240185,155.46258063292015,937.5928484078532,156.02025574119196,972.3553325789826,143.4088013093845,972.5576510951479,container,0
231.40372854669542,953.3413275939337,237.97634679604636,953.2714347865012,238.15651621030233,970.2143052136063,231.5838979609514,970.2841980210387,container,0
439.65746679093184,1020.9855528407833,440.0445453942705,971.5187430949895,472.6540220634246,971.7739127885592,472.26694346008594,1021.2407225343529,container,0
447.126122619518,969.3560165531349,447.253819045697,964.3513355727557,471.33769652793956,964.9658452877752,471.21000010176056,969.9705262681543,container,0
528.2566445000502,1025.5367568440124,527.445189323911,1013.3501104538279,558.9562184514793,1011.2519296358765,559.7676736276186,1023.4385760260609,container,0
562.9022567452754,918.4218164246703,569.1508788625327,918.2778364872913,569.8627452494244,949.1723078326673,563.614123132167,949.3162877700463,container,0
607.9374894326982,1009.1269176536778,607.2461443612158,949.8160123428667,634.176433430355,949.5021051023014,634.8677785018374,1008.8130104131125,container,0
607.1221373706614,929.9682675179516,606.8486709521994,906.5074206556037,634.251520686262,906.188005111212,634.524987104724,929.6488519735599,container,0
617.785591908874,936.2076210033974,617.901112597303,931.0487561340195,634.4555086845344,931.4194530374946,634.3399879961054,936.5783179068725,container,0
617.657136702671,948.658365150751,617.7726573911,943.4995002813731,634.3270534783313,943.8701971848482,634.2115327899023,949.0290620542261,container,0
609.0069179677578,941.80006810684,609.1049612005681,937.4217026702776,633.9252569838711,937.9774950254757,633.8272137510608,942.3558604620381,container,0
620.2128770750566,892.2068311812561,620.2936712015418,888.5987676694762,634.3865432039867,888.9143445099025,634.3057490775014,892.5224080216825,container,0
604.8364863194338,886.5451500996375,604.9412334130236,881.8674070162256,633.799463391086,882.5136194444088,633.6947162974961,887.1913625278207,container,0
618.9697009087031,868.9189523973129,619.0799063521589,863.9974530677157,633.6384902381349,864.323458434331,633.528284794679,869.2449577639281,container,0
605.4154346005844,862.7909750497649,605.0741027213238,833.5079098982659,634.0386495338091,833.1702907609151,634.3799814130697,862.4533559124142,container,0
604.8733335744988,819.6726351971159,604.9843815793851,814.7135091824383,634.5165191544714,815.3748121918865,634.4054711495852,820.3339382065641,container,0
604.579281722578,801.0988296042027,604.6876033852234,796.2614552116781,632.7884902029956,796.8907087146969,632.6801685403502,801.7280831072214,container,0
618.5497434379845,807.8002458825043,618.6493190114127,803.3534499484385,633.107379233838,803.677204323196,633.0078036604098,808.1240002572617,container,0
618.9168074834466,795.7128519340216,618.7848937001919,784.3958899268496,634.377126905824,784.2141423456311,634.5090406890787,795.5311043528031,container,0
618.0810302665807,747.4357165123713,617.7920091316213,722.6404212603944,632.8161803330131,722.4652951742428,633.1052014679725,747.2605904262197,container,0
568.3326629218379,718.2440440064167,579.2673695336729,717.9890544679594,579.7080683853619,736.8875264466394,568.773361773527,737.1425159850968,container,0
683.8749948165665,742.0414972747737,683.7336122714514,729.9122045498701,697.1409806580754,729.7559243850831,697.2823632031905,741.8852171099867,container,0
683.7561789656006,759.319381248343,683.615255300908,747.2294561481124,711.7875668384804,746.9010715343268,711.9284905031731,758.9909966345574,container,0
684.0560102217895,831.2380731235507,683.7062046791426,801.2280473448983,711.8443386174389,800.9000611150977,712.1941441600858,830.9100868937502,container,0
684.2758250693158,861.7664722009639,684.078894454006,844.8716774606313,698.4493710844546,844.7041710275183,698.6463016997644,861.5989657678509,container,0
769.8701935318859,775.6456476811007,769.9825559487368,770.6278233172303,787.1114106445439,771.0113838749427,786.9990482276929,776.0292082388131,container,0
839.8262328468941,814.8492828854188,838.9034045719649,809.3173088850608,866.9255611273288,804.6427318910061,867.848389402258,810.174705891364,container,0
768.2572644957107,807.4012987195943,768.0532055143372,789.8949572103938,788.1211133385301,789.6610398709684,788.3251723199037,807.1673813801688,container,0
770.270712963568,815.8607612562274,770.2624910264198,810.891633246064,801.9766787899737,810.8391588364758,801.984900727122,815.8082868466392,container,0
789.4358124573838,806.9982643814074,789.4281062798756,802.3408482740892,806.5589683949864,802.3125034877769,806.5666745724947,806.969919595095,container,0
821.8395860776201,789.2064550419946,822.0184154582283,784.5524670494757,839.1366683152036,785.2102355182446,838.9578389345953,789.8642235107635,container,0
822.6745618346995,797.1488851007372,822.8610439781164,792.295735951924,840.5516098135677,792.9754955336094,840.3651276701507,797.8286446824226,container,0
817.4614175897996,806.3226009092642,817.6934229651026,800.284721522848,834.5348637161894,800.9318534928722,834.3028583408864,806.9697328792884,container,0
892.8096350781911,790.1330188397777,892.1344536033045,777.4736159667818,923.5359625781145,775.7988357772277,924.2111440530012,788.4582386502236,container,0
888.2965505136,804.1788904187346,888.0093554939439,798.7940900470206,921.9460998766727,796.9840946345151,922.2332948963289,802.3688950062291,container,0
889.311166555498,797.5613199304968,889.0360724103812,792.7123864950121,906.7112712435226,791.7096208811989,906.9863653886393,796.5585543166836,container,0
894.2375473808207,809.5748926611359,894.0256848888331,805.8405088534121,921.6456213263372,804.2735492521824,921.8574838183248,808.0079330599062,container,0
936.2351630008139,797.6853567429936,935.8963408224583,791.3325662449577,975.4016698751285,789.2255737901586,975.7404920534841,795.5783642881945,container,0
733.6327550204543,844.8367583600516,771.2795994850912,844.4223104803536,771.5605932460561,869.9466983051543,733.9137487814191,870.3611461848523,container,0
779.1528311387426,846.4816308618114,803.7764241792547,846.2105538015342,804.0300681313088,869.250590631582,779.4064750907967,869.5216676918592,container,0
810.4354797089031,845.3818206065835,824.8467885556285,845.2231688927377,825.1164973204511,869.7224712595983,810.7051884737258,869.881122973444,container,0
852.0433498120154,849.8742714278595,870.7407055954135,849.6684353326812,870.956512061414,869.2714610880583,852.2591562780159,869.4772971832367,container,0
877.740873539218,849.7923206585511,891.2228643788753,849.6438996528318,891.4337527089551,868.8001809389347,877.9517618692978,868.948601944654,container,0
832.8525395755273,846.1404903086047,837.8619173563475,846.1404903086047,837.8619173563475,869.5494847640773,832.8525395755273,869.5494847640773,container,0
846.696060692647,847.0166625312071,851.8806729179877,847.0166625312071,851.8806729179876,869.7247192085978,846.6960606926469,869.7247192085978,container,0
872.4555240371606,846.4909591976457,877.8153707070217,846.4909591976457,877.8153707070217,870.2504225421594,872.4555240371606,870.2504225421594,container,0
952.3624307385091,845.0890836414816,956.8461051857677,845.0890836414816,956.8461051857676,868.1476092079132,952.362430738509,868.1476092079132,container,0
938.69414406591,845.6147869750432,944.9301629583736,845.6147869750432,944.9301629583736,868.4980780969543,938.69414406591,868.4980780969543,container,0
684.5966947444626,960.1090623535057,684.5221514023169,943.2163757827683,709.9799815404542,943.1040365326243,710.0545248825999,959.9967231033617,container,0
685.2909821448034,1020.2140330907221,685.0590619846768,967.6572994954303,712.3349794513333,967.5369374654156,712.5668996114599,1020.0936710607074,container,0
777.149642800008,1005.4777581368731,777.1270004838761,1000.3466553631025,814.1220973604375,1000.1834049438968,814.1447396765693,1005.3145077176674,container,0
848.1326858869975,1003.8203695241082,848.0678698412339,989.1320403679157,878.6344778735497,988.9971573159366,878.6992939193133,1003.6854864721291,container,0
854.0951433000298,1011.7280275381029,854.2810846006588,1006.251378392122,873.0169138228546,1006.8874907960899,872.8309725222256,1012.3641399420708,container,0
684.4879674816567,965.6607360290031,684.65153143923,960.8431812118313,697.5652638614987,961.281623795712,697.4016999039254,966.0991786128839,container,0
823.2774661725853,966.321964217972,823.3764855214687,961.6020625666808,857.2294558039237,962.3122678469581,857.1304364550402,967.0321694982492,container,0
1004.1732465508619,1012.6651960174926,1016.9876414164218,1002.7435196114407,1029.5190459561277,1018.9285229737667,1016.7046510905678,1028.8501993798186,container,0
893.1397042359372,937.5010367337916,911.244400242384,936.9904070097356,911.9261937630852,961.1638224024275,893.8214977566383,961.6744521264835,container,0
766.6465783451987,938.461483200246,771.9691058653511,938.461483200246,771.969105865351,961.9793821341109,766.6465783451986,961.9793821341109,container,0
779.960264745476,938.9052727469218,785.2827922656286,938.9052727469218,785.2827922656286,963.0888560008007,779.960264745476,963.0888560008007,container,0
846.9724862935389,938.6833779735839,851.4074347203396,938.6833779735839,851.4074347203396,959.7604344007314,846.9724862935389,959.7604344007314,container,0
960.1388206958965,936.9082197868802,964.5737691226972,936.9082197868802,964.5737691226972,958.6509605340414,960.1388206958965,958.6509605340414,container,0
