184.0614252215643,278.48850368932534,194.39809186355427,252.00742936835283,225.22418425292884,264.0401375977087,214.88751761093886,290.52121191868116,container,0
223.26393148268548,306.0674742241092,227.95984886811604,294.67926576246475,249.92452289578475,303.7363790897484,245.22860551035419,315.1245875513929,container,0
244.46322588801752,314.47316927007734,247.16530975476252,307.80127644754424,266.93542507112807,315.80807617604427,264.23334120438307,322.47996899857736,container,0
250.31447695554698,304.69120028054743,260.3624096652042,281.2521940822621,287.2826535227723,292.7924785346036,277.2347208131151,316.23148473288893,container,0
320.5081696539254,348.9195457801235,334.8267669134302,311.46205004785196,443.56324182085996,353.0279305526808,429.24464456135513,390.4854262849523,container,0
429.1069759507328,374.8683424536264,436.34613000920905,355.32446209875167,491.7999050660734,375.86482631872605,484.56075100759716,395.40870667360076,container,0
557.4320849403016,411.8675843706079,560.2776227805599,405.41693470116275,584.4528350443682,416.0812064905284,581.6072972041098,422.5318561599736,container,0
546.9513750438261,439.7529117544312,551.6512287776237,428.25562426075635,575.629156964196,438.05730621212007,570.9293032303984,449.5545937057949,container,0
573.6982781630244,449.80497465879284,586.782807517874,417.6426168605123,633.924815530184,436.8212788091274,620.8402861753344,468.98363660740796,container,0
623.5443972258801,475.1237790433734,638.3331459357852,439.6207536136256,731.4079705536675,478.3909760335725,716.6192218437624,513.8940014633204,container,0
720.4692032925111,503.74979356063835,731.2302668808424,479.6984495568392,753.6218469067162,489.71690076952706,742.860783318385,513.7682447733262,container,0
757.2285288060742,529.420099541752,771.8211224559928,496.3765053346429,798.1517352422703,508.004536187922,783.5591415923517,541.0481303950311,container,0
790.8691909733299,544.3785295983571,805.3443427505242,508.70930425691256,848.1384695867647,526.0758569419618,833.6633178095703,561.7450822834063,container,0
834.3887974973715,563.7030994248399,851.0753357087328,523.848428012987,922.3448314304384,553.6878702047251,905.658293219077,593.542541616578,container,0
907.155052721575,585.0913435255693,918.1129769367294,555.5333033855958,931.1967716546947,560.3838019398693,920.2388474395402,589.9418420798428,container,0
926.2237654010266,599.7845575506191,931.4723747657634,586.6579160284173,952.4835111664245,595.0590936708289,947.2349018016877,608.1857351930307,container,0
935.744540280151,575.1969762930416,941.0816397462071,562.0614216007834,966.8880568043081,572.5468116683066,961.550957338252,585.6823663605649,container,0
952.5822035607599,593.4524364906996,960.6270605827348,573.9721614392146,989.7651203202369,586.0054373486374,981.720263298262,605.4857124001225,container,0
981.5887993220356,600.8157690247033,988.064811382228,583.8820981998801,1007.8523629932204,591.449531404417,1001.376350933028,608.3832022292402,container,0
979.0801544623889,622.7145491293339,982.2524214601552,615.5227813089193,1017.1623943356215,630.9214645827873,1013.9901273378551,638.1132324032019,container,0
1004.593435362454,712.366560026773,1009.4794088129306,703.3593102769802,1024.3076492143666,711.4028741762013,1019.4216757638901,720.4101239259941,container,0
915.1153651793404,675.5691642096166,928.0968787171748,645.0537826318324,1003.9703277996796,677.3310197332615,990.9888142618452,707.8464013110457,container,0
891.1581722774542,643.4225935384168,894.9750900066105,634.0685974018899,930.4717223455755,648.5530726274958,926.6548046164193,657.9070687640227,container,0
919.4505348625332,641.665413674483,921.848571199871,635.933113434238,932.7506385805104,640.4938574000428,930.3526022431727,646.2261576402879,container,0
804.969767619958,629.158700316483,808.2851466015076,621.4051261772204,854.9685860805553,641.3666679456198,851.6532070990057,649.1202420848824,container,0
817.6078834318529,616.9199724391225,823.2566132017365,601.9126029699604,846.8395608701629,610.7891551751942,841.1908311002793,625.7965246443563,container,0
796.0294968393459,623.3110590360652,805.900817581421,597.1174110581088,820.2845148732099,602.5380416454809,810.4131941311348,628.7316896234373,container,0
739.0817926018786,601.0046951972022,750.4532428431589,570.978448686801,781.422075814931,582.7068724525566,770.0506255736507,612.7331189629577,container,0
717.460630428922,593.1574465189553,727.1368869526691,567.4392027585453,755.7456185477935,578.2029791778198,746.0693620240463,603.9212229382298,container,0
695.0310588728931,583.3836864013026,698.6242214439288,573.6141398068659,726.2349057093094,583.7691328051635,722.6417431382737,593.5386793996003,container,0
683.2256349463006,576.9002461969623,689.4764124467769,563.0899797552562,706.8380649141235,570.9481790935575,700.5872874136472,584.7584455352636,container,0
694.5548210512497,561.3230953921637,700.9922445573027,547.0182893497752,713.4283929695157,552.6147828552668,706.9909694634628,566.9195888976553,container,0
647.6708065622873,546.0893463471901,655.0080784424634,528.5910365271378,677.8063577844849,538.1506554647864,670.4690859043088,555.6489652848387,container,0
592.8563485672943,539.1885266456287,595.7586527191652,532.3789176398536,609.4713437704785,538.2233648229147,606.5690396186076,545.0329738286898,container,0
604.3994804224051,545.273234739009,617.9421920188882,514.9974340033621,656.5497106949274,532.2670182317265,643.0069990984442,562.5428189673735,container,0
514.4825860636969,477.943112592515,517.7547455110529,471.02815837727763,542.3376051525573,482.66077862539515,539.0654457052013,489.5757328406325,container,0
528.4380753978515,511.7240702871958,532.6969656337351,502.4800413466768,549.6820177142721,510.3053600391248,545.4231274783886,519.5493889796438,container,0
416.20369110757207,466.4125454098503,429.34987785523214,432.74488641425677,460.2221352387556,444.79955469216543,447.0759484910955,478.46721368775894,container,0
373.15582799376864,413.7424505536675,375.7781869787614,407.76195020966435,397.87624888381094,417.4516162667428,395.25388989881816,423.43211661074594,container,0
341.82609666883684,432.94028372015526,347.64021809350197,418.75323196252117,374.0824036405595,429.5897383861613,368.2682822158944,443.7767901437954,container,0
308.6482195961426,420.75220107196594,319.3234320219156,395.9723972379743,344.18933952326444,406.68470337707265,333.51412709749144,431.4645072110643,container,0
282.0722922290033,412.0896352839141,298.9957522608727,377.8764066270393,320.37358175371116,388.45087905168344,303.4501217218418,422.6641077085583,container,0
245.88680618338813,395.76585153235635,249.9369378222063,387.39480212881153,264.5971972517996,394.4878173156452,260.5470656129815,402.85886671919,container,0
208.90847804756484,378.09612973591214,219.6352860968449,351.36443456948706,242.28300551499038,360.452438058975,231.5561974657103,387.1841332254001,container,0
191.52977244358738,349.5458464528061,194.22891935091556,343.2725175217359,214.8716889979192,352.15422426206663,212.172542090591,358.4275531931368,container,0
155.36152840768722,356.88797520025,159.56724484628816,347.38974685986244,180.9933997694116,356.877024776,176.78768333081067,366.37525311638757,container,0
140.9440774168806,348.54218620701334,153.3259280559801,320.757467634737,169.35443339969214,327.90033498527686,156.97258276059262,355.6850535575532,container,0
110.2957360697058,393.7052257082776,112.95733974444587,386.8924847007068,128.95357540309192,393.14189878583755,126.29197172835185,399.9546397934084,container,0
167.05245635547124,413.59204178562334,176.84155447200064,388.80845374418965,213.01831857515748,403.0976637146058,203.22922045862808,427.8812517560395,container,0
197.4487721628804,431.4654581227048,208.23050918466674,403.3481878035768,235.48928504991824,413.80072994508845,224.7075480281319,441.9180002642164,container,0
216.41895563462856,445.9180642933611,229.700103411822,411.7278472139378,265.36595529360426,425.5822035153642,252.08480751641082,459.7724205947875,container,0
259.68016749300745,436.1056540953549,262.0561329658354,429.8848195686263,272.5222364997001,433.88220939223606,270.14627102687217,440.10304391896466,container,0
336.46401142076985,467.4121874190597,339.56260600818035,459.84585334428095,365.05101360588577,470.2839652546743,361.95241901847527,477.85029932945304,container,0
325.89477239827266,495.40591612321316,330.08808324986404,484.40725539810313,355.01339894321717,493.91019392748785,350.8200880916258,504.9088546525979,container,0
347.7498613972914,505.43152565834527,350.3183377039222,498.95479899993643,372.35235281709674,507.6928311484225,369.7838765104659,514.1695578068313,container,0
370.27113895867797,514.4566861199675,374.53073148822216,503.8444609054872,385.58739486812055,508.2824444370125,381.32780233857636,518.8946696514927,container,0
375.64818714389224,503.08432480479087,387.992459542009,476.4960668172461,411.734291317212,487.51881373058893,399.39001891909527,514.1070717181336,container,0
491.5963029612423,532.8816397433098,496.0384767898929,522.2943246930223,528.1608942838666,535.7720914003465,523.718720455216,546.3594064506341,container,0
480.84152401715994,560.4862901537232,485.80930863749677,549.3425596113883,510.58288650281656,560.3864195326697,505.61510188247973,571.5301500750046,container,0
517.6176506112938,575.1334004861974,530.3298760370867,542.0409384642048,559.5824577866224,553.278102179597,546.8702323608295,586.3705642015896,container,0
554.2695040197933,565.9520860107954,558.8706790850971,554.4380545865267,580.3165435046395,563.0081351243565,575.7153684393357,574.5221665486251,container,0
561.8224498564997,585.0877972317852,567.8050727472555,569.3314033410962,597.3131583995486,580.5354738860775,591.3305355087928,596.2918677767665,container,0
583.749503033072,597.8579578226534,595.4356349732275,568.9795329042124,612.6340938305145,575.9391735335478,600.947961890359,604.8175984519887,container,0
594.4205746695942,606.7922001336148,607.6414193305604,572.4100232235812,622.024168319853,577.9405657102501,608.8033236588867,612.3227426202836,container,0
617.2460035901335,585.872852596575,619.8897293836268,578.7944700383248,640.553249775853,586.5121486740508,637.9095239823597,593.5905312323009,container,0
627.9141004734729,622.6126044565335,642.6954756724139,584.5846438211394,658.3071083450488,590.6528472206003,643.5257331461079,628.6808078559944,container,0
644.8399711158535,618.0783984105635,654.4982805768485,592.8595060947318,665.5295472107385,597.0842510027378,655.8712377497435,622.3031433185695,container,0
654.2165574044409,622.8244841374718,656.7778901788515,616.4969435074174,666.4977249854219,620.4314471175052,663.9363922110113,626.7589877475596,container,0
668.3804464201185,617.4486070873612,673.8767370879657,603.1306038866437,702.1959276770499,614.0015682783804,696.6996370092027,628.3195714790979,container,0
681.6961906451687,645.7257101912727,684.4079692049701,638.6513283934221,708.734356039895,647.97621021934,706.0225774800937,655.0505920171906,container,0
730.0750517846493,659.1910492985418,734.5762569410797,648.42959679103,756.5286656500687,657.6116561095092,752.0274604936383,668.373108617021,container,0
709.2891695205712,648.4165688651244,712.3066999502483,640.7225045334176,733.5419158446621,649.0507309921038,730.524385414985,656.7447953238106,container,0
749.4879646162628,673.5940725934702,752.2797462745518,666.6021777005,773.3170652184897,675.0021325147966,770.5252835602007,681.9940274077668,container,0
757.7690942161611,659.4685540282999,766.2125229156339,639.1938263492807,793.127907617043,650.402762678443,784.6844789175701,670.6774903574621,container,0
771.9670067216847,684.526201578753,777.7351336904964,670.4318823987006,831.9600915311506,692.6235496731315,826.191964562339,706.7178688531839,container,0
825.0809175132448,706.5391230793091,839.3503755146223,671.4154901383638,957.1934736829256,719.2908663243093,942.9240156815481,754.4144992652546,container,0
985.9903563657275,765.5359836541242,999.4545926090308,734.9088946096393,1035.3664229815492,750.6964011324668,1021.9021867382461,781.3234901769516,container,0
797.308089339439,774.8538643147424,809.036927528955,745.835448236291,947.8643564398985,801.9475546159401,936.1355182503826,830.9659706943916,container,0
752.2459282960738,753.8211726029796,761.7226014229556,730.1284887182218,815.3682223151052,751.5858304173013,805.8915491882234,775.2785143020591,container,0
768.7304939189416,728.6970879746136,771.5365745772353,722.3491932517378,792.8691516008389,731.7792380761698,790.0630709425452,738.1271327990456,container,0
521.2457559327271,656.7840062233859,533.3827560611014,627.5758617227883,771.6967983410142,726.6036367218312,759.5597982126399,755.8117812224287,container,0
451.68646577907737,627.9522108789863,455.82112770992023,617.619337572881,530.2710033676707,647.4101864025288,526.1363414368278,657.7430597086341,container,0
368.46663192239384,590.0178334901714,374.18957821537987,575.8471937570935,402.6971049797878,587.36022687992,396.9741586868018,601.5308666129979,container,0
342.94076711989624,581.8031843980161,352.8478802299825,556.8654949489671,381.42926898338885,568.22015760935,371.5221558733026,593.157847058399,container,0
319.35953308361513,572.0288658404397,322.5858785803834,564.0228516252225,346.77299410635794,573.7700228341764,343.5466486095897,581.7760370493936,container,0
325.07762769105153,561.3804801966974,327.37349888129097,555.8171076696692,349.85594606569845,565.0950775568185,347.560074875459,570.6584500838467,container,0
275.80279912115196,552.5391525944343,289.7158791913491,517.5340352258511,315.87149190998997,527.9298047988483,301.95841183979286,562.9349221674315,container,0
219.57162626679303,529.9457459665822,231.91838396663752,501.80551836767677,261.31846889609267,514.7050488957437,248.97171119624818,542.8452764946492,container,0
167.72818642278534,505.9231010258214,170.36776498321782,499.69136293979403,191.90350760521326,508.8132617942193,189.26392904478078,515.0449998802466,container,0
171.42720200845156,497.23570957905093,174.46421988288668,490.40975280956167,196.1484512821812,500.05754294022955,193.1114334077461,506.8834997097188,container,0
146.68889057876447,496.90410220517435,151.4571627039533,485.81407924265187,172.7317475622928,494.9613109749756,167.963475437104,506.0513339374981,container,0
154.86038720925058,478.30500337761475,158.62974919460714,470.52499255840786,180.5488323157947,481.14463828780777,176.77947033043813,488.92464910701466,container,0
158.11242636904547,466.9686900056697,160.45453859023974,462.20590450763945,179.65053735171892,471.6455870874837,177.30842513052465,476.408372585514,container,0
1003.5762508708019,599.7333569671465,1005.8983040962376,593.5474587814659,1025.9758411124676,601.0841346509882,1023.653787887032,607.2700328366687,container,0
603.3048368368931,954.0608758079388,596.2316587455302,951.0573590601789,606.8040015565374,926.1598572896416,613.8771796479002,929.1633740374016,container,0
591.5555039946091,981.0899762488488,584.8544169933876,978.2444622837836,594.4314049434806,955.6909867953037,601.1324919447021,958.5365007603689,container,0
588.2249825003278,964.8343660193191,582.990074829114,962.7145216453056,592.6335636352549,938.9001444450817,597.8684713064687,941.0199888190951,container,0
201.96933828244133,585.8561646819486,205.3703914361765,577.5730760701169,231.6930370005576,588.3812082665435,228.29198384682243,596.6642968783751,container,0
1001.5571052783146,982.2699801119098,1004.8390746677984,974.2769138334372,1026.3556234366479,983.1116528392789,1023.073654047164,991.1047191177515,container,0
967.8036863422884,968.907293668469,971.2411450958524,960.5355411058792,997.4468807599743,971.2956698577439,994.0094220064103,979.6674224203337,container,0
896.2019785798136,937.5936220003986,899.1660407096684,930.3748023693094,924.7409656472696,940.875918944511,921.7769035174148,948.0947385756002,container,0
933.6755202022415,953.9460941728121,937.1102595383563,945.5809646104183,962.5864772040396,956.041551777547,959.1517378679248,964.4066813399409,container,0
989.6525270967135,918.0123369467877,993.0535802504487,909.7292483349561,1019.3762258148298,920.5373805313826,1015.9751726610946,928.8204691432143,container,0
964.0003531836699,907.1427717293966,967.4014063374051,898.8596831175649,993.7240519017862,909.6678153139915,990.322998748051,917.9509039258231,container,0
930.087309705409,893.2297282511357,933.4883628591442,884.9466396393041,959.8110084235253,895.7547718357306,956.4099552697901,904.0378604475623,container,0
1004.9113556702777,895.7375055826499,1008.2709715547968,887.5553352914777,1027.7235438142536,895.5426013140559,1024.3639279297345,903.724771605228,container,0
973.3481792706265,881.4905978163532,976.7492324243617,873.2075092045216,1003.0718779887428,884.0156414009481,999.6708248350076,892.2987300127797,container,0
903.1307879662786,882.5775543380923,906.5318411200138,874.2944657262607,932.8544866843949,885.1025979226872,929.4534335306597,893.3856865345189,container,0
876.391657531496,870.8384239033097,879.7927106852312,862.5553352914781,906.1153562496123,873.3634674879046,902.7143030958771,881.6465560997362,container,0
850.9568749228002,859.5340760772227,854.3579280765355,851.2509874653911,880.6805736409166,862.0591196618176,877.2795204871813,870.3422082736492,container,0
824.6525270967134,848.8819021641792,828.0535802504486,840.5988135523476,854.3762258148297,851.4069457487741,850.9751726610945,859.6900343606058,container,0
939.4657573648075,867.7883634272391,942.4014063374051,860.6387425674318,968.554772573801,871.377368324982,965.6191236012033,878.5269891847893,container,0
905.6850008655142,854.8732164715394,908.9320185823029,846.9652731796768,934.4209446060961,857.4310784246812,931.1739268893074,865.3390217165438,container,0
877.3898829086033,843.5136679139574,880.7909360623386,835.2305793021258,907.1135816267197,846.0387114985523,903.7125284729844,854.321800110384,container,0
852.1724916042556,832.2093200878704,855.5735447579908,823.9262314760388,881.8961903223719,834.7343636724653,878.4951371686367,843.017452284297,container,0
826.5203176912122,821.5571461748269,829.9213708449474,813.2740575629953,856.2440164093285,824.0821897594218,852.8429632555933,832.3652783712535,container,0
798.9116220390382,809.8180157400442,802.3126751927734,801.5349271282125,828.6353207571545,812.3430593246391,825.2342676034193,820.6261479364707,container,0
790.6882078617776,833.9124229869151,794.0180800095507,825.8026920243799,818.4179294528066,835.8213201942044,815.0880573050335,843.9310511567396,container,0
751.4531973380731,817.1155469504187,754.5752129477925,809.5120398089832,779.0084571261823,819.5443799254703,775.8864415164629,827.1478870669057,container,0
717.1724916042557,802.6441026965659,720.5735447579909,794.3610140847343,746.896190322372,805.1691462811608,743.4951371686368,813.4522348929925,container,0
768.5173729752636,796.5146314677146,772.073672205865,787.8534490851607,796.2440164093283,797.7778419333348,792.6877171787269,806.4390243158887,container,0
686.3403405127713,788.9134506796245,689.4277721186326,781.3941710864099,714.5048859745457,791.6908854115957,711.4174543686844,799.2101650048103,container,0
743.3253256002845,785.6025817743723,746.9530814881249,776.7673704081298,770.5918424962847,786.4734941072479,766.9640866084443,795.3087054734905,container,0
718.1029412815097,774.5272300339155,721.8118785299864,765.4943056730848,745.374451191937,775.1691462811608,741.6655139434604,784.2020706419916,container,0
657.2396032518229,776.5372401273906,660.2659307532132,769.1667764123769,678.695377713505,776.7339450910221,675.6690502121147,784.1044088060358,container,0
691.3029263868642,762.4267113922182,694.7039795405994,754.1436227803865,721.0266251049806,764.951754976813,717.6255719512453,773.2348435886447,container,0
667.2218088379093,753.3122295903098,670.7288643760611,744.7709776674391,693.3065405328753,754.0414177527304,689.7994849947235,762.5826696756011,container,0
632.8614900391207,736.5223152304255,635.9450169440986,729.0125453337545,659.9396685832413,738.8647984550738,656.8561416782634,746.3745683517449,container,0
623.0884081636004,763.8758886529245,626.9211384336959,754.5414728065903,650.1570598875892,764.0821897594217,646.3243296174937,773.4166056057559,container,0
600.4696283034723,751.7412183787397,603.324616300474,744.788043142737,627.5483642354152,754.7343636724651,624.6933762384135,761.6875389084678,container,0
573.5377349336437,742.1368435433388,577.2824054252544,733.0168927216182,602.1135816267196,743.2126245420305,598.3689111351089,752.3325753637512,container,0
599.2547500526994,722.8953887321691,602.3126751927734,715.4479706064734,626.3807153125965,725.3303571883125,623.3227901725224,732.7777753140082,container,0
545.845847234133,729.700958883857,549.2469003878682,721.4178702720253,575.5695459522493,732.2260024684518,572.1684927985141,740.5090910802835,container,0
564.3073856956713,709.9573691402671,567.7084388494065,701.6742805284355,594.0310844137877,712.482412724862,590.6300312600524,720.7655013366937,container,0
510.19667942852345,715.6472532045358,513.6321826829499,707.2802631587032,539.4156997984029,717.8670281094775,535.9801965439765,726.2340181553101,container,0
530.7176421059277,695.3419845248825,534.1186952596629,687.0588959130508,560.441340824044,697.8670281094774,557.0402876703088,706.150116721309,container,0
506.6234893366238,684.7086747832193,509.9695275817349,676.559572128827,533.4632489923432,686.2061422720451,530.1172107472321,694.3552449264374,container,0
478.4099497982356,673.2907024736005,481.8110029519707,665.0076138617688,508.1336485163518,675.8157460581954,504.7325953626167,684.098834670027,container,0
474.3073856956715,700.4701896530878,477.7084388494066,692.1871010412561,504.0310844137877,702.9952332376827,500.6300312600526,711.2783218495143,container,0
442.76892415721,686.1112152941133,446.1699773109451,677.8281266822817,472.4926228753262,688.6362588787082,469.0915697215911,696.9193474905398,container,0
416.4985278868137,675.0622642451624,419.8995810405488,666.7791756333307,446.2222266049299,677.5873078297573,442.8211734511948,685.8703964415889,container,0
391.0796330561542,665.1157401809912,394.4806862098893,656.8326515691596,420.8033317742704,667.6407837655861,417.4022786205353,675.9238723774178,container,0
369.11884874242867,654.5275048868735,372.5199018961638,646.2444162750419,398.8425474605449,657.0525484714684,395.4414943068098,665.3356370833001,container,0
453.69126630346585,661.5919060912918,457.1801388434982,653.0949379175553,479.23470432329015,662.1505876871547,475.7458317832578,670.6475558608912,container,0
425.66162262496965,651.3451644430634,429.3671053928312,642.3206532906563,453.18547612137087,652.1005251089321,449.4799933535093,661.1250362613391,container,0
337.7170965521908,642.7669708860392,341.11814970592593,634.4838822742075,367.44079527030704,645.2920144706341,364.0397421165719,653.5751030824657,container,0
394.31284123304187,637.6605879073159,397.713894386777,629.3774992954842,424.0365399511581,640.1856314919107,420.63548679742297,648.4687201037424,container,0
367.71709655219087,626.5967581200817,371.118149705926,618.3136695082501,397.4407952703071,629.1218017046766,394.039742116572,637.4048903165083,container,0
340.4830539989993,615.5329283328477,343.88410715273443,607.2498397210161,370.20675271711553,618.0579719174426,366.8056995633804,626.3410605292743,container,0
301.972415701127,627.6605879073159,305.3734688548621,619.3774992954842,331.6961144192432,630.1856314919107,328.2950612655081,638.4687201037424,container,0
270.0575220841057,613.1925028009329,273.4585752378408,604.9094141891012,299.7812208022219,615.7175463855277,296.3801676484868,624.0006349973594,container,0
316.01496889261637,605.1073964179541,319.4160220463515,596.8243078061224,345.7386676107326,607.632440002549,342.33761445699747,615.9155286143806,container,0
237.29156463729717,600.4265453541243,240.69261779103235,592.1434567422926,267.0152633554134,602.9515889387192,263.6142102016783,611.2346775505508,container,0
289.4192242117653,594.2563325881669,292.82027736550043,585.9732439763352,319.14292292988154,596.7813761727617,315.7418697761464,605.0644647845934,container,0
257.92986250963764,581.4903751413584,261.33091566337276,573.2072865295268,287.65356122775387,584.0154187259533,284.25250807401875,592.2985073377849,container,0
228.99369229687161,568.7244176945497,232.3947454506068,560.4413290827181,258.71739101498787,571.2494612791446,255.31633786125272,579.5325498909763,container,0
199.20645825431845,555.107396417954,202.60751140805363,546.8243078061223,228.93015697243473,557.6324400025488,225.52910381869955,565.9155286143805,container,0
167.29156463729714,542.7669708860392,170.69261779103232,534.4838822742075,197.01526335541342,545.2920144706341,193.61421020167825,553.5751030824657,container,0
143.12562587678028,530.4097193123966,146.72992245533428,521.6316418775597,169.98446422704083,531.180004371033,166.38016764848683,539.9580818058699,container,0
100.05752208410567,540.9170890893488,103.45857523784082,532.6340004775171,129.78122080222192,543.4421326739437,126.38016764848678,551.7252212857753,container,0
124.77974430632787,551.7504224226823,128.18079746006305,543.4673338108506,154.50344302444415,554.2754660072771,151.10238987070898,562.5585546191088,container,0
149.77974430632784,562.5837557560155,153.18079746006302,554.3006671441839,179.50344302444412,565.1087993406104,176.10238987070895,573.3918879524421,container,0
174.50196652855007,573.6948668671266,177.90301968228525,565.411778255295,204.22566524666635,576.2199104517215,200.82461209293118,584.5029990635531,container,0
195.82024567986332,944.7461785141325,190.55284942075585,915.8874298907125,215.35835694772402,911.359844884938,220.6257532068315,940.2185935083579,container,0
