161.3485549242027,65.5277197430383,164.47768193717147,65.59702467331552,164.20436556262024,77.93729609807683,161.07523854965146,77.86799116779962,container,0
166.1151748647946,70.88916538008667,169.62337841402183,70.96686622168554,169.435556986714,79.44702916900292,165.92735343748677,79.36932832740405,container,0
160.77300060037135,78.94368185135299,163.90212761334013,79.0129867816302,163.6288112387889,91.35325820639152,160.49968422582012,91.2839532761143,container,0
165.09110072979095,78.8429747357103,168.22022774275973,78.91227966598751,167.9469113682085,91.25255109074882,164.81778435523972,91.18324616047161,container,0
302.1206201903798,47.16775861071447,306.8094168158107,47.302393189898226,306.34797918944423,63.3724637354527,301.6591825640133,63.237829156268944,container,0
712.3118638484468,74.76815941797905,717.1487423054703,76.85377527363133,713.318262739499,85.73727318265573,708.4813842824756,83.65165732700345,container,0
717.3540359365247,64.12368325121835,722.0468143253227,66.04705057887865,717.5684603379466,76.9736804051793,712.8756819491487,75.050313077519,container,0
852.3616091762287,851.3045517331294,852.6653061318863,846.5790901637755,868.7537923011091,847.6130683686598,868.4500953454516,852.3385299380137,container,0
313.4229704049017,673.5400730894364,389.53471608164614,673.5400730894364,389.5347160816461,702.838601796868,313.42297040490166,702.838601796868,container,0
398.94316917438545,776.2314493945622,398.9978964411324,769.9578793592409,411.3919473198626,770.0659984245732,411.33722005311563,776.3395684598945,container,0
418.5650511217782,782.855578193297,418.56960351146193,776.448328923828,451.9269718187386,776.4720295374567,451.92241942905486,782.8792788069258,container,0
517.9414878331643,780.6130533260363,518.1969569186771,774.4502795053003,537.0709627273957,775.2326747617502,536.8154936418829,781.3954485824862,container,0
544.1794239677457,787.7930478692678,544.1478651562703,781.5882109136821,568.9521379823778,781.4620523416669,568.9836967938533,787.6668892972525,container,0
642.3666710446075,786.4423167013026,642.740454686764,779.2447455909056,663.5468149983353,780.3252597001783,663.1730313561789,787.5228308105753,container,0
703.6161589228958,793.2117618291555,703.8270716183689,786.6519251951694,746.5294802094196,788.024898426312,746.3185675139465,794.5847350602982,container,0
760.9971692712202,791.09727089942,761.3264380073515,783.2586646758524,782.7828520491914,784.1599634695367,782.4535833130601,791.9985696931043,container,0
904.2120597196072,748.2865576458752,910.921939847225,748.2865576458752,910.9219398472248,773.1524070150036,904.212059719607,773.1524070150036,container,0
985.870813120738,371.4740183139362,991.0764515026302,373.74481004247895,985.377350987169,386.8096173573206,980.1717126052769,384.53882562877783,container,0
363.5080472992886,374.30279402304706,367.29795530381193,374.30279402304706,367.29795530381193,385.13448203307183,363.5080472992886,385.13448203307183,container,0
372.8970873066238,375.5546660240251,376.99996331139164,375.5546660240251,376.99996331139164,385.6039340334386,372.8970873066238,385.6039340334386,container,0
411.6102999208207,367.99603800393794,411.683802770752,362.69916986599367,421.3775128800886,362.8336862067611,421.3040100301573,368.1305543447054,container,0
81.78770168071289,779.7109644155635,85.43930375425347,783.1294809359578,77.85358774332174,791.2324156883728,74.20198566978115,787.8138991679785,container,0
