852.1204385023921,735.8055887980777,851.413285183709,727.8310495986747,875.9827257256795,725.6523203977774,876.6898790443626,733.6268595971804,container,0
853.6964927581265,745.4379210262313,853.2600025989526,738.7271709130125,877.5868460498642,737.1448697408722,878.0233362090381,743.855619854091,container,0
854.1814336910203,756.9528313141343,853.6924981677639,748.9125495804662,878.3804616667607,747.4112561244208,878.869397190017,755.4515378580888,container,0
169.32862636575166,184.2699170895802,190.63044773398465,177.61949395107135,203.9510446178477,220.286399413859,182.64922324961472,226.93682255236783,container,0
180.05753975814724,227.2225526846175,205.8278721070498,219.00590298519373,210.10930201504107,232.43398811643695,184.3389696661385,240.65063781586073,container,0
166.62255710576736,253.13306916534776,206.09957338282334,241.0090665804719,210.65086899280354,255.82855953414503,171.17385271574756,267.95256211902085,container,0
154.48959627460036,254.92391454472937,163.04626925745464,251.92492283869575,168.09457072714125,266.32865216814486,159.53789774428697,269.3276438741785,container,0
221.8057873384023,302.1254915776429,232.35214052563083,299.0244826974292,236.21462096346409,312.16055693961056,225.66826777623555,315.2615658198242,container,0
217.32108306929132,288.71730083441935,230.06438741125433,285.41968874345326,232.9464283077201,296.5570582267411,220.2031239657571,299.8546703177072,container,0
214.98168467384608,276.6884043809171,219.33667033084427,274.99121445015305,223.74975586654318,286.3151823000108,219.394770209545,288.0123722307749,container,0
235.6412484409458,328.4121356976114,242.07660930829843,326.51619706104486,245.7735769268175,339.0647681388371,239.33821605946486,340.96070677540365,container,0
236.67675440871713,348.8254669382445,243.45371556589063,346.78241157218366,246.38566141940024,356.507886218757,239.60870026222673,358.55094158481785,container,0
243.48512488635936,361.443345754731,255.83444299420103,356.8591202340493,268.7087968936585,391.54098547389253,256.3594787858168,396.1252109945742,container,0
258.0233851500951,397.6225780330755,268.50781538103536,393.28012047835665,273.625925684713,405.6372868333513,263.1414954537728,409.9797443880702,container,0
268.98567754050936,409.71016621454834,274.60967140288034,407.14005731716446,280.2414955065347,419.46379357018685,274.6175016441637,422.0339024675707,container,0
271.2576017746864,429.03136911569993,282.8028200431304,425.5611763637065,287.1814115456445,440.1286076903498,275.6361932772005,443.5988004423432,container,0
294.14784549724,484.98862321660636,301.12426215785143,482.54200962142903,310.40341405780856,509.00112439084273,303.4269973971971,511.44773798602006,container,0
358.323245810046,471.60951225415323,371.5735923442678,468.9649101984156,374.402091438795,483.1366428010229,361.1517449045732,485.7812448567605,container,0
335.12979310614253,482.512234236508,329.01377236320315,451.5395947510433,342.04711573779446,448.9659620302589,348.16313648073384,479.9386015157236,container,0
310.61879455564787,443.18605145925386,322.8408050385279,439.61952904366245,326.5139043121637,452.20676461823285,314.29189382928365,455.77328703382426,container,0
328.1782174155109,469.23963245491296,322.2179332367429,469.82344398668613,320.7669136184276,455.00960629516345,326.72719779719563,454.4257947633903,container,0
374.18771043673144,462.41562942948275,367.76135040711347,463.18232119384504,366.2343404829627,450.38302426967044,372.66070051258066,449.61633250530815,container,0
356.19136283208456,448.0210542392315,355.1317117037847,443.44924047496113,366.7084358692588,440.7659971373099,367.76808699755867,445.33781090158027,container,0
344.0533815001533,455.035169653079,342.7074203746757,447.51435677095424,353.79875413276187,445.52939792381113,355.1447152582395,453.0502108059359,container,0
352.0901604050675,432.02851680934765,357.2151891344172,431.09726024894184,358.7810426643578,439.71469680520335,353.6560139350081,440.64595336560916,container,0
358.23661417379816,422.5739006655405,364.6081759056366,421.5074554401502,366.7433643506345,434.2643084528618,360.3718026187961,435.33075367825217,container,0
352.22598524306545,424.41518592703784,357.9937399745755,423.4498033797881,359.4728717140963,432.2869934796635,353.7051169825863,433.2523760269133,container,0
345.133990346144,423.12954744812697,351.2290174816775,422.10938742129497,352.89258469742157,432.0485019278996,346.7975575618881,433.0686619547316,container,0
339.19475307389655,444.8594224295839,337.6692009310427,438.0388985107025,351.24568084616203,435.0022361848678,352.77123298901586,441.8227601037492,container,0
337.8155773343444,436.9008897576488,335.8952557086011,429.95088179139645,344.6034637903663,427.54476076504835,346.5237854161096,434.4947687313007,container,0
337.20739404725634,422.39826798744946,343.01558719421865,421.4261170281688,343.8938124149979,426.6731433877311,338.0856192680356,427.64529434701177,container,0
315.22096225561666,434.3039117744803,313.2766846093155,428.20155829704333,325.44205070277235,424.32553744016695,327.3863283490735,430.4278909176039,container,0
290.1531437096789,380.16208495388526,295.39093436288107,378.74526458291336,299.06190502601163,392.31633980279855,293.82411437280945,393.73316017377044,container,0
356.8861002284092,403.4292580213823,362.20718330474836,402.36722893276465,364.95889248933076,416.15411417914396,359.6378094129916,417.2161432677616,container,0
349.7568304828025,407.56580557999297,355.04555739000693,406.5102344234024,357.7255351478232,419.9377237877879,352.4368082406188,420.9932949443785,container,0
340.28698930862436,403.64038488463547,345.6080723849635,402.57835579601783,348.35978156954593,416.36524104239714,343.03869849320677,417.4272701310148,container,0
333.2877513090495,408.81718641150013,338.7481670863994,407.7273480631235,341.3409407797631,420.7179190073643,335.8805250024132,421.80775735574093,container,0
325.1182275951888,410.7431942875712,330.4708094418168,409.6748783942143,332.86030928721783,421.64698662039086,327.5077274405898,422.71530251374776,container,0
316.14603711899827,410.87322603360286,321.5850805373889,409.78765337072326,324.3401629818417,423.59143965700895,318.90111956345106,424.67701231988855,container,0
308.27755818846884,412.91306014599337,313.5359440727397,411.5746996629866,317.00362577076686,425.19913696786324,311.745239886496,426.53749745087003,container,0
349.9189998712241,403.2095573661032,348.96911093999967,398.7644719095482,360.8552854134967,396.2244654963245,361.80517434472114,400.6695509528795,container,0
348.7324518363585,397.7072862563422,347.22184440826766,391.70871578689076,358.80832506327516,388.79091664924283,360.318932491366,394.78948711869424,container,0
336.745875008703,391.8768701161873,342.01113616766963,390.8259824623455,344.5369860593046,403.4812451625845,339.271724900338,404.5321328164263,container,0
329.5423457372113,394.0745570125746,334.50503008286296,393.08406033039614,337.1869310574562,406.52118558550603,332.22424671180454,407.5116822676845,container,0
316.47831807535374,397.8594622230194,327.77582132329184,395.6046060394326,330.149053848122,407.4952101287502,318.8515506001839,409.750066312337,container,0
296.17919516131735,390.885087096575,350.04750637647646,376.48125599740024,353.0411706851381,387.677141282527,299.172859469979,402.0809723817017,container,0
302.7425200376036,382.73568683649404,317.5799389497596,378.7683139759494,319.74010979345,386.8470504235392,304.902690881294,390.81442328408383,container,0
317.76795548326425,373.881110695632,338.947806604845,368.217836845401,341.3208729381273,377.0927726104275,320.1410218165465,382.7560464606585,container,0
279.46283302281785,369.1799335743963,349.6430936777978,350.41445535227746,353.4576169556263,364.6802382299526,283.2773563006463,383.4457164520714,container,0
323.69020041801963,343.0553422441397,346.9556592194445,336.8343984005126,350.4058094082465,349.73747695161245,327.14035060682164,355.95842079523953,container,0
326.12594696379307,313.02774967239367,339.07082952947695,309.6143535620555,346.32025233708447,337.10689292168246,333.3753697714006,340.5202890320206,container,0
321.2599432250201,330.64397697923715,327.3239770457915,328.9045487616569,330.88592568086386,341.3222943016123,324.8218918600925,343.0617225191926,container,0
281.3845156162906,342.63002905183,287.14149025461165,341.0474902230137,290.8435712885956,354.5149554337071,285.0865966502746,356.09749426252336,container,0
281.55355349239255,321.698058980386,319.5619956288528,312.48035858881195,323.5554108117133,328.94688315098585,285.546968675253,338.1645835425599,container,0
289.5864049038661,337.74499718915956,314.14842384202825,331.58315212507466,318.16547042185357,347.59568946461957,293.6034514836914,353.75753452870447,container,0
321.2331267639337,981.5947829059592,327.2102567352087,980.0963934402052,332.4414214657928,1000.9636994447364,326.4642914945178,1002.4620889104904,container,0
393.92799030381104,886.7660486911561,399.94010875670307,885.2769517810304,405.3981408519645,907.3133520000254,399.3860223990725,908.802448910151,container,0
387.4713471219717,916.4315692915276,407.09846530977813,911.6947216240627,411.02753178871114,927.9748001833635,391.4004136009047,932.7116478508284,container,0
818.692461823559,240.9956569879955,824.46837090091,240.20161232106506,826.8195767120345,257.30436680425106,821.0436676346835,258.0984114711815,container,0
818.4598353183393,166.94394873270207,825.3900167401974,165.68581687961012,827.7715243173953,178.80390106685226,820.8413428955372,180.06203291994422,container,0
832.0689298882908,142.4306614135993,834.5716170197726,149.9417872266855,824.3292174325329,153.3545275109475,821.8265303010511,145.84340169786128,container,0
470.7614382630858,197.35693322990218,477.18911572623875,195.7972954385415,483.48757712831195,221.7549111304036,477.059899665159,223.31454892176427,container,0
492.2283594398967,53.30414513766054,498.96794468404903,52.081861568970616,503.4248192107893,76.65675283389369,496.68523396663693,77.87903640258361,container,0
527.5576324471832,41.89814905544006,533.2728184683016,40.75639632304034,538.2224705298994,65.53249842387568,532.507284508781,66.6742511562754,container,0
577.5071932330289,141.57799707179717,576.1776452615992,136.70170362891923,591.7068822634254,132.46757256287654,593.0364302348552,137.34386600575448,container,0
568.8047886068173,130.81111500706817,563.6378118719002,110.24333515961337,588.8052298520902,103.92085095635763,593.9722065870072,124.48863080381244,container,0
