73.54936684073085,-7.153360979589637,84.9669526368304,10.206135578236786,63.31405171856544,24.4475539940994,51.89646592246589,7.088057436272977,container,0
53.516458060790114,12.640364937524474,102.33428051927629,89.44475786546107,78.89021300396064,104.34609725553065,30.072390545474462,27.54170432759404,container,0
13.34763893166157,65.90167808111644,49.64760451401905,123.0119029836881,27.329134588917384,137.19779861821203,-8.9708309934401,80.08757371564037,container,0
10.531148798091053,116.51235370389148,20.639092342377968,132.41503900553502,-0.3473346829634245,145.75427169138365,-10.45527822725034,129.8515863897401,container,0
63.59137007966035,148.9659279105008,34.24673520787154,154.37748073022885,29.34313529933821,127.78726648549775,58.68777017112703,122.37571366576971,container,0
183.28876383111583,36.09400232331693,168.40462366158616,45.179815859962645,142.37374559122577,2.536717762858558,157.25788576075544,-6.549095773787158,container,0
174.66706663356723,11.81502225323022,170.56419221306274,14.652342491167992,163.88763917023584,4.997789462474296,167.99051359074033,2.1604692245365236,container,0
199.8232193842759,26.659226779682292,194.29322601057987,30.366319565459683,174.7092002359459,1.1521781823468888,180.23919360964192,-2.5549146034304986,container,0
230.2262062266475,8.236958295119576,221.7631062954715,14.053610685418573,213.46935963808852,1.9863936582582018,221.93245956926452,-3.830258732040794,container,0
327.95035862336823,12.512398479407347,346.5770225574505,-0.043795519382783255,361.17549287779474,21.61251216708076,342.54882894371246,34.16870616587089,container,0
261.3491694744911,70.53665478520688,267.8653069526457,67.52483657380074,272.73266805008086,78.05548345899294,266.2165305719262,81.06730167039908,container,0
241.63971229260503,71.09746159844303,245.9431940829985,68.81932095077184,257.5841415557654,90.80944940187962,253.28065976537198,93.08759004955081,container,0
229.9555091537215,76.5620391598535,235.05028756896357,73.59235047620788,248.35604214005951,96.41961569112894,243.26126372481744,99.38930437477455,container,0
225.98561317248488,89.75061259858981,231.6262505248268,86.98530965739721,237.3260649776239,98.6117343159556,231.685427625282,101.3770372571482,container,0
269.29732440651514,113.09156664116665,279.9660374818435,105.68871834677681,293.38769274353024,125.03151496891246,282.7189796682019,132.43436326330232,container,0
285.6822014183728,112.9000267539848,289.9195026310135,109.9857837513571,297.3268562987209,120.75605536231532,293.0895550860802,123.67029836494302,container,0
284.4514442530431,102.13085614908668,292.84834019472135,95.93418292364079,306.965097417775,115.06330868569616,298.56820147609676,121.25998191114205,container,0
315.45775558127343,109.47370845147246,321.5198842038258,105.59167049830603,335.818016381455,127.91940592200105,329.7558877589026,131.80144387516748,container,0
237.39765124282,155.4790492718613,234.98947400937203,151.48500891122342,252.58468024299626,140.87610883920007,254.99285747644421,144.87014919983795,container,0
259.42401552759105,198.57539640005388,237.69294720551684,161.80550025968506,259.67035381689965,148.81681726774082,281.4014221389739,185.58671340810963,container,0
277.89997593820783,222.46031576711613,266.90806177009483,206.5181446063304,286.19401144354663,193.2207397972178,297.1859256116596,209.16291095800352,container,0
284.8598205355507,235.53089177652294,279.62425399556827,226.75799536092464,300.6083981695712,214.2348926246109,305.84396470955363,223.0077890402092,container,0
315.27228535051876,281.8238299363378,311.5137523684151,276.6712953352834,331.00652510248364,262.452229398559,334.7650580845873,267.6047639996134,container,0
226.40772170470157,217.65487987200476,232.75246835480147,213.4796380888418,246.44819741982113,234.29182948249365,240.10345076972123,238.4670712656566,container,0
217.67691789472474,162.5808149739863,222.8499081845013,159.20841397557206,249.36000196423976,199.87275305272723,244.1870116744632,203.24515405114147,container,0
252.34044329721533,215.12909161358397,258.2925799705146,211.18506964677175,283.9133261924071,249.85072223893474,277.9611895191078,253.79474420574695,container,0
303.54401731976105,290.5422496005122,309.39007560961466,287.1608363475138,321.1760144806778,307.53731224255245,315.3299561908242,310.91872549555086,container,0
327.190298847772,329.1907447929212,333.32397485777733,325.61613996704216,344.9967293420381,345.6454572309963,338.8630533320328,349.22006205687535,container,0
351.2974324660884,364.41542576440116,357.4954194583156,360.6262305444803,382.8012221740981,402.0189345243936,376.6032351818709,405.8081297443145,container,0
393.2396028067278,428.8384972620793,400.23547943892396,424.0409061180568,409.97572548213213,438.24419223392795,402.979848849936,443.0417833779504,container,0
418.6233672104938,468.81495994282017,424.03681592077004,465.1025569150829,431.6315768934238,476.1772836311981,426.2181281831476,479.8896866589354,container,0
435.0425962091131,496.6669987018289,441.86047400976634,491.9914745499439,463.88671385931667,524.1102716780833,457.06883605866346,528.7857958299684,container,0
417.94554124912844,513.6795151285929,423.67532824826844,509.75017548905447,437.0402807082144,529.239030582812,431.3104937090744,533.1683702223504,container,0
451.1394387129696,350.97618144323894,455.61912214896813,356.9672475079949,436.4033256285434,371.3354224624421,431.9236421925449,365.34435639768617,container,0
476.4885166645161,406.99968275946475,488.4113405067925,426.6410861335301,468.3808589110069,438.80009020234576,456.4580350687305,419.1586868282804,container,0
471.22011636603287,377.49054147502727,483.4711211279815,397.99704734898074,452.9889145084556,416.2077391531285,440.73790974650694,395.701233279175,container,0
440.8371291110849,396.75462769203824,444.11308874120215,402.0129598555118,436.86733502992104,406.5270901747819,433.5913753998038,401.26875801130836,container,0
424.28431412917905,294.34260367932865,427.49599814085497,299.84144605353697,401.9547146712399,314.7592280473979,398.743030659564,309.2603856731896,container,0
449.66018859040764,284.83398757959617,455.36206192225774,280.8806841811003,469.7724309566278,301.664846340386,464.0705576247777,305.61814973888187,container,0
444.6625294919404,261.94030993253466,449.2481729103704,258.8999286757865,460.788300917544,276.30528266765225,456.202657499114,279.3456639244004,container,0
471.7613157725955,240.96606699726405,476.9784104995669,237.60328395265546,490.7776120050753,259.01166518207344,485.5605172781039,262.3744482266821,container,0
457.3477814279354,249.78870012720074,467.078897416775,243.47208440761747,481.6268631763663,265.8840766029555,471.8957471875267,272.20069232253877,container,0
402.47026893799614,198.01272243561223,463.62076213185196,159.85279525114134,490.94674751548166,203.64212103101497,429.79625432162584,241.80204821548585,container,0
376.25538515798553,218.61298162230236,384.6167823828618,213.009304518909,397.1328124747795,231.68480943221965,388.7714152499032,237.288486535613,container,0
419.42981663156286,128.62170414403255,440.2360257586899,115.80944177109608,455.11573774280635,139.9730430369347,434.3095286156793,152.78530540987117,container,0
463.45267344654985,93.93422842021555,484.32578901674145,137.97625670138058,468.97394825756203,145.25205118422846,448.1008326873704,101.21002290306343,container,0
427.73717098791104,828.0119132923845,421.47540781680357,832.2860623972892,404.59275080893525,807.5524376950069,410.8545139800427,803.2782885901022,container,0
258.89877456934806,377.11295233465427,254.96954143477157,371.0130567657699,298.8363286221772,342.7563707655383,302.76556175675364,348.8562663344227,container,0
291.569644177009,379.4757101614004,284.6129347340951,368.67584167525104,306.04295180997957,354.87174745458464,312.9996612528935,365.671615940734,container,0
274.99414738555043,351.963044008732,268.03743794263653,341.16317552258266,289.467455018521,327.35908130191626,296.4241644614349,338.1589497880656,container,0
266.06034105766423,389.0064074317065,262.2915589347417,383.15560230400735,283.7215760106262,369.35150808334095,287.49035813354874,375.2023132110401,container,0
304.0434125057397,401.0087833508232,293.2030666506137,384.1798054352676,316.4453219361514,369.2083623082629,327.2856677912774,386.0373402238185,container,0
285.7836460036009,412.46764832459564,281.8751510653692,406.39994754478533,301.85654407151765,393.5289810523028,305.76503900974933,399.5966818321131,container,0
292.56404165352023,431.8510352035642,285.1349540338114,420.3178283155489,330.0673408247019,391.37473888054996,337.4964284444107,402.90794576856524,container,0
333.2915356153393,442.81264144390656,318.66983961230903,420.11334730592415,340.01283341620626,406.3653089176749,354.6345294192365,429.0646030556573,container,0
349.799472829918,469.8117248941504,343.2075607673073,459.57818216354633,364.8588352817872,445.631565493244,371.4507473443979,455.8651082238481,container,0
326.9314674170384,484.3686529040218,323.2925433367204,478.7194444929178,344.5984388999431,464.99530284762864,348.2373629802611,470.6445112587327,container,0
218.9717677235923,434.27931102158897,208.47992052079962,417.9913560772649,230.37012401509858,403.8908338763328,240.86197121789127,420.17878882065685,container,0
227.45775635837157,445.2608174830249,223.59234674964236,439.26000405795133,244.65430002214669,425.6929972555116,248.5197096308759,431.69381068058516,container,0
233.6771790184223,454.85542319518527,230.24107116025078,449.5210746390189,251.67108823613523,435.7169804183525,255.10719609430674,441.05132897451887,container,0
246.70065234933816,477.0346659822464,243.02164969287276,471.32323801819757,264.4516667687572,457.51914379753117,268.1306694252226,463.23057176158,container,0
250.85376986765445,533.5848367694522,247.09643347880237,527.751800448069,268.52645055468685,513.9477062274026,272.28378694353887,519.7807425487857,container,0
270.5666022705803,513.768332541117,256.544928054663,492.0005357500944,277.69709980412455,478.37541493160177,291.71877402004185,500.1432117226244,container,0
284.3599368132466,536.6221057978288,273.848687854464,520.3040308068346,295.8728710219485,506.11720592001296,306.3841199807311,522.4352809110071,container,0
197.7776086947521,454.3000780901198,180.38012714414123,427.2915456397395,201.59616921072976,413.6252829093016,218.99365076134063,440.6338153596819,container,0
219.03003546356018,486.14199572766313,207.99436297073527,469.0097850817052,228.64794800608013,455.70582770206886,239.68362049890504,472.83803834802677,container,0
145.528717726802,488.40166049246807,138.5720082838881,477.6017920063187,160.00202535977255,463.7976977856523,166.95873480268645,474.59756627180167,container,0
155.76741065961912,504.086466687422,148.8107012167052,493.2865982012726,170.24071829258966,479.4825039806062,177.19742773550357,490.2823724667556,container,0
125.7446912618339,510.17432806370215,107.29889665220239,481.538353320002,132.69936144960042,465.17670470019885,151.14515605923194,493.812679443899,container,0
171.0165277936026,526.0887642664547,166.90190230825957,519.7010583436887,187.98657941846798,506.1194140355667,192.101204903811,512.5071199583327,container,0
133.151297519026,519.4551578587843,129.20469347301287,513.3282950059362,150.63471054889732,499.5242007852698,154.58131459491045,505.6510636381179,container,0
142.6967388304909,534.149011894417,139.03568621515717,528.4654502779761,160.46570329104165,514.6613560573097,164.12675590637537,520.3449176737506,container,0
207.61440891516102,585.1246320280169,204.30609040625268,579.9886686677967,225.73610748213716,566.1845744471303,229.0444259910455,571.3205378073505,container,0
153.56235462868386,550.5871842161316,146.60564518576996,539.7873157299822,168.0356622616544,525.9832215093159,174.9923717045683,536.7830899954653,container,0
167.72365256776706,570.9656373479833,160.76694312485316,560.1657688618338,182.1969602007376,546.3616746411675,189.1536696436515,557.1615431273169,container,0
187.07158948856937,589.3514884444668,180.33258368755764,578.8895916273648,197.0490531612395,568.1217178158562,203.78805896225123,578.5836146329582,container,0
201.17954278230096,573.0972089932014,187.96508018690417,552.5825591696711,208.77733725459765,539.1763935800753,221.99179984999444,559.6910434036057,container,0
389.5234636178601,542.0991612134668,385.6383315689499,536.0677298990121,407.8644255867399,521.7508446211081,411.7495576356501,527.7822759355628,container,0
438.70194793409337,605.801268542898,425.48748533869656,585.2866187193677,446.29974240639,571.8804531297719,459.5142050017868,592.3951029533023,container,0
461.68449599215364,630.6498352879374,443.7740212644423,602.8449121168521,456.66851292314493,594.538956169452,474.5789876508563,622.3438793405373,container,0
473.61471250314185,663.492848128629,470.08007034204405,658.0055310574327,491.63181161813395,644.1230284844714,495.16645377923174,649.6103455556678,container,0
439.71408010031104,651.8151359505672,435.99380942925586,646.0396419027023,456.8060664969493,632.6334763131066,460.5263371680045,638.4089703609715,container,0
386.9136772653976,872.8778759093697,380.4235898880964,862.8024098124109,402.97577991678963,848.2754705693816,409.46586729409086,858.3509366663403,container,0
431.7846893258087,937.1436356001433,428.0013619640078,931.2702498733441,448.81361903170125,917.8640842837484,452.59694639350215,923.7374700105476,container,0
432.3121515819522,693.4378263749926,426.59334223223414,697.0207339601288,345.15558600904717,567.0349638438973,350.87439535876524,563.4520562587611,container,0
334.2511402169687,588.8669484905483,320.3835362577104,568.2105263506912,335.90256993526646,557.7918869845116,349.77017389452476,578.4483091243687,container,0
304.27423458966626,609.8401272598854,290.6727058032142,589.5800361016866,311.22671130789007,575.7811891287989,324.8282400943421,596.0412802869978,container,0
244.2860788213102,626.8610766791895,239.40292347588203,619.587396345802,269.14723515087815,599.618675162781,274.03039049630627,606.8923554961685,container,0
337.79952485205104,657.6684125688087,329.3236890943816,645.0432725725349,358.31659447503796,625.5790049116122,366.7924302327074,638.204144907886,container,0
361.3402905460467,628.7668784494477,355.0815838896943,619.44425234021,372.0569198539269,608.0479304295967,378.3156265102793,617.3705565388344,container,0
283.71493708986236,697.9540101617639,270.49062621979635,678.255802119241,291.06728903702515,664.441744252853,304.29159990709115,684.1399522953759,container,0
282.9325458202811,648.9058240593207,290.65736859019245,644.2370640567187,304.7123637758493,667.4921353777219,296.987541005938,672.1608953803238,container,0
263.57492402235494,694.875465435244,256.35113979028006,684.115312709267,269.54208557145864,675.2596255673745,276.7658698035335,686.0197782933516,container,0
261.5726327242229,715.434776766215,254.7225859160288,705.2313228052031,267.519432145362,696.640212774899,274.3694789535561,706.8436667359109,container,0
237.7540725282058,684.9027626972131,246.7339047851947,674.3332029366812,266.78945671828234,691.3722751649264,257.8096244612934,701.9418349254582,container,0
312.35625983531355,716.4732706041891,317.3933641055908,710.369945807793,346.07546697005006,734.0414277686427,341.0383626997728,740.1447525650389,container,0
299.15699843074856,729.2979655691333,306.8337012030006,719.9963097227535,333.74984695571584,742.2103385075991,326.0731441834638,751.5119943539789,container,0
287.5190351782349,748.9985555664913,282.2107152319245,743.8916633332833,290.2290986625704,735.557016201847,295.5374186088808,740.663908435055,container,0
340.6962077794318,762.8814531382486,358.3622725532897,748.8124268350018,366.83076729773063,759.4460679603897,349.16470252387273,773.5150942636365,container,0
294.9662701981495,748.5200069827741,302.398518761873,742.5985779845333,312.775945355343,755.6237470640541,305.34369679161955,761.5451760622949,container,0
287.4090245799915,757.4422132621269,293.6790702813748,752.9115871490609,302.31055748838264,764.8569160965912,296.0405117869994,769.3875422096572,container,0
352.14897041911246,684.8024226005394,345.09315436196897,682.8388127876643,348.78306020008887,669.5799175166977,355.83887625723236,671.5435273295728,container,0
384.7098267663121,734.9303134534338,428.2452312999797,711.2895453688808,432.927445203642,719.9120264862473,389.3920406699744,743.5527945708003,container,0
414.0815336342741,705.5758087972015,419.0675297259979,702.8682934189127,424.2126460507365,712.3432275568027,419.2266499590127,715.0507429350915,container,0
462.4463061342197,712.8185299857042,453.70094693457605,699.8733557609673,473.40485950910175,686.5620020386419,482.1502187087454,699.5071762633788,container,0
480.9703213444683,692.2152885783869,476.38152185979135,685.4227935584058,488.72397835381287,677.0846118103432,493.3127778384898,683.8771068303242,container,0
468.9689602940562,745.9807431080269,465.4980605457029,740.8430007999855,485.20297039305086,727.5309733509957,488.67387014140417,732.6687156590372,container,0
394.77839757585605,838.4511750818465,385.9384948758112,825.3660543944692,397.08690490036156,817.834533498961,405.9268076004064,830.9196541863383,container,0
357.38960484426076,836.0266672941547,352.85704320259913,829.3174174170244,363.57618509322486,822.0758967918067,368.1087467348865,828.7851466689369,container,0
372.5293472206645,820.8010138481872,368.8174446828094,815.3065311218818,403.1544373353629,792.1095212270067,406.86633987321795,797.604003953312,container,0
393.5496908149977,814.7730155409621,390.960633641229,810.9406062108105,400.7129018350439,804.3522755413634,403.3019590088126,808.184684871515,container,0
400.9650001812177,822.1769993657605,397.50368447104853,817.0534436727268,405.9228740474818,811.3656996734913,409.384189757651,816.4892553665251,container,0
654.3637916243296,755.3496737626325,682.0528092722203,767.4483878733486,672.1241888955298,790.1709468423134,644.435171247639,778.0722327315973,container,0
697.6189396035608,656.0197648300865,723.6290523887147,668.0165860163048,688.3352977737894,744.5364010486675,662.3251849886354,732.5395798624492,container,0
637.2405608816553,722.943877511525,671.3791514113543,645.6249991127174,696.8514990050005,656.8718001830116,662.7129084753014,734.1906785818192,container,0
682.1272908721686,595.9687487528687,692.402155968103,601.0905817557235,681.1186664128305,623.7262930190908,670.8438013168961,618.604460016236,container,0
804.7839361807589,553.2732725516885,810.4635481642772,541.4381007262929,831.9843418796127,551.7657714761306,826.3047298960944,563.6009433015262,container,0
783.5431911218833,538.6895545258365,786.2225807887713,532.6990269114805,808.4759269139294,542.6523047360486,805.7965372470413,548.6428323504045,container,0
805.5075611923672,536.8001871511548,807.8478010525463,532.0730622362679,821.1965462699342,538.6815750645891,818.8563064097551,543.408699979476,container,0
790.843016368178,516.9771001943052,819.957037643498,445.76495381443556,870.6809762764453,466.50267769443235,841.5669550011254,537.714824074302,container,0
739.8454657710165,485.42188680157165,773.9257479453673,402.4979635190156,798.0369858484182,412.4072606045978,763.9567036740674,495.3311838871538,container,0
822.6206736786826,441.6198425842245,844.0130462410032,391.7912719796384,893.8932186887816,413.2057982148635,872.500846126461,463.0343688194496,container,0
687.4058056855222,90.23484233419904,827.0066821466646,312.1269841424255,782.6513368083879,340.0326370172878,643.0504603472455,118.14049520906133,container,0
709.1389397073933,262.639180568514,722.5029731024512,283.03857360824776,700.9141075644002,297.1818532367132,687.5500741693423,276.78246019697946,container,0
693.5392909263363,237.3831144281203,706.9033243213942,257.78250746785403,685.3144587833432,271.9257870963195,671.9504253882853,251.5263940565858,container,0
680.045914113212,216.92615249944623,690.9894467406059,233.63079672698282,669.0467224897812,248.00589598093563,658.1031898623874,231.30125175339904,container,0
674.6896730271642,209.11779542562053,678.0792570241098,214.2917914903457,657.0102071087506,228.09452994058122,653.620623111805,222.92053387585605,container,0
660.9134549734993,187.99760266390587,671.2950757095944,203.84452219221023,649.971424759211,217.8140546606723,639.5898040231159,201.96713513236793,container,0
641.7079788875701,157.35249764604745,655.3007338270534,178.10102036418465,633.0886587609739,192.65257650011628,619.4959038214906,171.9040537819791,container,0
934.2504179644012,306.99377355397945,943.0308155705279,318.41002140629706,903.8174418096477,348.5695814957608,895.037044203521,337.1533336434432,container,0
636.8479583146179,147.8809410516603,640.614331894684,153.63008374855374,619.0714734807907,167.74322322812085,615.3050999007246,161.9940805312274,container,0
600.1564222565978,77.43039285446285,603.3789408027308,82.34937355864975,583.1601432590651,95.59509538258634,579.9376247129321,90.67611467839944,container,0
586.0049318049904,58.14506816273659,589.9552793295013,64.1750360185367,570.9728491615634,76.61078987599497,567.0225016370525,70.58082202019486,container,0
580.4591048817204,48.05248099151722,584.1098641751825,53.62514543489812,565.0461175487942,66.11417126295775,561.3953582553321,60.54150681957686,container,0
565.5204671918467,22.276622146634043,578.2410824612101,41.69387612348689,558.40864560733,54.68648565379917,545.6880303379666,35.26923167694632,container,0
648.3540643841817,66.05035918350985,652.0048236776438,71.62302362689076,632.9410770512555,84.1120494549504,629.2903177577934,78.5393850115695,container,0
635.2669842669043,47.42246863210905,644.70907406371,61.835250700786645,626.2631982113721,73.9194975414442,616.8211084145664,59.506715472766615,container,0
602.952710509678,-3.986853509069528,606.6034698031401,1.585810934311373,587.5397231767519,14.074836762371008,583.8889638832898,8.502172318990107,container,0
632.9696729998963,-1.7060207087061485,637.2276410416673,4.7935113612178775,597.1424350147416,31.054098181040345,592.8844669729706,24.55456611111632,container,0
645.0225668906693,12.721750705913314,648.5985760172786,18.18031351632616,608.4533130419792,44.48024479419736,604.8773039153699,39.02168198378452,container,0
637.4232993890336,25.50793324372826,639.9310825665269,29.335913403897482,629.1890323350339,36.37323641372643,626.6812491575405,32.545256253557206,container,0
650.5156808449365,22.910819575803416,654.0742862667918,28.342816677860945,634.2729932457005,41.3150232863495,630.7143878238452,35.88302618429197,container,0
773.8885824732179,4.532676802216535,793.6129295905102,34.77884261951836,771.6360252493091,49.11057948850749,751.9116781320167,18.864413671205664,container,0
729.2329192564762,33.21882181095386,772.9348541980327,99.92719652957473,731.2610062160941,127.22853314514995,687.5590712745376,60.520158426529086,container,0
804.6078587424503,148.3089408972328,808.2026763834643,153.796213773424,794.9412328693326,162.4840396143365,791.3464152283185,156.99676673814528,container,0
827.3699527030548,183.33007733872756,830.3519404707255,187.8819022791598,791.5107964825562,213.3274802112628,788.5288087148855,208.77565527083058,container,0
828.3153733749534,224.568400259749,831.9661326684155,230.1410647031299,812.9023860420273,242.63009053118952,809.2516267485652,237.05742608780864,container,0
853.9507798927813,213.4009489219717,857.8860352343147,219.40787946835442,836.3465141081923,233.5188326267339,832.4112587666589,227.51190208035118,container,0
861.6596264111921,235.97914228460303,865.3103857046542,241.55180672798392,846.246639078266,254.04083255604354,842.5958797848039,248.46816811266265,container,0
844.9192965323422,254.36361170512566,848.5700558258043,259.9362761485066,829.506309199416,272.4253019765662,825.8555499059539,266.85263753318526,container,0
876.9577564330679,212.03634150619507,880.7173031595304,217.7750634217446,839.4799338824529,244.79045447135934,835.7203871559904,239.05173255580982,container,0
891.5222027536976,232.53156281894633,894.780694380995,237.50545426750438,874.5616090753298,250.75136460984265,871.3031174480324,245.7774731612846,container,0
896.5555673883919,242.03578823745482,900.3228607907266,247.78633498770785,859.5385332962753,274.50492968163786,855.7712398939406,268.75438293138484,container,0
