46.85589832738475,350.22877491017647,133.21431147080068,350.2287749101765,133.21431147080068,372.16824645149615,46.85589832738475,372.1682464514961,container,0
21.6106374292659,392.4492974466857,102.25226178511153,392.4492974466857,102.25226178511153,409.06673406576215,21.6106374292659,409.06673406576215,container,0
137.69777385765542,394.42056252404547,213.05729225712736,394.42056252404547,213.05729225712736,410.9539508259407,137.69777385765542,410.9539508259407,container,0
20.81274540644212,412.14173374847854,213.8112371413049,412.14173374847854,213.8112371413049,416.64168347297397,20.81274540644212,416.64168347297397,container,0
191.39188463464205,356.24911328133965,191.40526942556437,363.4740180514031,167.98737118089917,363.51740183040374,167.97398638997686,356.2924970603403,container,0
264.7651682320518,406.09505340454825,265.46195644126584,413.2862921212517,242.15317911057474,415.5447738453387,241.4563909013607,408.35353512863526,container,0
251.69138661848282,353.8308267068506,251.70477140940514,361.05573147691405,237.5270660140395,361.08199696116816,237.51368122311717,353.8570921911047,container,0
270.05659901608834,345.96295721577974,270.06998380701066,353.1878619858432,255.892278411645,353.2141274700973,255.8788936207227,345.98922270003385,container,0
207.6367219806792,354.1902013282213,207.65010677160151,361.41510609828475,193.47240137623587,361.44137158253886,193.45901658531355,354.2164668124754,container,0
274.0879871897668,374.8196724522598,280.7350665291136,377.6508849744033,275.1792705251382,390.6947015522173,268.53219118579136,387.86348903007377,container,0
279.1138230345506,351.59883163749817,286.3386162617625,351.6411508192707,286.18870042101287,377.2350046116725,278.96390719380094,377.19268542989994,container,0
87.68639411332715,576.2047025834536,287.5992927941883,576.2047025834536,287.5992927941883,603.4445352691359,87.68639411332715,603.4445352691359,container,0
188.8426193016017,637.8231663113731,257.1762708968919,637.8231663113733,257.1762708968919,693.1174330603455,188.8426193016017,693.1174330603454,container,0
2.339902711843454,640.1939635561581,65.14169406930182,640.1939635561582,65.14169406930182,681.2634468364203,2.339902711843447,681.2634468364201,container,0
81.36647753801219,639.4036978078964,119.67003069935825,639.4036978078965,119.67003069935825,692.7223001862146,81.36647753801219,692.7223001862145,container,0
135.89481416806862,639.4036978078964,177.75456319659227,639.4036978078965,177.75456319659227,692.3271673120837,135.89481416806862,692.3271673120836,container,0
122.85542932175079,644.5404251715975,133.89481416806862,644.5404251715975,133.89481416806862,684.0293769553361,122.85542932175079,684.0293769553361,container,0
67.53682694343266,657.1846771437845,78.97134466388135,657.1846771437845,78.97134466388135,692.7223001862146,67.53682694343266,692.7223001862146,container,0
1.9999999999999893,682.8683139622892,24.047875159694062,682.8683139622892,24.047875159694055,712.8740767668876,1.9999999999999822,712.8740767668876,container,0
89.61040555317152,527.0678192048263,109.24584465708625,527.0678192048263,109.24584465708625,552.3452272235556,89.61040555317152,552.3452272235556,container,0
112.2150677455292,527.9637623538148,135.23624490486577,527.9637623538149,135.23624490486577,552.3194022949828,112.21506774552918,552.3194022949826,container,0
138.23709199123923,528.2973780492728,171.93397140522606,528.2973780492728,171.93397140522606,538.3075430857543,138.23709199123923,538.3075430857543,container,0
173.93397140522606,528.9646094401883,198.2896113463939,528.9646094401884,198.2896113463939,554.6547121631875,173.93397140522606,554.6547121631874,container,0
201.29045843276737,541.6420058675856,222.97717281027263,541.6420058675857,222.97717281027263,553.987480772272,201.29045843276737,553.9874807722719,container,0
228.0275046397386,540.7249893025926,249.22469070079327,545.3067884671701,246.56271155452862,557.6221399758654,225.36552549347394,553.0403408112878,container,0
251.6664284468983,541.6420058675857,273.35314282440356,541.6420058675858,273.35314282440356,562.3278731587176,251.6664284468983,562.3278731587175,container,0
275.35314282440356,548.9815511676577,288.69946481546333,548.9815511676577,288.69946481546333,558.6581005086814,275.35314282440356,558.6581005086814,container,0
9.53221082552247,729.2663468687003,110.2861651263867,729.2663468687003,110.28616512638669,764.3163776305535,9.532210825522455,764.3163776305535,container,0
9.86643263442491,782.9784738374096,154.6618735043416,782.9784738374096,154.6618735043416,824.0319659273334,9.86643263442491,824.0319659273334,container,0
112.95821739936709,730.6008096505316,121.63391965401736,730.6008096505317,121.63391965401736,743.2799002506758,112.95821739936709,743.2799002506757,container,0
124.30115104493304,728.5991154777846,134.6449317768724,728.5991154777846,134.6449317768724,754.2892182007838,124.30115104493302,754.2892182007838,container,0
14.363900904660575,845.472189086714,36.40924294210954,845.472189086714,36.40924294210953,895.984801877974,14.363900904660564,895.984801877974,container,0
38.6958760597327,840.7118638328229,60.741218097181665,840.7118638328229,60.74121809718166,880.4891537022961,38.69587605973269,880.4891537022961,container,0
78.0429004317769,841.5285298267235,100.08824246922586,841.5285298267236,100.08824246922586,864.4189014016735,78.0429004317769,864.4189014016733,container,0
102.87366470996962,840.3209266362901,149.86056503282975,840.3209266362901,149.86056503282975,895.6297284719853,102.8736647099696,895.6297284719853,container,0
63.75551017101594,855.3505109399852,83.49907051952903,855.3505109399852,83.49907051952903,894.4443298495929,63.755510171015935,894.4443298495929,container,0
39.25727197490373,883.8000778774058,65.31170603819363,883.8000778774059,65.31170603819363,900.7664558356864,39.25727197490373,900.7664558356863,container,0
2.9050475548661057,859.696972555424,12.759033778791409,859.696972555424,12.759033778791402,892.4686654789384,2.905047554866097,892.4686654789384,container,0
166.11980531925195,831.837737344108,192.11981731008117,832.8807333223449,189.61321655190602,895.365777491871,163.6132045610768,894.322781513634,container,0
202.83624505768887,835.792688865825,252.31709764303562,838.540801136638,249.06066608465625,897.1741443248935,199.5798134993095,894.4260320540805,container,0
254.96740724790934,854.6653137994622,266.24660602890884,855.7885597305635,260.6292133765902,912.196231997222,249.35001459559072,911.0729860661206,container,0
266.92821343260204,872.0977580932588,278.7462053187316,872.6228304399033,277.0285206139934,911.2833769974407,265.21052872786385,910.7583046507962,container,0
2.509914680735278,912.5659795866585,279.07859094298004,912.5659795866585,279.07859094298004,924.0966129463303,2.509914680735278,924.0966129463303,container,0
646.662964488211,867.3110789481511,657.3517362292141,868.0036457923385,655.9013588626153,890.3881314777341,645.2125871216122,889.6955646335467,container,0
675.2392184938687,866.3316004431399,700.8257172853104,866.3316004431399,700.8257172853102,891.6476433640771,675.2392184938686,891.6476433640771,container,0
727.7954100198424,867.7425876710734,750.0547099060809,867.7425876710734,750.0547099060809,892.3221191634577,727.7954100198424,892.3221191634577,container,0
766.2353456163693,866.1767624194337,783.8477172544029,866.1767624194337,783.8477172544029,890.756293911818,766.2353456163693,890.756293911818,container,0
790.2821246927284,868.3251941532199,807.8944963307621,868.3251941532199,807.8944963307621,892.9047256456042,790.2821246927284,892.9047256456042,container,0
711.0553794372083,868.0751183074262,717.4124576544167,868.0751183074262,717.4124576544166,893.0034814517644,711.0553794372082,893.0034814517644,container,0
594.5544381306224,2.5653118016237695,664.7226815108697,2.5653118016237872,664.7226815108697,26.257206444991844,594.5544381306224,26.25720644499183,container,0
608.2107408596298,28.894358068202713,675.1439588872056,28.89435806820273,675.1439588872056,44.78469310374869,608.2107408596298,44.78469310374867,container,0
588.3461490984564,67.14485920892297,663.0037937755858,67.14485920892298,663.0037937755858,83.03519424446894,588.3461490984564,83.03519424446893,container,0
599.5646622219421,86.63161707077889,683.7890897051215,86.6316170707789,683.7890897051215,102.52195210632486,599.5646622219421,102.52195210632485,container,0
736.1579052135794,130.36690470839795,766.6098029172567,130.36690470839795,766.6098029172567,146.2572397439439,736.1579052135794,146.2572397439439,container,0
342.9245176517162,305.1949573048149,375.88202310757555,305.1949573048149,375.8820231075755,370.9251241255424,342.92451765171614,370.9251241255424,container,0
337.09610758774954,408.2324389367847,369.1249085244473,408.2324389367848,369.1249085244473,420.91152953692887,337.09610758774954,420.9115295369288,container,0
339.70266647591694,590.6237386721899,370.78266351483126,590.62373867219,370.7826635148312,602.5521584780487,339.7026664759169,602.5521584780486,container,0
407.32402562113845,532.4487519248569,415.31403186132366,533.0290537342908,410.6033734042599,597.8887351198086,402.6133671640747,597.3084333103748,container,0
596.9431697653692,362.9811274701874,710.7231594015695,362.98112747018746,710.7231594015695,385.7911252493732,596.9431697653692,385.7911252493731,container,0
587.3673811488414,335.9948140963362,637.1636923018784,335.9948140963362,637.1636923018783,360.5458643512543,587.3673811488413,360.5458643512543,container,0
645.6926390858746,338.60639280993473,654.1389539402685,338.60639280993473,654.1389539402685,358.804811875522,645.6926390858746,358.804811875522,container,0
644.3868497290753,269.39955689957446,663.2794794378633,269.3995568995745,663.2794794378633,292.20955467876024,644.3868497290753,292.2095546787602,container,0
796.0154793400943,340.41360569510107,805.5623982809338,340.41360569510107,805.5623982809338,361.79611655030124,796.0154793400943,361.79611655030124,container,0
819.1275343247902,338.9702408274961,827.2310883980248,338.9702408274961,827.2310883980248,360.93009762973827,819.1275343247902,360.93009762973827,container,0
840.7780073388644,339.8362597480591,910.3689047720698,339.8362597480591,910.3689047720698,363.81682736494815,840.7780073388644,363.81682736494815,container,0
732.4561051369958,74.68910066168065,748.2191124607964,74.68910066168067,748.2191124607964,98.25289695831627,732.4561051369958,98.25289695831626,container,0
829.0783371698569,86.91466820152098,840.6679286447381,86.91466820152098,840.6679286447381,110.73749921610246,829.0783371698569,110.73749921610246,container,0
862.6920007778645,84.96965737490986,887.78503660294,84.96965737490986,887.78503660294,108.79248838949134,862.6920007778645,108.79248838949134,container,0
667.9627210036133,338.49501872305615,719.4051670098593,338.49501872305615,719.4051670098593,359.8775295782563,667.9627210036133,359.8775295782563,container,0
814.3283544252556,291.69287734999153,798.1061885835027,291.5044817891843,798.3710738399309,268.6960220760124,814.5932396816838,268.88441763681965,container,0
937.9127867874474,290.60584826085307,908.1927264721435,290.69188497877326,908.1402201531398,272.55438502008695,937.8602804684438,272.46834830216676,container,0
