16.812853425606,14.856594932690891,22.811677483262024,6.795013498267247,48.172196880174106,25.66640927964908,42.17337282251808,33.727990714072725,container,0
-0.4622129706783582,33.7523655623392,5.536611086977665,25.690784127915556,30.897130483889747,44.56217990929739,24.898306426233724,52.623761343721036,container,0
39.647217428227464,50.54768711594856,44.71228523188163,43.74094363129463,47.12294152086443,45.534773174383986,42.05787371721026,52.34151665903792,container,0
45.630769413794184,54.90595458909459,50.52063120315816,48.334663509516375,52.93128749214097,50.128493052605734,48.04142570277699,56.69978413218395,container,0
56.594327883744285,40.0819748631339,72.91264879954136,18.152431394049565,75.32330508852417,19.946260937138923,59.00498417272709,41.87580440622326,container,0
49.14086286478387,36.13082151455322,54.27113100715445,29.236457883840234,58.365493776036644,32.28317546382553,53.23522563366606,39.17753909453852,container,0
57.98085467846285,26.61927370856153,61.18495495432031,22.31341058445167,64.12315052809849,24.499795282969465,60.91905025224103,28.805658407079324,container,0
67.18647373690565,14.812165855873761,71.03260260720624,9.643505999006539,73.97079818098443,11.829890697524334,70.12466931068384,16.998550554391556,container,0
117.24665405328592,52.01263336619793,140.65714805172203,70.2062736649456,126.93966582461867,87.85711374302288,103.52917182618256,69.66347344427521,container,0
116.44288376524338,83.49099982974568,125.26393781479206,90.34634788194916,112.84708770742466,106.32361192283568,104.02603365787598,99.4682638706322,container,0
94.6754434668776,95.26213017662567,111.13332078203725,108.05249248051112,97.56769042484746,125.50793860603741,81.1098131096878,112.71757630215197,container,0
70.21723462616559,135.99626973951484,81.62053319021257,144.8584284067927,75.4536339087759,152.7936275338729,64.05033534472892,143.93146886659503,container,0
93.54063387336028,124.7915563823251,96.60400021040407,127.32682968571285,83.62203029462783,143.01292142791806,80.55866395758405,140.4776481245303,container,0
59.8230730210182,158.04723422421756,66.99488225982611,163.6208593510869,53.80660553023077,180.59074927735736,46.63479629142285,175.01712415048803,container,0
53.84220813923822,136.69085111101958,74.9366284659654,153.08453745359327,68.76972918452873,161.01973658067345,47.67530885780154,144.62605023809977,container,0
219.08526282496723,14.597230740780144,244.0228888124087,33.9776930732077,231.2544843246007,50.40731637690736,206.31685833715923,31.0268540444798,container,0
205.00773221390872,32.76478869563442,224.77191782067052,48.12467318808175,218.83647030438104,55.762053952814796,199.07228469761924,40.40216946036747,container,0
204.63818960228028,48.47826117066991,220.91807924910216,61.13029902845157,214.98263173281268,68.76767979318461,198.7027420859908,56.115641935402955,container,0
188.8896454939043,50.59457636124684,209.44216819027014,66.56712291214436,195.65993325850428,84.30128291844888,175.10741056213845,68.32873636755136,container,0
173.8625786839634,68.00407917487196,198.58282556541283,87.21560371114936,126.60654727260956,179.83039675613566,101.88630039116012,160.61887221985825,container,0
100.18145016769734,162.60386917192704,118.8067622289694,177.07866958055354,92.43678596534434,211.00998628911736,73.81147390407227,196.53518588049087,container,0
280.37667262831815,27.1920475667034,284.92338853606236,31.052093846345826,272.28648450069727,45.93699636817639,267.73976859295306,42.07695008853396,container,0
298.9749703908306,4.822938547610919,302.84107860862065,8.105166191822601,290.20417457325556,22.99006871365316,286.3380663554655,19.70784106944148,container,0
307.90852475259953,9.265125582380437,311.7746329703895,12.54735322659212,297.5886798979045,29.256867524735732,293.7225716801145,25.974639880524045,container,0
321.2467920375029,18.925901616676974,325.1129002552929,22.20812926088866,310.9269471828079,38.91764355903227,307.0608389650179,35.635415914820584,container,0
263.9840190726967,48.25163982894935,267.8603546198749,51.54255021594874,254.21066148745751,67.62040846036827,250.33432594027929,64.32949807336888,container,0
273.5625600854186,58.539690242823816,286.27981863423815,68.82006055499757,258.1832189994835,103.57675812986255,245.46596045066394,93.2963878176888,container,0
236.32146267523305,90.58630395945548,256.06451065966644,106.5461779835494,243.46243603998633,122.13548423647771,223.7193880555529,106.17561021238379,container,0
231.99983482893074,85.2219830525539,234.974572201473,87.61600024800175,228.55385903564982,95.59419499491756,225.57912166310757,93.2001777994697,container,0
219.3590479648524,103.29040242205213,222.33378533739466,105.68441961749998,215.91307217157149,113.66261436441579,212.93833479902924,111.26859716896793,container,0
228.90169261551904,114.42295093228786,241.38046732501493,124.5105358125775,235.78729434667304,131.42953043182916,223.30851963717714,121.34194555153954,container,0
204.6052081259041,122.04693398164943,212.31730098797934,128.28123127140333,198.5916410654156,145.26046068512517,190.87954820334036,139.02616339537127,container,0
188.1415482577745,139.66949976864856,193.0535962579491,143.62263105540598,178.79432368809813,161.34079577847388,173.88227568792354,157.38766449171646,container,0
208.8454203130173,156.31894597124062,213.7574683131919,160.27207725799803,199.49819574334094,177.99024198106594,194.58614774316635,174.03711069430852,container,0
158.3273796754053,176.16195857528558,175.4938974951377,190.0390185941495,167.91369165934626,199.41605799445952,150.74717383961385,185.5389979755956,container,0
166.62153972247535,200.16069790583538,174.15295976975082,206.2489430071908,168.0661994015706,213.77852637591366,160.53477935429513,207.69028127455823,container,0
144.32670101353924,194.48225588283674,151.68251275397796,200.42854283989203,136.62131837042486,219.05988560415608,129.26550662998613,213.1135986471008,container,0
127.45231536127727,215.0003057613764,152.29570016824997,235.0831871971099,139.01214698256155,251.51551163481543,114.16876217558885,231.43263019908193,container,0
357.70781452319574,17.96375543984704,382.6967160693545,38.1642696153499,375.26314512042774,47.35991537789118,350.27424357426895,27.15940120238832,container,0
370.6414043870729,46.60717258390222,374.5075126048629,49.8894002281139,369.2290796575514,56.10682181087423,365.3629714397614,52.82459416666255,container,0
342.2057372172632,37.615287464816376,366.30406153047977,57.095877317707505,352.55893948359045,74.09918221309412,328.4606151703739,54.618592360202996,container,0
318.7274235950954,92.52931124764979,322.5935318128854,95.81153889186146,313.93142841450606,106.01455731774033,310.0653201967161,102.73232967352865,container,0
326.7523292668664,99.96319931232674,330.6184374846564,103.24542695653842,316.79058436780855,119.53313834173642,312.92447615001856,116.25091069752473,container,0
289.42924997380845,101.36604957543327,314.7593684163164,121.84239647367066,301.0142463694271,138.84570136905728,275.68412792691913,118.36935447081989,container,0
286.18454402488504,130.3725758036738,298.8389239776061,140.60211635170302,285.0938019307168,157.60542124708965,272.4394219779957,147.37588069906045,container,0
259.5693499134249,138.65447010207578,276.36125642519403,152.22870204252905,269.211408981799,161.07336967231254,252.4195024700299,147.49913773185926,container,0
244.35934150208607,157.09413776746055,251.67095932041667,163.00469926662137,247.66756477621783,167.9570698472046,240.35594695788723,162.04650834804377,container,0
236.76585298305707,166.4678058956434,244.07747080138768,172.37836739480423,240.07407625718884,177.33073797538745,232.76245843885823,171.42017647622663,container,0
259.05251014165606,165.90785748763057,262.8072054361318,168.92957133087992,258.38779424195457,174.42100542289415,254.6330989474788,171.3992915796448,container,0
250.5944322902527,177.17824649078628,254.34912758472848,180.19996033403564,249.92971639055122,185.69139442604987,246.17502109607545,182.6696805828005,container,0
230.63280091680696,175.74226832202902,253.3157028050613,194.07865979121132,249.18900600441862,199.183560546023,226.50610411616427,180.8471690768407,container,0
223.83655732565342,182.64544142618897,248.4597100098262,202.01077022314874,243.11412606558667,208.80771805838182,218.49097338141388,189.44238926142205,container,0
215.38774110565288,193.8724756549363,238.90946782133787,212.37156785340449,225.7225434131409,229.1388356102347,202.2008166974559,210.63974341176652,container,0
200.53590233975933,211.4207746668837,205.44795033993393,215.37390595364107,191.18867777008296,233.09207067670894,186.27662976990837,229.13893938995156,container,0
216.92249679956078,224.9235775420537,225.9188053567876,232.16365109622757,207.5764688165381,254.95531446012416,198.58016025931127,247.71524090595028,container,0
178.59653919091508,239.80204108945918,204.4095443796571,260.57590128244186,198.168621639897,268.33069358235264,172.355616451155,247.55683338936998,container,0
194.6967621947864,235.87501343784186,199.608810194961,239.82814472459927,193.5884511277963,247.30887090621223,188.6764031276217,243.35573961945482,container,0
158.61526044559298,254.74894995873407,163.52730844576757,258.7020812454915,157.50694937860288,266.1828074271044,152.5949013784283,262.229676140347,container,0
464.021776283741,-1.0057248856624756,478.322217962165,9.116640792183118,472.36976936089513,17.526003462470754,458.06932768247117,7.403637784625163,container,0
443.0298686647202,1.2052014542969367,456.8557643997164,11.966684913330212,453.9086491134981,15.753013147851139,440.0827533785019,4.991529688817863,container,0
424.8407880193232,31.114417314980408,427.4426762472268,27.988786124504045,443.9060092657222,41.69345880098573,441.3041210378186,44.81908999146209,container,0
437.494136572417,8.418693674199545,448.0202460665674,16.462913887001474,443.94830071503407,21.791179584678957,433.4221912208837,13.746959371877029,container,0
427.6179032231953,18.909374342133273,429.0813637662602,14.921472041688075,442.0625711178508,19.685250923200957,440.59911057478587,23.673153223646153,container,0
451.9008002272349,40.118505845119586,447.8870733721932,39.463227719054835,450.89983255697035,21.009395725097953,454.9135594120121,21.664673851162703,container,0
417.8975048641066,27.98502056191277,442.7483709488445,48.886143668552066,436.45585138284457,56.36777804161529,411.60498529810667,35.46665493497599,container,0
411.0345137607992,38.58507611892904,429.98136569906535,53.26480613207176,421.4628949757339,64.25943637328987,402.51604303746774,49.57970636014715,container,0
413.4312761638036,62.58262340259092,419.1607399005336,66.89036188710814,412.33324193128095,75.97120608599056,406.60377819455096,71.66346760147333,container,0
408.3087699016565,76.33118502196626,413.9976914878831,80.85777252712838,407.7177058995741,88.75032857156165,402.0287843133475,84.22374106639954,container,0
393.44972672621634,78.14792851747792,410.4992060082868,91.93524813658924,397.0116258989649,108.61406780509078,379.9621466168944,94.82674818597947,container,0
365.2313363573401,97.83497831978255,372.98783602270214,104.28281853319857,359.27592724099617,120.77770866020293,351.51942757563415,114.32986844678692,container,0
376.7927570564518,107.64086368327972,384.5857703616883,114.04452467531497,370.9678126447682,130.61706432257324,363.1747993395317,124.21340333053799,container,0
349.3032936267842,117.89898742604551,364.0220108000023,130.3649302898081,350.15907542679753,146.73309651507958,335.4403582535794,134.267153651317,container,0
346.57894078485145,146.0453719054924,356.8555472327787,155.04637824641432,345.61774368800917,167.87677520366043,335.34113724008193,158.8757688627385,container,0
368.4125711068093,134.03915366496574,372.06792731004947,137.2016670731001,357.79115146214474,153.70332079690013,354.1357952589046,150.54080738876576,container,0
337.4006257562834,138.94382437903053,341.1279324987657,142.0212103601259,327.235453897228,158.84767589919076,323.5081471547457,155.7702899180954,container,0
343.09517579983446,142.54710203391198,345.31560615375383,144.38036173461464,338.855602283679,152.20466980948964,336.6351719297596,150.371410108787,container,0
317.91016952582663,155.55732883178328,326.39065897926105,162.4199209574209,314.3096698202979,177.3490758997486,305.8291803668635,170.48648377411098,container,0
328.47600600652873,166.24210753410046,340.4274140963004,175.91344071569335,328.3464249373373,190.84259565802108,316.3950168475656,181.17126247642818,container,0
302.99014709126146,174.2580821537879,327.7739883424427,194.31369271109244,315.15822937621334,209.90369265593662,290.3743881250321,189.8480820986321,container,0
289.72055801289804,191.70547087032278,301.87596765257825,201.5418864375147,289.2602086863489,217.13188638235889,277.1047990466687,207.29547081516696,container,0
304.49110983216224,205.29238893326027,312.350310235626,211.6522207682938,299.73455126939666,227.24222071313795,291.8753508659329,220.88238887810442,container,0
274.21199110098934,210.75200035704535,297.87628383171506,229.90164848105712,270.0421569563916,264.29783800977754,246.3778642256659,245.14818988576576,container,0
257.75064270020704,257.64192214151393,268.7385676017542,266.5335842702744,255.39627804726348,283.0213987549526,244.40835314571632,274.12973662619214,container,0
244.73742951228047,246.67578629223527,249.32095210311834,250.42899365511948,235.7370347952994,267.0180562441407,231.15351220446152,263.2648488812565,container,0
229.3682153096409,264.697516361201,254.1980059872723,284.790310169999,225.80036083658604,319.8828707934226,200.97057015895464,299.79007698462465,container,0
13.477478813783682,293.12478380527347,25.667330773970704,302.6343866372926,12.096325598188427,320.03033334147193,-0.09352636199859532,310.5207305094528,container,0
44.495732607932965,317.0370028341989,68.5756257434525,335.8223187432152,55.00462056767023,353.2182654473945,30.92472743215069,334.43294953837824,container,0
37.39383003372137,343.73713365185284,52.19756895661331,355.2858938866281,38.626563780831034,372.68184059080744,23.822824857939096,361.13308035603217,container,0
12.587095195917835,358.090797976566,19.123312003136185,363.18986120256943,5.552306827353908,380.58580790674876,-0.9839099798644426,375.48674468074535,container,0
10.827310771279112,390.76502548435275,18.481997986125847,396.7366349390266,4.910992810343572,414.1325816432059,-2.743694404503165,408.16097218853207,container,0
21.544744864299656,363.4988858121654,24.68618227157557,365.93298020612195,15.969345451804305,377.182912553338,12.827908044528389,374.7488181593814,container,0
25.262158856235217,367.3198470307746,28.403596263511133,369.7539414247312,24.477916486558975,374.82041597515246,21.33647907928306,372.3863215811959,container,0
30.455130325025152,369.8052316747702,33.59656773230107,372.23932606872677,25.783746117377262,382.3225381817954,22.642308710101346,379.8884437878388,container,0
34.725878370781075,373.8474855283689,37.86731577805699,376.2815799223255,24.798354194535243,393.1483558759039,21.656916787259327,390.71426148194735,container,0
73.17422902157139,369.4820629493437,81.38441892293645,376.00864425128066,68.55539328247613,392.14706831816545,60.34520338111107,385.6204870162285,container,0
82.71001666834731,376.53456250939433,85.85145407562322,378.9686569033509,74.53961447327858,393.5676947057215,71.39817706600266,391.13360031176495,container,0
58.20739391544333,388.5258813376921,61.34883132271925,390.9599757316487,50.0369917203746,405.5590135340193,46.895554313098685,403.12491914006273,container,0
63.76925475344682,390.3727425126162,66.91069216072273,392.8068369065728,62.46117045648578,398.5493808115588,59.319733049209866,396.1152864176022,container,0
67.48666874538233,394.788100614735,70.62810615265826,397.22219500869164,62.88430809726551,407.216325452441,59.742870689989594,404.7822310584844,container,0
72.49519552956549,398.08130639293444,75.63663293684141,400.515400786891,64.60296433609263,414.7554316451586,61.46152692881672,412.321337251202,container,0
76.95038825992826,401.91164268167296,80.09182566720418,404.34573707562953,72.35614079524613,414.3293966608957,69.21470338797022,411.89530226693915,container,0
42.96930929521377,406.6202665333658,67.79600620144751,425.9881824014416,54.22500102566523,443.3841291056209,29.39830411943149,424.0162132375451,container,0
14.02471337253845,444.60886973519405,38.275721409926035,463.5276765808288,24.70471623414376,480.92362328500815,0.45370819675617113,462.00481643937337,container,0
11.19824783075745,472.6374599682554,23.27175818231629,482.0563018546531,9.700753006534013,499.4522485588324,-2.3727573450248265,490.03340667243475,container,0
8.487307891485992,562.2705748599861,21.543287330812802,572.4558650059627,7.972282155030525,589.851811710142,-5.083697284296285,579.6665215641655,container,0
10.880981356270642,533.6746469187618,36.27352724062542,553.4839954689088,22.70252206484314,570.8799421730881,-2.6900238195116373,551.0705936229411,container,0
27.75043405235172,515.2231766309112,40.08054251989019,524.8421970082684,26.509537344107912,542.2381437124477,14.179428876569443,532.6191233350905,container,0
33.69021733843563,507.50455329508566,57.24121317404648,525.8772634335409,51.467606137363646,533.2781419241218,27.916610301752794,514.9054317856666,container,0
55.56050134859084,478.97486123203555,79.54549788130443,497.6861459710475,65.79258432580961,515.3152713114099,41.80758779309603,496.60398657239796,container,0
100.47147078193167,422.55736004830544,125.25373390200555,441.8906120287407,111.50082034651074,459.51973736910315,86.71855722643686,440.1864853886679,container,0
91.00993423824703,445.2935796324803,111.10704609099695,460.5389918168615,105.36364124567778,468.11017770518123,85.26652939292786,452.86476552080006,container,0
78.96133561594479,450.30167608936176,105.02011467468753,470.0695328183819,97.82511255136629,479.55427227339646,71.76633349262354,459.7864155443763,container,0
69.68991978134464,462.74329896538364,76.75364263606075,468.1017488394458,69.5586405127395,477.58648829446037,62.4949176580234,472.2280384203982,container,0
79.98321679683427,468.72935788016775,91.5652017939402,477.51530366620557,86.81010357887875,483.78366424203875,75.22811858177282,474.99771845600094,container,0
541.5249786481767,0.3854474919177777,549.2773102652042,6.50539690580409,542.8933996290094,14.592096471156161,535.1410680119819,8.472147057269847,container,0
529.3926580072452,7.4016023045634505,537.3250311082083,13.286318382337178,524.826773532764,30.133493486470524,516.8944004318009,24.248777408696796,container,0
523.2486267697012,0.4617544491465395,526.2971141936238,2.8818170107292236,515.0618436842441,17.034583718467523,512.0133562603215,14.61452115688484,container,0
506.7833511621986,17.956436539806226,519.1882885288195,27.159172396528156,512.81331484251,35.75239407796563,500.40837747588915,26.549658221243703,container,0
499.9974421182337,28.779175293154317,520.2590481213473,43.810465058579325,515.0595865632915,50.819141170990285,494.7979805601779,35.78785140556528,container,0
488.2974958629537,33.71550232805823,513.8342207954851,52.66019565897413,500.4356263399941,70.72099058005364,474.8989014074627,51.77629724913773,container,0
477.26840681030444,55.636932080268366,492.4819332937754,67.63059682771492,479.30952167890166,84.33932073937228,464.0959951954307,72.34565599192572,container,0
458.0746740687468,70.15873511610255,479.12213731852387,86.7516150296645,465.1789484825902,104.43804174629213,444.13148523281313,87.84516183273017,container,0
429.47771919766143,147.8206808075545,433.6901531625111,151.46516253628695,418.52468168636034,168.99400528927688,414.3122477215107,165.34952356054444,container,0
387.9382385748887,156.7814009639906,412.4913385189817,176.13796826348852,398.5481496830481,193.82439498011612,373.9950497389551,174.4678276806182,container,0
379.8653717566772,185.5803258872311,395.39015681729967,197.81937299413113,381.446967981366,215.50579971075874,365.9221829207435,203.26675260385872,container,0
370.4144728680349,178.3996760216199,375.1367620180861,182.254864392593,360.4785111900275,200.21001785934763,355.75622203997636,196.35482948837455,container,0
343.7471759438667,211.11519276085374,367.4713030348604,229.81823489012837,360.92851205430173,238.1175267208206,337.20438496330803,219.41448459154597,container,0
355.9836608557598,237.2142216915844,359.80123756071583,240.33081977581753,353.339321230771,248.24613660007296,349.521744525815,245.12953851583984,container,0
348.38801243237884,230.35495596284468,352.20558913733487,233.4715540470778,345.74367280739006,241.38687087133323,341.92609610243403,238.2702727871001,container,0
365.6799566691024,213.12585995906142,369.49753337405843,216.24245804329453,363.0356170441136,224.15777486754996,359.2180403391576,221.04117678331684,container,0
357.46211842921883,206.6813874413235,361.27969513417486,209.7979855255566,354.81777880423004,217.71330234981204,351.000202099274,214.59670426557892,container,0
350.69605642784137,199.82212171258377,354.5136331327974,202.93871979681688,348.0517168028526,210.8540366210723,344.23414009789656,207.7374385368392,container,0
326.6747743501389,233.04494530555002,350.82200143252845,252.0815405697249,336.59230368920083,270.1313933902309,312.44507660681126,251.09479812605605,container,0
309.6321703372766,254.42387049111136,333.77939741966617,273.46046575528624,319.54969967633855,291.51031857579227,295.40247259394897,272.4737233116174,container,0
292.3821697189134,274.9732092546693,303.9062353241031,284.05826784028994,289.67653758077546,302.108120660796,278.1524719755858,293.02306207517535,container,0
298.23837042703207,295.10718059054335,304.8499805498232,300.3194786951107,298.46793668620984,308.41486866825693,291.8563265634187,303.20257056368956,container,0
274.5617402706139,297.5965140732359,298.9533489936522,316.82576890727154,285.46612503705364,333.933820797408,261.07451631401534,314.7045659633723,container,0
269.16446530720003,328.39575578732695,281.9185669859532,338.4505198721699,268.43134302935465,355.5585717623063,255.6772413506015,345.5038076774634,container,0
589.4522108867357,22.12435718070556,597.2045425037632,28.244306594591873,583.2133496875249,45.96738877941242,575.4610180704974,39.84743936552611,container,0
577.4624933329201,44.2626459013244,585.2148249499476,50.38259531521071,571.2236321337093,68.10567750003125,563.4713005166818,61.985728086144945,container,0
602.8650711250788,5.606549261082624,613.3406195215765,13.876296923640158,608.41130685818,20.120411674646938,597.9357584616822,11.850664012089403,container,0
539.2418530589405,73.85603897398995,550.5241578100935,82.76266703895138,536.5329649938553,100.48574922377192,525.2506602427023,91.5791211588105,container,0
562.3360128363128,62.91369908392011,566.119441977951,65.88430901972373,553.2201369708395,82.31312583696229,549.4367078292012,79.34251590115866,container,0
531.3399342558811,66.93527889586863,535.1233633975194,69.90588883167226,520.6432376380243,88.34807106258867,516.859808496386,85.37746112678505,container,0
502.15138661125667,104.19712596597913,505.5687411917213,106.89489977067807,484.3890369524741,133.7238945399244,480.97168237200947,131.02612073522545,container,0
522.5193617948422,103.9938065717889,526.3027909364805,106.96441650759252,518.9924134418451,116.27506174452702,515.2089843002068,113.3044518087234,container,0
509.92982370447686,111.6421090223665,525.4921121828903,123.92749914203142,505.4200081410726,149.3534620479626,489.85771966265924,137.06807192829768,container,0
478.9872547210145,132.88381870290817,494.34882165395425,145.0107525328708,487.922582609283,153.1510708190878,472.56101567634323,141.02413698912517,container,0
494.9198761546612,146.7120537678829,502.7525146817193,152.89540013784023,482.712439404718,178.2807912041453,474.87980087765993,172.09744483418797,container,0
460.1500401054437,172.6860452348563,467.98267863250175,178.8693916048136,453.9385499448743,196.65952931602698,446.10591141781623,190.47618294606968,container,0
471.6796923526984,182.81138581750002,475.5421423418646,185.83924406757924,462.7523582139626,202.15437426396795,458.88990822479644,199.12651601388873,container,0
436.5132135403806,218.30027412262802,444.34585206743867,224.48362049258535,430.821055223466,241.61590429047084,422.9884166964079,235.43255792051352,container,0
405.53333816661996,224.27297453933224,429.04982425183636,242.83767382512846,422.03917341755186,251.71828483071047,398.52268733233547,233.15358554491425,container,0
409.2400752457732,243.88046765997066,420.79705424413504,253.00393274652234,399.9499776793785,279.4115776216337,388.39299868101665,270.28811253508206,container,0
401.46678465044744,237.59804691874422,405.28436135540346,240.71464500297733,398.82244502545865,248.62996182723276,395.0048683205026,245.51336374299964,container,0
386.3260160553411,271.07139048263696,390.1435927602971,274.18798856687005,378.5026626709452,288.4471719238626,374.6850859659892,285.3305738396295,container,0
364.03431366794854,283.41294379021883,383.7100406250483,298.9456195847381,378.1829782697317,305.9469225937436,358.5072513126319,290.4142467992243,container,0
368.08066632633984,301.59664084117946,376.3315614284162,308.11017291623676,370.8044990730996,315.1114759252422,362.5536039710232,308.5979438501849,container,0
360.525983060512,294.4675404854505,364.343559765468,297.5841385696836,358.5870688215821,304.6353672285361,354.76949211662605,301.518769144303,container,0
344.497127767657,297.0405738393988,365.4248389043703,313.5616077466427,352.164253252267,330.3592069519311,331.2365421155537,313.8381730446872,container,0
350.71651231125054,331.8690838939843,355.3938116502174,335.56150015817093,327.33390814254165,371.1058588484104,322.6566088035748,367.41344258422373,container,0
341.8130522254438,325.7347160579696,345.63062893039984,328.8513141422027,333.9896988410479,343.1104974991952,330.1721221360919,339.99389941496213,container,0
299.2673996207019,355.0516919575393,303.1263893006601,358.11686310559026,291.67754601641593,372.53072972098283,287.81855633645773,369.46555857293185,container,0
309.36376928833096,359.5509558365356,322.1178709670841,369.6057199213785,308.6306470104856,386.71377181151496,295.8765453317324,376.65900772667203,container,0
629.4417084263397,39.832837629712515,645.8269288978036,52.767877740804025,638.8956471243149,61.54794947100817,622.510426652851,48.61290935991666,container,0
617.5114724853561,47.40702720576087,625.1524898271332,53.43910141419551,613.4319560369054,68.28586868718227,605.7909386951283,62.25379447874763,container,0
635.0849984156921,60.54970632522469,642.7260157574692,66.58178053365933,631.0054819672414,81.4285478066461,623.3644646254643,75.39647359821146,container,0
603.8039732168513,64.67867955721252,616.5406295903186,74.73342135082537,609.9833260420896,83.03976314901706,597.2466696686223,72.98502135540421,container,0
587.7745286861979,83.73865635485588,594.8845576466236,89.35155060637355,581.1355169023801,106.7678911766976,574.0254879419543,101.15499692517993,container,0
599.521752033361,93.17480005798697,606.6317809937868,98.78769430950464,593.7512187054874,115.10390601643542,586.6411897450616,109.49101176491774,container,0
567.414907422651,109.51093612522965,569.7865033489815,111.35256057974385,533.1555548289238,158.5249404180144,530.7839589025933,156.6833159635002,container,0
575.0503688180254,116.94509149550547,578.713215695365,119.78805819768371,571.1651696503193,129.51287729772022,567.5023227729797,126.66991059554198,container,0
584.4906695412992,122.21012346201061,588.1535164186388,125.05309016418886,582.7155639319749,132.05928804530961,579.0527170546353,129.21632134313137,container,0
571.6126863869066,112.0102925393657,575.2755332642462,114.85325924154394,569.8375807775823,121.8594571226647,566.1747339002427,119.01649042048645,container,0
562.3602962592946,123.43762475199487,566.0231431366342,126.28059145417312,553.0081625165686,143.048948637645,549.345315639229,140.20598193546675,container,0
569.3694277772935,130.91534137820042,581.1173251047629,140.0973454465068,568.7879034576123,155.87220010136014,557.0400061301428,146.69019603305375,container,0
550.9679897457955,146.0230179108342,567.1393620607212,158.3664115165798,554.9307566405661,174.36119463711867,538.7593843256404,162.01780103137307,container,0
533.7772520255684,161.4927753310551,546.4809671915988,171.1893523126429,540.5000788852868,179.02505573948122,527.7963637192564,169.3284787578934,container,0
513.3538955289586,175.0622374486582,534.6741174544644,191.335679545188,521.1111526098067,209.1048410256347,499.79093068430086,192.83139892910492,container,0
493.1406409124937,201.4164196549862,514.4858149714784,217.708907383441,501.7097977700545,234.44707011771112,480.36462371106984,218.15458238925635,container,0
477.85697547323815,221.98109492803314,500.7056981949728,239.4212213718854,487.30976831390655,256.97154639032453,464.4610455921719,239.53141994647228,container,0
466.68295161577265,244.44483403977856,486.1738690743014,259.3219923441278,472.7779391932352,276.872317362567,453.28702173470646,261.9951590582177,container,0
447.4088788012072,258.74088020573123,472.0254295559346,277.53036629659135,458.6294996748683,295.0806913150305,434.01294892014096,276.29120522417037,container,0
416.5280799161097,295.41640504315706,440.332133320074,313.5857227024959,426.9362034390078,331.13604772093504,403.1321500350435,312.9667300615962,container,0
402.03439800712846,313.9596515409218,426.15000098861384,332.36677085296867,412.93917355302193,349.674588773459,388.82357057153655,331.26746946141213,container,0
388.0793803711271,332.1456825172832,408.1145450712949,347.4382575093178,395.9680545314156,363.3516624540227,375.9328898312478,348.0590874619881,container,0
378.1301175078545,354.37812062733025,388.985197314594,362.6636588034998,383.4276883628611,369.9446829102066,372.57260855612157,361.65914473403706,container,0
356.6222353624717,368.4519261786373,382.1209109067019,387.914726399812,369.0964142273702,404.9784279833007,343.59773868314,385.515627762126,container,0
343.05128332675565,387.9140777777562,367.1550297735555,406.312147154425,361.02366699456604,414.344990751891,336.9199205477662,395.94692137522213,container,0
190.10967601437633,434.36044242454875,197.7634020064487,440.3313020057338,184.0104884509539,457.96042734609625,176.35676245888152,451.9895677649112,container,0
158.26676851160036,439.2030413713431,170.28429333825585,448.5782075750572,156.53137978276104,466.2073329154196,144.51385495610555,456.8321667117055,container,0
166.08973859333872,473.38626955012086,169.84357885933758,476.46802225537147,154.44604558307697,495.2235441734692,150.6922053170781,492.14179146821857,container,0
134.49072505228602,493.87942786567953,147.59447372630555,504.101983964598,140.1530827064644,513.6407056664452,127.04933403244486,503.41814956752677,container,0
86.14968375545045,530.4948835423967,89.9035240214493,533.5766362476472,74.5059907451887,552.332158165745,70.75215047918985,549.2504054604944,container,0
96.31563208811512,540.939412827021,109.41938076213465,551.1619689259394,95.43213467060711,569.091472628485,82.32838599658758,558.8689165295666,container,0
66.59651592873016,578.1647892407193,79.70026460274968,588.3873453396377,73.9626894403923,595.7420364949919,60.858940766372775,585.5194803960735,container,0
46.64875074376429,592.8150609376644,64.7525097196588,606.9382478467134,51.10681229221087,624.4299385589718,33.003053316316354,610.3067516499228,container,0
40.86470161199077,618.7102736273162,49.93706687059323,625.7878485345502,36.916149878805754,642.4786665760091,27.843784620203294,635.401091668775,container,0
215.8916916494622,455.2500950651949,241.26567896432917,475.04496561958473,213.25452661940125,510.95096572815265,187.88053930453427,491.1560951737628,container,0
192.29223097988333,496.45879175442576,196.04607124588216,499.54054445967637,181.95383580496073,516.7061011722373,178.1999955389619,513.6243484669867,container,0
202.81049582886408,506.71008317471274,210.91395581082404,513.031791284482,197.96997005016055,529.6239952896785,189.8665100682006,523.3022871799093,container,0
169.9717543572612,510.98773031955665,195.30398779175744,530.7500276466162,182.36000203109398,547.3422316518128,157.02776859659775,527.5799343247531,container,0
156.88526287649165,530.297035347036,176.14317916731187,545.3206087174186,163.19919340664842,561.9128127226152,143.9412771158282,546.8892393522325,container,0
142.30394624667025,548.3386101916425,166.53800953347513,567.2441980212748,153.59402377281168,583.8364020264713,129.3599604860068,564.930814196839,container,0
126.36650191054478,566.9157799480673,151.57338946867694,586.5802918791477,145.68757871938615,594.1249983160934,120.48069116125399,574.460486385013,container,0
124.31147578785202,580.7310840110712,143.22924776546793,595.4893024505894,137.34343701617715,603.0340088875352,118.42566503856122,588.2757904480169,container,0
112.7657918295879,585.4911724821259,134.34506421948623,602.3256927455484,93.72671679912924,654.3921828679825,72.1474444092309,637.5576626045599,container,0
67.36995672820176,640.3864419635856,74.94998916365708,646.2998113917322,61.843374149528636,663.1004811508778,54.263341714073306,657.1871117227313,container,0
78.65428083498436,649.9425539408384,91.39686936908504,659.8833601464356,77.43943773451166,677.774646289009,64.69684920041098,667.8338400834117,container,0
29.199012137722356,688.2514704700401,53.459538239693266,707.1777025915693,25.824030314006087,742.6021841823714,1.563504212035177,723.6759520608422,container,0
11.646616522779325,734.3232454874953,24.430192243845205,744.2960268040713,10.723191940364625,761.8662983989145,-2.0603837807012564,751.8935170823386,container,0
9.645875947493376,825.1116980555653,22.429451668559256,835.0844793721412,8.722451365078673,852.6547509669845,-4.061124355987207,842.6819696504085,container,0
4.396143138111313,806.5208173502091,24.25786619759179,822.0154352071037,18.327465924182032,829.6172985734803,-1.5342571352984464,814.1226807165857,container,0
40.14618698035694,759.8701672007738,60.00791003983741,775.3647850576684,49.90165687915293,788.3194512069336,30.039933819672452,772.8248333500391,container,0
53.863007339057724,755.8231212616631,73.7247303985382,771.3177391185577,68.33282831003156,778.2293304230247,48.471105250551076,762.7347125661302,container,0
69.73343522007184,722.276323877886,90.61612853104495,738.5674256975648,70.10533893656876,764.85911139251,49.222645625595646,748.5680095728313,container,0
110.81535034984184,676.6233152904442,131.69804366081496,692.9144171101229,120.85367597643817,706.8152328444348,99.97098266546506,690.5241310247561,container,0
126.48290241532503,656.8487687034724,137.55111422776108,665.4833525147194,124.37727620358554,682.3701918600473,113.30906439114949,673.7356080488003,container,0
141.44854703779745,670.2295041327666,149.0720136449892,676.1767576247968,136.64113512732897,692.111236860369,129.01766852013722,686.1639833683388,container,0
139.36159643981995,639.7833634362817,150.8468590819198,648.7432988402978,138.41598056425954,664.67777807587,126.93071792215969,655.7178426718539,container,0
153.6475490257502,647.8723708316628,157.42335925606974,650.5925813715602,150.47429367020328,660.2382880348633,146.69848343988374,657.518077494966,container,0
206.49524756649157,554.8813669662107,230.03238889644183,573.2432688646072,179.02677968735986,638.6246350878531,155.4896383574096,620.2627331894566,container,0
228.02337434548662,557.1006597957685,239.1228651105407,565.7596450859975,232.46657818499034,574.291983781972,221.36708741993627,565.632998491743,container,0
214.26137029901219,545.5032898223975,217.6699720290525,548.3016154991237,211.45628454286958,555.8704221221295,208.04768281282927,553.0720964454033,container,0
219.24650284074892,549.6284880007157,222.65510457078923,552.4268136774419,219.12633742720334,556.7251560364372,215.71773569716302,553.926830359711,container,0
259.4922294631171,490.54533868603625,267.17567346979627,496.5393820201323,253.96952163292625,513.4676427160647,246.2860776262471,507.4735993819687,container,0
271.4774762112752,499.68331037156827,283.74701418145014,509.25507821664326,270.5408623445801,526.1833389125757,258.27132437440514,516.6115710675007,container,0
244.89503607060328,510.0446990224529,267.93619476656625,528.0196726893826,254.73004292969625,544.947933385315,231.6888842337333,526.9729597183853,container,0
237.15614981067242,534.0384481444078,253.19643174688343,546.5518659467874,239.9902799100134,563.4801266427198,223.9499979738024,550.9667088403402,container,0
