172.1058577780213,916.1966064558608,169.49123941862578,912.8964401940025,183.43342419557484,901.8504839010704,186.04804255497035,905.1506501629287,container,0
171.7271811228845,927.1113172792939,168.47168428651057,922.4992596981263,178.4257860415158,915.4729929609794,181.68128287788974,920.085050542147,container,0
173.90670626817334,927.0738754767675,176.05733171910143,925.3955353479577,181.27007953119696,932.0751516673937,179.11945408026887,933.7534917962035,container,0
213.23134944199256,952.1109507416016,200.84656089760188,934.5654390215118,211.67195339256097,926.9241573593423,224.05674193695165,944.4696690794322,container,0
216.11499471523305,895.6632269316169,212.6870904465791,898.1079761715472,204.58883326512105,886.7530077733286,208.016737533775,884.3082585333983,container,0
251.23036728636183,1001.8827018204574,217.9841662404489,954.7828576843435,228.5135193402634,947.3505403070674,261.75972038617635,994.4503844431813,container,0
995.3114870958603,736.6355045548726,1002.0930906251002,734.0216750240971,1006.6483039786309,745.8402158244912,999.866700449391,748.4540453552667,container,0
890.5177884609667,734.1709945594296,888.3468618221576,726.0114577725963,908.5210393930175,720.6439153925783,910.6919660318266,728.8034521794116,container,0
692.1598182639813,785.9372714514723,688.1486606367988,779.3551869055599,707.4990381112685,767.562963081303,711.510195738451,774.1450476272154,container,0
633.5556158855736,54.6296083579435,626.8335136157102,46.74651514846448,637.1700653469986,37.932290070939764,643.892167616862,45.815383280418786,container,0
