322.283316950863,64.5747188057231,322.2287959274572,58.99009540120739,347.77562856504613,58.7406892444641,347.83014958845195,64.3253126489798,container,0
323.6713923263139,78.95113032405098,323.61687130290807,73.36650691953528,345.53204107777213,73.15255561114947,345.58656210117795,78.73717901566516,container,0
324.8520710962637,93.37915146076159,324.7975500728579,87.7945280562459,346.712719847722,87.58057674786008,346.7672408711278,93.16520015237577,container,0
325.2031634442101,108.63675901947568,325.14864242080426,103.05213561495998,347.06381219566833,102.83818430657416,347.11833321907415,108.42280771108986,container,0
324.724669370153,122.2351937341828,324.67014834674717,116.6505703296671,346.58531812161124,116.43661902128129,346.63983914501705,122.02124242579698,container,0
282.41137216648207,330.15170952537545,275.1079955949292,332.2618749827788,268.3004641794618,308.7007057505728,275.6038407510147,306.59054029316945,container,0
286.58690333403433,321.7226826848431,281.0746121723178,321.6198885784056,281.48872536329986,299.4132411186266,287.0010165250164,299.5160352250641,container,0
294.8288940983115,326.40670642645443,289.0334486150731,326.2986320119543,289.5593799357961,298.095783897757,295.35482541903446,298.2038583122571,container,0
305.3028461596102,323.74197322544774,299.58415132839184,322.7957185791427,303.9381608513643,296.48223958981725,309.65685568258266,297.4284942361223,container,0
318.70351621622757,306.95745163449976,315.06176273160116,306.8548603184315,315.3019646894962,298.3282486060274,318.9437181741226,298.43083992209563,container,0
323.6479768360643,304.0268565029725,320.0062233514379,303.9242651869043,320.2464253093329,295.39765347450015,323.8881787939593,295.5002447905684,container,0
330.79243940811887,300.87206453677936,326.4720929045257,300.75035667392007,326.78397837987166,289.6791465542443,331.1043248834648,289.8008544171036,container,0
336.1358472677347,303.950098133381,331.8563779159341,303.3448306041094,333.63116199078934,290.7964388812832,337.9106313425899,291.4017064105548,container,0
343.1307774299923,296.66949322743795,339.1618737786444,296.3469066003698,339.9421246634217,286.7471888014489,343.91102831476957,287.06977542851706,container,0
349.05428246425043,294.470574442187,345.0853788129025,294.1479878151189,345.9161474162376,283.9267316732593,349.88505106758555,284.24931830032745,container,0
505.5763816553526,383.69308212988415,503.6448084065944,378.7997817840218,552.3983020013544,359.5549087218625,554.3298752501125,364.44820906772486,container,0
587.3603372865218,260.2483358603054,592.0314340653474,257.8802682434055,602.2430392075623,278.0230190441129,597.5719424287367,280.3910866610128,container,0
626.3907071315048,323.29717656246964,648.210461285362,313.86502059354183,652.5087587885366,323.808430680098,630.6890046346793,333.24058664902583,container,0
678.9062273966134,291.55642601356897,680.7482543738729,296.45885663219207,665.8122503539731,302.07087329849594,663.9702233767136,297.16844267987284,container,0
717.8875238381112,294.14423644744784,711.4752299015603,296.9691166458571,700.0390393916028,271.0097095511651,706.4513333281537,268.1848293527558,container,0
776.4133711032966,270.8447134740568,724.0726792540886,292.39370009134086,712.4822286090885,264.24146182706795,764.8229204582965,242.69247520978385,container,0
782.6775159028139,264.30463113436053,776.4010378823684,266.8886959620841,756.9257002318309,219.58472456286933,763.2021782522763,217.00065973514575,container,0
864.085996432399,20.15262210167382,861.2584033551234,12.821832635112555,894.3626302967921,0.053046496075648264,897.1902233740677,7.383835962636914,container,0
842.017628583585,24.186548955735674,839.1900355063093,16.855759489174407,861.4738942628522,8.260548149058481,864.3014873401279,15.591337615619745,container,0
837.763297289409,17.163476526947886,835.9517648291431,12.466915630411123,858.2356235856861,3.8717042902951944,860.047156045952,8.568265186831958,container,0
821.6871276979069,43.07150401257047,819.875595237641,38.37494311603371,831.2064305153607,34.00447366834683,833.0179629756266,38.70103456488359,container,0
