20.014267404027997,38.078904388099026,28.5610581036388,89.35954276154527,16.822039404401472,91.31604991558163,8.27524870479067,40.035411542135385,container,0
7.1490342790397605,42.1964765984645,15.591680295085593,92.85224816001428,6.442383877427627,94.37713404308303,-2.000262138618206,43.72136248153325,container,0
64.94044655135309,257.48162681909577,101.03481848427904,250.56422453357303,105.48568635184233,273.7884456508502,69.39131441891638,280.70584793637295,container,0
98.57939331878892,410.3918204002051,122.83695050799487,405.7429160820019,127.27067944975867,428.87770785328996,103.01312226055272,433.5266121714932,container,0
51.82109126819742,345.1258441050496,52.468064406912646,349.75294042409735,41.32288014593658,351.3112902715384,40.675907007221355,346.68419395249066,container,0
39.33071471406283,346.4060321317157,40.02634586766488,350.13031745280904,31.060430797525946,351.8049930766164,30.36479964392389,348.08070775552306,container,0
118.25627095100059,518.607702023478,117.40046288468963,514.4450291926431,140.99124574374608,509.5949765745705,141.84705381005702,513.7576494054055,container,0
144.3881730884632,513.4043370632413,143.54430693584817,509.29975001314057,164.8424802088278,504.921037290467,165.68634636144282,509.02562434056773,container,0
155.32400655937954,518.5061530045176,154.27561179593928,513.4067334388966,166.29386508956935,510.93588873655324,167.3422598530096,516.0353083021743,container,0
141.97862544310433,519.0235112221845,141.42813876473565,516.3459296124907,149.97330623323367,514.5891200949742,150.52379291160236,517.266701704668,container,0
93.25456636650121,639.5037967246648,112.79249676752038,635.7593978842708,115.11250578199632,647.8649925569258,95.57457538097715,651.6093913973198,container,0
90.42185087322713,653.1359833085709,115.67001725008964,648.2972310475502,117.82490463885071,659.5412361918362,92.5767382619882,664.3799884528569,container,0
155.2697642648606,659.8225149906046,159.86836020194391,691.639092568602,148.37708742532146,693.2999789468728,143.77849148823816,661.4834013688754,container,0
191.41057080945953,642.3180777364803,196.22781104156275,675.6474025246404,182.04905055395758,677.6967238324189,177.23181032185437,644.3673990442588,container,0
54.64699396914938,572.0783809270763,53.47199508363441,566.3631555984834,75.74940009259802,561.7831216448367,76.92439897811299,567.4983469734295,container,0
272.35964339896873,36.78889833478194,273.1254893150514,45.664785948273845,262.24477001857656,46.60361649684686,261.47892410249386,37.727728883354956,container,0
73.70403034405982,605.3793702737123,72.73853872747999,600.6831937839765,84.54706924152524,598.2554661974268,85.51256085810506,602.9516426871626,container,0
58.19436454122737,591.8319259284046,63.536855762604254,590.7994114022265,65.62752417944422,601.6170583995236,60.28503295806734,602.6495729257017,container,0
584.6136714505898,878.7022389626126,590.90364064997,878.3087004955398,592.6844370543041,906.7713679876098,586.3944678549238,907.1649064546825,container,0
628.9674781931268,979.1313489991037,634.57700760666,978.0008576269464,637.4766571525862,992.3889987639923,631.867127739053,993.5194901361496,container,0
