427.5350811039329,509.8072589787055,422.8222902405386,502.05247196135093,487.28701879762474,462.87553736919165,491.999809661019,470.6303243865462,container,0
498.30735863822986,474.6322119846955,489.24884325055433,460.9390098041804,519.1310833987399,441.17089942122465,528.1895987864153,454.8641016017398,container,0
460.87066152868505,567.4725160909219,484.94736885441097,553.8438726909338,503.40766973587716,586.4563087510256,479.33096241015124,600.0849521510137,container,0
508.3270978885475,506.7737124134215,530.0033890609113,504.84046316411616,531.8898191664106,525.9918011293618,510.21352799404673,527.9250503786672,container,0
571.0432312490747,479.2279492486164,575.6173780659084,495.7381208643469,553.4236836810536,501.8868889624047,548.8495368642199,485.37671734667424,container,0
498.6737238735396,551.4409917369672,510.3881391969068,546.6322771985847,524.6961328835289,581.4877004414012,512.9817175601617,586.2964149797838,container,0
462.18074226775747,510.8383026610347,453.674586874622,496.84162313030345,472.7828081109947,485.2290475357756,481.2889635041302,499.2257270665068,container,0
483.5045739032702,496.1608586134328,474.99841851013474,482.1641790827016,494.1066397465075,470.5516034881737,502.61279513964297,484.54828301890495,container,0
462.12364501231417,519.0996800005375,459.5629859859129,514.8861755295358,481.2504312308525,501.70613672615144,483.81109025725374,505.9196411971533,container,0
454.08920987427865,544.6393247095351,468.7996397032998,536.312471718883,474.2517232435858,545.9442608751675,459.5412934145646,554.2711138658196,container,0
468.5253466087768,528.2828130771072,473.15200263647137,525.4838664255711,478.1285210944636,533.7100464808314,473.501865066769,536.5089931323674,container,0
473.0065801348804,539.7523331243834,477.633236162575,536.9533864728473,482.60975462056723,545.1795665281076,477.98309859287264,547.9785131796436,container,0
541.6762807471708,513.8187885854712,546.6916639738716,513.3375439564768,547.7305408085198,524.1643981948056,542.715157581819,524.6456428238,container,0
540.2320531245972,489.5812927488192,545.247436351298,489.1000481198247,547.0594951803502,507.9847668459569,542.0441119536493,508.4660114749514,container,0
528.178783759171,462.46429832417715,532.8263395851068,460.51856192157294,541.1692772484491,480.44637356696813,536.5217214225133,482.39210996957235,container,0
563.7707260354634,475.0769460282027,565.0173720388906,479.95870176213157,544.085356930718,485.3040763364715,542.8387109272909,480.42232060254264,container,0
582.2729178550293,496.7722421601589,583.0487390691578,500.66717048184233,560.6804031839298,505.12266441427306,559.9045819698013,501.2277360925896,container,0
582.2456129372949,506.67879390221407,583.1280950264623,512.1591496120602,563.1298238755724,515.3793997270787,562.247341786405,509.8990440172325,container,0
546.0642744521107,539.1598552496752,549.8769298222213,538.6693110743719,551.5901246960387,551.9847716680434,547.7774693259281,552.4753158433467,container,0
552.2928913043473,533.9275776249402,556.105546674458,533.4370334496369,558.7698397251946,554.1447122252736,554.957184355084,554.6352564005768,container,0
555.1123865045138,562.3146132569544,559.324672800282,561.7726517349932,562.3555313515376,585.3293867106887,558.1432450557694,585.8713482326499,container,0
442.52431555189617,518.3975086467864,454.83282213865175,511.6135462991506,459.6717831153644,520.3931326239004,447.3632765286088,527.1770949715362,container,0
433.14403475919005,509.01365267703915,440.20259297417726,505.12325437229316,445.0415539508899,513.9028406970431,437.9829957359027,517.7932390017891,container,0
449.6663286879736,516.8450409790963,441.6473959383356,503.05266248384464,451.59406169223126,497.269639360525,459.61299444186926,511.06201785577673,container,0
