358.7768821813985,-6.100414388575366,367.1804714133462,2.468979722041076,350.90451879757336,18.430017150830942,342.50092956562565,9.860623040214499,container,0
443.2997053315685,64.81524375125144,450.63614742195153,63.230997172575414,455.42440003428453,85.40477900511311,448.0879579439015,86.98902558378914,container,0
445.10751322683956,146.0279292440383,456.8740446373119,144.28639785684976,458.92639844667036,158.1529785804989,447.159867036198,159.89450996768744,container,0
450.88385992730963,165.18190460118052,462.33556587562083,162.16277396279318,465.4855047378525,174.1106417187586,454.0337987895413,177.12977235714592,container,0
81.93896358996187,90.53774618372887,80.68298802692071,83.85476429672829,95.05358832626516,81.15400539787254,96.30956388930632,87.83698728487312,container,0
128.44189629483708,111.84445279650528,130.29021884492408,105.39145103697776,175.5288163648562,118.34906720482489,173.6804938147692,124.80206896435242,container,0
118.21706413424278,110.19741685799127,191.0583486517181,133.94434247534667,186.65611050892443,147.4477612437349,113.81482599144911,123.7008356263795,container,0
49.66030704887096,112.50585566446357,55.61652726197553,114.66638130975929,46.9540132730485,138.5475331162615,40.99779305994394,136.38700747096576,container,0
36.291043659182456,136.80182312998426,40.71303349390164,138.08518016716795,37.84774018326237,147.95795720896496,33.42575034854318,146.67460017178126,container,0
22.57899936613933,152.9742426920615,24.228500669230524,147.66562509640337,35.07472429563821,151.03577931885306,33.42522299254702,156.34439691451118,container,0
-5.658390678095813,214.3730729569145,0.3503018820757582,199.4922136452274,26.18001516821839,209.92190744200408,20.171322608046818,224.8027667536912,container,0
63.870877228308224,188.82824776180604,81.2347376946536,193.80573797643066,74.45837888473162,217.44491028452723,57.09451841838624,212.4674200699026,container,0
61.342050782768354,214.3672557479929,76.31093979574071,217.79361299612574,73.95650069784739,228.07956247304426,58.987611684875034,224.65320522491143,container,0
67.1205255500351,227.60539366835056,72.96732814917054,228.7831677324999,70.73154327421972,239.88223436665274,64.88474067508427,238.7044603025034,container,0
68.23953819470628,246.7887418427589,72.57104771979678,230.25486150260033,100.08989793097487,237.4641892198054,95.75838840588438,253.99806955996397,container,0
97.51545847301139,253.63783863980976,100.19384733277414,243.03582462596248,126.87093343275274,249.77526206943233,124.19254457298999,260.37727608327964,container,0
129.67596070472464,262.956473464309,133.55499989910697,247.37021645034963,169.2003289908396,256.24146940862244,165.32128979645728,271.8277264225818,container,0
164.32091679447373,273.1211330157037,177.83361170832447,226.19756846231945,197.25207225351883,231.78955056217325,183.7393773396681,278.7131151155575,container,0
183.68682299438925,270.48146036885925,190.60278926415523,246.39255777774048,203.10840933817914,249.98294327941727,196.19244306841316,274.07184587053604,container,0
202.17506504891236,284.12540176682677,213.04288035208373,248.06089701270008,228.71027123553972,252.7821682893979,217.84245593236835,288.8466730435246,container,0
227.99089698236497,291.9910190827791,248.2192786708681,232.16128156388197,273.5120700676584,240.7127521127936,253.28368837915525,300.5424896316907,container,0
275.95737801056185,269.1829413631974,281.0040361362118,270.7898409765917,277.2255468036098,282.65663323549256,272.17888867795983,281.0497336220983,container,0
295.70081861048897,230.3411520276055,311.58274583200506,235.6851283345141,307.7746371665182,247.00256336855412,291.8927099450021,241.6585870616455,container,0
327.2541490054619,258.74210765176076,329.03298853033084,252.30656808474535,353.7822542859422,259.14748199400185,352.00341476107326,265.58302156101723,container,0
314.6534930372781,254.41794460648748,369.6554873327619,270.4812440820575,362.88756585041693,293.65513680131835,307.88557155493316,277.5918373257483,container,0
304.1963291741773,283.8284225719793,338.9126360828514,293.27716646925313,335.97965350138816,304.0534479054821,301.2633465927141,294.6047040082082,container,0
303.6224980941276,248.3442133296229,310.6285792417613,250.6988657161342,303.04426607996214,273.26538711225373,296.0381849323284,270.91073472574243,container,0
84.65065898403074,142.39759012638464,177.5376952382543,168.35515272917928,173.97311695169756,181.11070753996742,81.08608069747402,155.15314493717278,container,0
154.20090647835147,175.79759614143532,174.19585568540748,180.63132320203312,171.53895542764943,191.62172150878328,151.54400622059342,186.7879944481855,container,0
190.62435945678288,161.57669894930905,194.26092831464734,148.28607580796705,218.54681994426528,154.9311605603154,214.91025108640082,168.2217837016574,container,0
210.87417548101345,174.94843450959846,221.11201422015134,145.3143051698507,237.3191655869804,150.91346417371724,227.08132684784252,180.547593513465,container,0
232.7132778321712,164.71887578317052,237.93935939268565,149.64712312821172,250.0100183285629,153.8325851333417,244.78393676804845,168.9043377883005,container,0
249.24004120503255,171.91052113320367,253.37365743407588,156.629266501746,270.38855881602734,161.23183835754244,266.25494258698404,176.5130929890001,container,0
279.46002559991126,202.51970374843162,282.77115137813905,191.87216108518933,297.0458071133126,196.31123046250494,293.7346813350848,206.95877312574723,container,0
281.33354349703313,191.20191184113605,284.199156441129,181.2649228648792,312.31751903411714,189.37365117340153,309.4519060900213,199.31064014965838,container,0
303.3683247887884,214.96509676253052,309.14905058382635,195.21844179377914,323.23464500571663,199.34192291713478,317.4539192106787,219.08857788588617,container,0
347.41326271968484,200.16368640115317,371.215113543663,205.8863879103112,365.53438024733424,229.51368461164068,341.7325294233561,223.79098310248264,container,0
330.6295263524198,210.3013233252282,334.56959012082064,197.11699196947313,346.503112604241,200.68325849430502,342.56304883584016,213.86758985006009,container,0
381.216807268164,209.1903557251111,388.66943737217633,211.76123011067895,380.79324803874164,234.5932774719858,373.3406179347293,232.02240308641794,container,0
339.4621312345265,173.32338619206018,375.17377328688536,180.30896203221275,371.0268833935205,201.50868140984323,335.31524134116165,194.52310556969067,container,0
261.3763121714057,87.11194834752732,272.6936159222948,73.36286519944255,304.19761029349496,99.29479606530828,292.88030654260587,113.04387921339304,container,0
291.26046524567596,113.23294073800793,302.1675015921877,101.59561966627722,322.1624317162451,120.33579433919468,311.2553953697334,131.9731154109254,container,0
294.1495008399169,89.21527770339918,298.0591029324329,84.74376460711227,309.256968138997,94.53445431338835,305.34736604648106,99.00596740967526,container,0
248.82309664549865,109.99258797228156,251.33283226017517,103.00403555971835,285.641094416772,115.32485142099459,283.13135880209546,122.3134038335578,container,0
367.34865786813725,174.95533593756304,369.40815790638555,167.98296356723966,405.8008515360333,178.7326410000219,403.741351497785,185.70501337034528,container,0
262.0264499276071,173.22923691285348,283.70187856484665,179.32289590017274,278.6458487376247,197.3074293202019,256.9704201003851,191.21377033288263,container,0
273.06138875711434,156.39485374028897,291.93788228107894,161.52297186923914,287.6359168282368,177.35841500235557,268.7594233042722,172.2302968734054,container,0
287.56678186865776,146.8598921673185,292.88697841505854,148.21001625715877,289.6915354434131,160.80173637377413,284.3713388970123,159.45161228393385,container,0
144.615238332215,314.0676619225404,148.68933380638498,301.7560833349109,207.98046808610357,321.37645452517575,203.9063726119336,333.6880331128053,container,0
207.17243294626266,329.2119200295292,208.7865821483086,324.1476315363094,224.95905892002295,329.30231229968206,223.344909717977,334.36660079290186,container,0
241.87016843438636,343.3173242716704,246.12444163831378,328.2201543255486,362.24291490969705,360.94149952351484,357.9886417057696,376.0386694696366,container,0
130.35468645643286,343.51341432188957,148.84590272369914,349.40742110496467,126.69031384997363,418.915957567651,108.19909758270737,413.0219507845759,container,0
153.72990215260774,349.4770152489017,179.2577044823478,357.61390780987614,143.81862036378374,468.7966384833402,118.29081803404367,460.65974592236574,container,0
118.47670317192481,460.806957435022,126.15354865984499,462.9800025330625,113.40692167969951,508.01076876381046,105.73007619177933,505.83772366577,container,0
45.36455917001224,527.5932881131544,47.018992148217976,522.537285811426,71.62597151099386,530.5892200714022,69.97153853278813,535.6452223731305,container,0
154.49364897610812,471.0910693224443,162.91456496154845,473.612822522234,142.50078158149276,541.7807759931618,134.07986559605243,539.2590227933722,container,0
189.9117029680643,360.8242588633362,201.4930506262829,364.46934843171147,166.80506026029556,474.68164046394867,155.22371260207697,471.0365508955734,container,0
240.8710629126791,377.8504028743538,249.50259884544207,380.77933550463325,241.50721002504352,404.34166848089455,232.87567409228055,401.4127358506151,container,0
225.07953875578949,410.2833609038026,246.25457866791265,415.99297718269725,206.99663097544652,561.5874565050358,185.82159106332335,555.8778402261412,container,0
184.3894348876799,529.4858943139214,192.01807262296668,531.6707209405253,185.51573264248634,554.3745801569718,177.88709490719955,552.189753530368,container,0
192.93966907980584,618.9888543445458,194.86538899513693,612.7480148484492,219.60805476294118,620.3827960757573,217.6823348476101,626.6236355718538,container,0
13.087564144917565,563.9911757979949,15.013284060248647,557.7503363018983,39.755949828052884,565.3851175292064,37.830229912721805,571.6259570253029,container,0
42.7790900801655,572.7769466892763,44.70480999549659,566.5361071931798,69.44747576330083,574.1708884204878,67.52175584796974,580.4117279165844,container,0
73.75475839267773,582.3831158981866,75.68047830800882,576.14227640209,100.42314407581304,583.7770576293981,98.49742416048196,590.0178971254946,container,0
102.47503049355082,591.2374863698838,104.40075040888189,584.9966468737872,129.14341617668615,592.6314281010953,127.21769626135506,598.8722675971918,container,0
135.18660582895336,601.4264295814304,137.11232574428445,595.1855900853338,161.8549915120887,602.8203713126419,159.92927159675762,609.0612108087385,container,0
164.35976054166707,608.9980880564858,166.28548045699816,602.7572485603893,191.0281462248024,610.3920297876973,189.10242630947133,616.6328692837939,container,0
223.22743994975554,628.1065001277248,225.2654029129624,621.2256562136782,398.94584493840307,672.6661935522279,396.90788197519623,679.5470374662744,container,0
247.23429731797512,553.3291458587066,248.2323017644904,548.9354169106578,260.8268749996437,551.7961851189987,259.8288705531284,556.1899140670475,container,0
764.2586919113755,182.4438701554994,848.0165749182339,163.56954056560556,853.9777644890867,190.02328114903466,770.2198814822283,208.8976107389285,container,0
260.9822560438367,561.0868003367138,264.23509789985366,550.6997176371285,277.53669210554784,554.865274380579,274.2838502495309,565.2523570801643,container,0
272.20156604848705,574.6315967998127,279.7193533418525,550.6255486147048,294.13379339951746,555.1396066333717,286.616006106152,579.1456548184796,container,0
306.68290539608233,573.677008344317,311.71571891830433,555.7383810500619,362.5025905030668,569.9870105505478,357.4697769808448,587.9256378448028,container,0
312.37669689165176,589.3142296818618,316.6723064715627,573.6839029026378,332.6649084674954,578.079074885398,328.3692988875845,593.709401664622,container,0
347.41797594564963,601.3610354395362,354.0292469413552,577.9619454947201,382.6308313557918,586.0431497601996,376.01956036008625,609.4422397050157,container,0
306.55517941066086,606.0633331614363,308.6309245038989,598.7167055355627,340.01035906932424,607.5827745191557,337.9346139760862,614.9294021450293,container,0
374.8568457404372,602.9643930752799,381.89969512845676,578.0378295740851,407.6243973154728,585.3061882086848,400.58154792745324,610.2327517098796,container,0
509.82027349918917,666.9993504677066,519.9842631231254,631.026221009975,550.2438120674456,639.5758731011683,540.0798224435093,675.5490025588999,container,0
537.3049915758609,681.5088591725353,553.4450013951346,633.5821010639946,577.0629146048534,641.5357654919603,560.9229047855797,689.462523600501,container,0
563.5903692054279,688.079906803745,578.1760901501476,641.551896928744,602.3009614360786,649.1146240118323,587.7152404913589,695.6426338868333,container,0
588.3594136585415,692.2065869177228,602.4596446069976,647.2272754873159,621.4199221326663,653.1709923530663,607.3196911842102,698.1503037834732,container,0
704.8564735791102,694.7671763034142,704.8202786262424,688.6388091728996,722.373419124911,688.5351379861869,722.4096140777789,694.6635051167015,container,0
486.8743509100697,671.9609220438778,488.55167135684275,666.2286684167477,514.2234875023111,673.7405241243868,512.5461670555381,679.4727777515168,container,0
528.8343071811328,687.4211160207399,530.5116276279058,681.6888623936098,556.1834437733742,689.2007181012489,554.5061233266011,694.9329717283789,container,0
556.6004270582505,695.7600735226333,557.6964736757951,689.8888881790184,583.9904935328179,694.7975173295667,582.8944469152733,700.6687026731817,container,0
620.3389937790527,693.9866951897534,620.3080842666011,688.7532351319484,633.9398242118867,688.6727242594243,633.9707337243383,693.9061843172293,container,0
612.6775807996963,692.5295698289249,618.8597747772253,692.8762231423235,618.2837023374476,703.1498637802795,612.1015083599186,702.8032104668808,container,0
705.0490877950256,677.5529342934846,705.0193190390377,672.5126220052248,724.4734027226675,672.397723594764,724.5031714786554,677.4380358830238,container,0
628.5284688138463,617.3866036102894,631.0573903640978,610.8519452460341,654.3754691065037,619.8760729899872,651.8465475562522,626.4107313542424,container,0
671.2671679565917,693.4236523433809,670.7250267033761,669.9196948268137,696.8966335555635,669.3160216910234,697.4387748087792,692.8199792075906,container,0
655.6174550876533,593.0783147304368,674.7311340954922,598.7717158489455,667.0392117391605,624.5947576146469,647.9255327313216,618.9013564961382,container,0
655.0108088429483,577.3887473515858,687.2127697851087,586.9807615510019,682.5286075821614,602.7062604055841,650.3266466400011,593.114246206168,container,0
639.3732276400457,557.0861248922184,724.900539803047,582.5621881101983,718.9820839428882,602.4314127052097,633.4547717798869,576.9553494872298,container,0
758.4793668954505,562.9839929827577,765.338082490086,565.0270020247123,754.9792804401138,599.803195229376,748.1205648454784,597.7601861874215,container,0
777.6941923896842,521.474495387746,785.2839840451174,523.7352704213002,765.9722934066793,588.5677753298025,758.3825017512461,586.3070002962482,container,0
673.0042396270312,556.4442408492671,726.4320851149319,572.3588198863837,723.4059045869726,582.5182030085648,669.978059099072,566.6036239714482,container,0
637.4953250581696,530.8447235600482,731.2055891295958,558.7582467525848,725.3527030189887,578.4073429709948,631.6424389475625,550.4938197784583,container,0
645.9829795143744,507.07619439792063,705.0207228740268,524.6617965177546,695.6958089314453,555.9670581995291,636.6580655717929,538.3814560796951,container,0
655.4137754143575,483.54060604482663,752.0303722852341,512.3198400408335,743.4921705344444,540.9839801869094,646.8755736635678,512.2047461909026,container,0
595.8331437317393,465.0141071342148,630.7823012565688,475.424430152677,622.9663887541392,501.663727123891,588.0172312293097,491.2534041054288,container,0
566.4321447057756,483.1196048628372,633.1451606749076,502.99144427072804,624.6486099731356,531.5157550310481,557.9355940040036,511.6439156231572,container,0
554.9779422264037,506.93834901666577,601.9075282918475,520.9172882719798,592.0881896364317,553.8824146037146,545.1586035709879,539.9034753484005,container,0
558.882965961144,532.6890661293063,618.8148145890981,550.5409958322563,609.7670647864763,580.91577215152,549.8352161585223,563.06384244857,container,0
561.0392893346803,559.5311700070296,598.1801792014703,570.5943454335537,593.7354259045627,585.5161094227343,556.5945360377727,574.4529339962102,container,0
593.2120133870412,584.9013628633219,607.9187865881714,589.282076746747,603.7809501841743,603.1734705141452,589.0741769830441,598.7927566307201,container,0
582.4074402295456,598.1408799825585,593.4877006332687,601.078838354477,590.4672233910695,612.4703116670246,579.3869629873465,609.5323532951061,container,0
571.3648223253897,589.349564737682,573.6094224345306,582.3097308676882,591.6207685104885,588.0525182849013,589.3761684013475,595.0923521548951,container,0
552.2488585473279,582.1594574690088,554.3347917282259,574.6561350848434,569.8293713647822,578.9636479615616,567.7434381838842,586.466970345727,container,0
483.85323672886284,577.1521814525553,488.45934092090727,556.1626006774834,525.1348324381743,564.2109336591312,520.5287282461298,585.2005144342031,container,0
476.4357883827231,562.1330869458856,477.8741981171411,555.796745403666,493.3954048385742,559.3202068031604,491.95699510415625,565.65654834538,container,0
471.19903319840114,535.8094631588647,510.90252325643803,544.9483676074799,506.8812303682655,562.4186632106039,467.1777403102286,553.2797587619887,container,0
471.5863583315259,525.3582808110737,537.6331694690562,539.9399670234312,533.7452573948849,557.5500150482269,467.6984462573546,542.9683288358693,container,0
494.0075046522488,518.4283491290906,536.6411830441742,527.6033069353301,533.8432874844402,540.6044108081757,491.2096090925149,531.4294530019362,container,0
479.61276205420006,488.22447892592805,543.1027629524682,501.8878103890196,536.8172967417332,531.0947615958746,473.32729584346504,517.431430132783,container,0
513.5981421133425,444.8088271378707,546.4210307706792,453.53731660984266,534.0823811311765,499.935966066859,501.2594924738398,491.20747659488705,container,0
493.3460689829096,348.91138958029825,537.133314911165,363.2589600646134,515.5093362670722,429.2530230923118,471.7220903388167,414.90545260799666,container,0
477.81457764217794,318.6801793730593,536.2530162950992,336.989095600975,528.6715533196618,361.1876256217726,470.2331146667406,342.87870939385687,container,0
460.5383154561435,339.8160820041738,493.7936502087168,350.2350656757323,476.87585604846873,404.2333178862595,443.6205212958954,393.814334214701,container,0
453.2998636293944,397.2752705989074,463.0523924949193,400.21189001240873,459.5507730355322,411.84078706891904,449.7982441700073,408.9041676554177,container,0
420.2569767205331,448.34846029234814,455.92848000567034,458.5729137211348,448.64171577201057,483.9952833479739,412.9702124868733,473.77082991918724,container,0
432.4099964160275,424.24428744201805,474.3596901781594,436.46858301798704,466.4455427850096,463.6272898299902,424.49584902287774,451.4029942540212,container,0
397.30832963679984,468.32376889754704,464.29905437308713,489.31213880470125,447.21767672293265,543.8325171542376,380.22695198664536,522.8441472470834,container,0
406.68905445301783,522.4250135589086,439.55842904905205,530.2429208176892,432.1334121186272,561.46043911121,399.26403752259296,553.6425318524294,container,0
345.0350226011772,502.3419705345305,369.34802832613013,509.95929904857263,359.72340251116367,540.6792006661065,335.41039678621075,533.0618721520642,container,0
335.8277002879364,460.73416978769717,384.3826263825601,475.94655558737605,374.63239611923973,507.06736175645665,326.07747002461605,491.85497595677776,container,0
359.38548545830287,441.0578134228378,390.7522888014413,450.8851152465206,382.7278103339773,476.497663078685,351.36100699083886,466.67036125500215,container,0
354.1570613420322,399.7419895884467,401.4231229910149,414.5505707741021,391.61146838036666,445.86743130863135,344.34540673138395,431.05885012297597,container,0
284.47525498008804,395.57773875527624,334.7480745080974,409.9691312693514,326.4665416493101,438.8986463540038,276.19372212130077,424.50725383992864,container,0
289.0676151139792,423.980733493274,308.1114521146924,428.51542816110884,301.4267840486142,456.588261809035,282.382947047901,452.0535671412001,container,0
248.25944972869095,476.5670892459083,298.2458869897347,489.2734733985816,290.466692456749,519.8765320494357,240.48025519570524,507.1701478967624,container,0
272.7818316753408,467.67184371066304,318.10841825684093,480.85315366442177,313.4255631864674,496.9560930946091,268.0989766049673,483.7747831408504,container,0
271.7938463520214,457.44037116448175,294.7634300197077,462.94590964330445,290.6816585829752,479.975413821513,267.7120749152889,474.4698753426903,container,0
265.9769475308687,446.15247427033677,271.76715858109947,447.4250242790165,268.9966974713255,460.03085856657543,263.2064864210947,458.7583085578957,container,0
388.29510720929,346.3262823229195,392.73698412296903,332.6937107778704,416.3431235170748,340.3852578384723,411.90124660339575,354.01782938352136,container,0
399.95373274783657,311.1058065310469,411.8613625455063,274.56008086071546,439.4716131677398,283.55628047092983,427.56398337007005,320.10200614126126,container,0
418.5044461153167,254.33642975936806,425.28977437069943,256.1999133048845,422.17769567990536,267.5316342231758,415.3923674245226,265.66815067765936,container,0
444.4681918435872,257.0914042234412,463.42733029045235,262.6714924171973,459.5524872143336,275.8368195212051,440.59334876746846,270.25673132744896,container,0
481.66044663449145,269.64852993360637,490.0938801732235,272.65349488626845,485.6436143796665,285.14316494594993,477.2101808409344,282.13819999328786,container,0
455.7382232681949,226.09370016144103,457.5918893434928,219.8929526298472,483.59511304405413,227.66641758330982,481.7414469687562,233.86716511490366,container,0
429.68440472789683,214.78919247791384,431.87672572588076,208.51979233496132,458.21429041829,217.72966804784534,456.02196942030605,223.99906819079786,container,0
499.31882468062196,273.7561627310572,517.971671776422,279.2461026959411,513.9835172598937,292.79642143659385,495.33067016409376,287.30648147170996,container,0
507.96196021307776,248.45358312564733,525.8953011479233,253.7317567254441,519.1124330040028,276.7775100795426,501.1790920691572,271.49933647974586,container,0
541.0395695718181,258.12813270106574,576.6926033471096,268.62159860399487,573.0628606077834,280.9541626660458,537.4098268324918,270.4606967631167,container,0
529.9740711685282,255.04952066775195,539.9348171097214,257.732380989353,533.6768819501464,280.9664277785603,523.7161360089532,278.28356745695925,container,0
547.7242664775731,273.38625522664546,557.7438735557695,276.08496940195204,554.3712051549487,288.6067890486857,544.3515980767523,285.9080748733791,container,0
577.7483813865293,281.74043106563056,587.7679884647257,284.43914524093714,584.3953200639049,296.9609648876708,574.3757129857086,294.2622507123642,container,0
563.762085845845,279.3647136077127,573.7816929240414,282.0634277830193,570.4090245232206,294.58524742975294,560.3894174450243,291.88653325444636,container,0
588.7673244880806,271.7041594585486,621.6054952173959,281.36914973776135,614.5876238701386,305.2133596955573,581.7494531408233,295.54836941634454,container,0
522.5351821099031,279.7925815056346,620.7908623373012,308.71137244874507,616.5870209626681,322.9945177795859,518.33134073527,294.07572683647544,container,0
628.9804115881674,283.910242613832,639.4601091929643,286.8191431067013,632.8530041257501,310.6221103505991,622.3733065209532,307.7132098577298,container,0
628.9617475924687,312.447720528999,646.0634930137777,317.48113742109666,641.9736954100159,331.3768029190258,624.8719499887069,326.34338602692816,container,0
644.3465787319944,288.8200492792736,661.2660598817621,293.7998218186691,653.8069865175175,319.14307799807443,636.8875053677499,314.1633054586789,container,0
650.4569810437831,320.32895475307316,679.9681142647587,329.01472528701635,676.2949089254348,341.4949596764893,646.7837757044592,332.80918914254613,container,0
663.2963215627207,296.91679305506335,726.5787255211475,315.54218556383057,719.7697877230202,338.6765142533371,656.4873837645933,320.05112174456985,container,0
685.2491623141742,329.08811714071055,720.4228843083893,339.44051112635776,716.0070468386979,354.4439431582049,680.8333248444828,344.0915491725577,container,0
710.0769595565496,281.32518178544177,732.164440791479,287.8260095321382,724.6916433324698,313.2158952635627,702.6041620975403,306.71506751686627,container,0
727.0992383636568,316.47481905265937,731.1653275575239,317.5698698547227,728.0762155639942,329.04020974385827,724.0101263701271,327.94515894179494,container,0
736.4878490872776,291.6798247230829,746.7006687365753,293.664047341967,742.3299468828362,316.16020961965785,732.1171272335386,314.1759870007738,container,0
751.3344448057268,297.87590636026346,798.376797319562,308.69774716881074,793.1263296431313,331.5214382271812,746.083977129296,320.6995974186339,container,0
731.8381852467282,344.77868729386415,749.9161141174667,349.2920907930259,746.8113101098661,361.72803320708493,728.7333812391277,357.21462970792317,container,0
731.4753767952583,316.4677752793656,748.725881166858,320.7746008759143,742.7885301158827,344.5559911283191,725.538025744283,340.24916553177036,container,0
754.4494968543266,351.1293122735535,794.1247543397391,361.0347858067885,790.5132223683726,375.5003699507473,750.8379648829601,365.59489641751236,container,0
798.2213734833715,363.3754311281676,816.4233737762781,367.91981076375316,812.473273626784,383.74149157472215,794.2712733338774,379.19711193913656,container,0
752.676001045831,323.7682975389912,822.875929432109,341.29467485162576,816.5070683839436,366.8044297489521,746.3071399976656,349.2780524363175,container,0
802.4132425879776,309.9523971106175,827.5592900408246,316.2304535945919,821.7056986905324,339.67635380905466,796.5596512376853,333.39829732508025,container,0
678.396342009051,386.19253077233986,726.4312878746497,399.71803049753777,719.6628214558151,423.75580541362035,671.6278755902164,410.23030568842245,container,0
618.4420529770468,391.71397351432375,720.2786033466084,420.6915705166445,705.8795628676285,471.294407283736,604.0430124980669,442.31681028141526,container,0
813.787147319993,428.6249888540428,830.5432457447142,433.3431081431345,824.072939022087,456.3219879974736,807.3168405973657,451.6038687083819,container,0
958.7730045940416,531.9019579185797,961.1309891500753,525.7409132484397,982.5491521156505,533.9381752706108,980.1911675596168,540.0992199407508,container,0
1005.2626130816758,326.42948034176106,996.5865194330353,289.3510522820102,1025.0254684203633,282.69653650034445,1033.7015620690038,319.7749645600953,container,0
999.0345890735504,286.9534317220993,990.3490593539426,249.83467737119778,1023.6332641179105,242.04640551977636,1032.3187938375181,279.1651598706779,container,0
990.1203115618949,246.21250914913566,980.0249749465559,203.0687594860058,1021.6984820331091,193.31744938279508,1031.7938186484482,236.46119904592493,container,0
976.26564979241,202.56628029846755,963.0085445835673,145.91029643369598,1017.521230018068,133.1547081140819,1030.7783352269107,189.81069197885347,container,0
962.1751051750688,143.0110892416873,934.1753335148691,23.35038002898282,1001.145708401314,7.679779234822206,1029.1454800615136,127.3404884475267,container,0
1008.2743673566052,46.65878153557909,999.4800594584617,9.07514932251403,1022.4155171484612,3.7084121331110538,1031.2098250466047,41.29204434617611,container,0
757.7109546712439,72.00630009632474,810.9454673847714,60.010226384310826,816.0834124622837,82.81068669461342,762.8488997487563,94.80676040662733,container,0
757.0840798625507,131.55940692215896,784.8869533647731,125.29419845235914,790.7068354494268,151.12086426522805,762.9039619472043,157.38607273502788,container,0
820.1830474279329,119.07502193844995,828.7178149885099,117.21059222523193,833.902275353892,140.9434065179138,825.3675077933151,142.8078362311318,container,0
762.4081424468816,158.93476342309913,847.4189677940793,139.7780908961618,852.6722678022686,163.09045732434197,767.6614424550709,182.24712985127928,container,0
