278.5000610425824,81.27436511481861,279.393478997636,90.21441441856518,266.98977925600343,91.45397000509021,266.0963613009498,82.51392070134364,container,0
174.0005153360537,960.1451668837678,180.05639987703645,964.2684510429494,172.90851357722937,974.766581288791,166.8526290362466,970.6432971296094,container,0
151.85871033910078,992.7984608275476,157.94081706154742,997.5187465982893,144.75415172143775,1014.5098165900397,138.6720449989911,1009.789530819298,container,0
942.4668207813921,943.492612076087,948.1298411033933,941.5438958375535,955.4107605111302,962.7024379349375,949.747740189129,964.651154173471,container,0
697.0251341580532,874.8046430741239,700.265720200571,879.7735437490205,679.5022776776801,893.3149136488522,676.2616916351624,888.3460129739556,container,0
723.6799272726079,858.3053883919827,726.9514863414876,863.32178106048,708.208916225493,875.5451912456845,704.9373571566133,870.5287985771871,container,0
709.7271054103929,902.1334565224099,714.0127517880526,908.704783714135,695.7835104188258,920.5934144217777,691.4978640411662,914.0220872300525,container,0
740.5018158572734,884.3797887440243,745.5307059395271,892.0907567590189,725.2024196448708,905.3483292372888,720.1735295626171,897.6373612222942,container,0
956.1984496779048,936.9528825700653,961.9302812565413,934.9804875160632,968.6902890328936,954.6252467977828,962.9584574542571,956.5976418517848,container,0
255.21341370818894,207.28188897102544,285.77161814685286,193.8840697655568,291.3933548480636,206.70631917655183,260.83515040939966,220.10413838202047,container,0
225.99011213706973,162.05766805128965,264.56659668276126,145.14434558945695,272.21444559729713,162.58782105828615,233.6379610516056,179.50114352011886,container,0
209.48252081994872,125.88857413061315,226.06200978807115,118.61952806608338,232.92051520210526,134.26264187226096,216.34102623398283,141.53168793679072,container,0
