293.80207553092924,42.58092772707455,293.6492752500495,12.360536608285914,317.3666425564939,12.2406169033454,317.5194428373736,42.46100802213404,container,0
292.837060527038,60.30076979413065,292.78944046681954,50.882614038035236,316.5068077732639,50.76269433309472,316.55442783348235,60.18085008919014,container,0
294.1425714477386,74.4045288388752,294.0556299919929,69.36931292776524,317.8196211115896,68.95898772647513,317.9065625673353,73.99420363758509,container,0
294.40354855999755,93.03679086755363,294.31660710425183,88.00157495644368,318.08059822384854,87.59124975515357,318.16753967959426,92.62646566626353,container,0
294.6461680927654,118.7544613409461,294.55922663701966,113.71924542983614,318.3232177566164,113.30892022854603,318.4101592123621,118.34413613965599,container,0
295.5116823025778,142.2732864104956,295.42960481054985,126.04024091573035,319.1469721169942,125.92032121078984,319.2290496090222,142.15336670555507,container,0
341.99595778223517,96.41484794877564,341.555966553158,9.394673934732424,365.27333385960236,9.27475422979191,365.71332508867954,96.29492824383513,container,0
343.0703895936999,121.93592000692391,342.9795092049545,103.96186343385577,366.6968765113989,103.84194372891525,366.78775690014425,121.8160003019834,container,0
342.65382256482815,141.34019072971043,342.5933620426658,129.38248609414094,366.31072934911015,129.26256638920043,366.3711898712725,141.22027102476991,container,0
343.91629082413067,154.1274711306064,343.82934936838495,149.09225521949645,367.59334048798166,148.68193001820634,367.6802819437274,153.7171459293163,container,0
368.5194565923027,22.660513496826518,368.45456014557897,9.825484719928946,392.17192745202334,9.705565014988432,392.23682389874705,22.540593791886003,container,0
368.6451255869605,35.29334206880471,368.5581841312148,30.258126157694754,392.3221752508115,29.847800956404644,392.4091167065572,34.883016867514606,container,0
368.8870571836917,46.30504199579164,368.80011572794604,41.26982608468168,390.89142838985254,40.88838248502958,390.9783698455982,45.92359839613954,container,0
368.6363362316549,59.187804904714326,368.51871722808613,52.37589828158661,393.9243961047065,51.937226585132194,394.0420151082753,58.74913320825991,container,0
368.24739415431094,82.83162492665971,368.16808913985426,67.14691190934406,391.88545644629863,67.02699220440354,391.9647614607553,82.7117052217192,container,0
370.57697034091655,116.3225928521712,370.5215756354373,105.3667905731804,394.23894294188165,105.24687086823988,394.2943376473609,116.20267314723068,container,0
370.11185554005624,136.4915475719184,370.0471795778032,123.70012556655125,393.7645468842476,123.58020586161074,393.8292228465006,136.3716278669779,container,0
369.5593587531427,162.4131689658616,369.49468279088967,149.62174696049442,393.21205009733404,149.5018272555539,393.2767260595871,162.29324926092107,container,0
368.8673237321274,97.96919667851459,368.7803822763817,92.93398076740463,390.8716949382882,92.55253716775253,390.9586363940339,97.58775307886249,container,0
371.7259058118146,148.0633610714639,371.6389643560689,143.02814516035392,393.7302770179754,142.6467015607018,393.8172184737211,147.6819174718118,container,0
414.8885633453395,29.444461325114705,414.7444677364713,0.9456546905574079,438.46183504291565,0.8257349856168936,438.60593065178386,29.32454162017419,container,0
425.7770780399839,37.962686545291774,425.6901365842382,32.92747063418181,436.12001484186254,32.747381276550215,436.20695629760826,37.78259718766018,container,0
422.35569896057666,49.99576186513724,422.26875750483094,44.960545954027275,432.6986357624553,44.78045659639568,432.785577218201,49.815672507505646,container,0
415.42396887717973,57.26558931289089,415.3370274214341,52.23037340178093,437.4283400833406,51.84892980212883,437.51528153908623,56.88414571323879,container,0
424.4292858953772,75.11208959976268,424.34234443963146,70.07687368865273,434.7722226972558,69.89678433102112,434.85916415300153,74.93200024213108,container,0
417.4975558119802,88.78153527685261,417.41061435623453,83.74631936574265,439.50192701814103,83.36487576609055,439.5888684738867,88.4000916772005,container,0
417.5477388079237,104.98347993190679,417.3908809046702,95.89905175583011,439.4821935665767,95.51760815617801,439.6390514698302,104.60203633225468,container,0
417.2022829764903,126.28264630008282,417.14688827101105,115.32684402109201,440.8642555774554,115.2069243161515,440.9196502829347,126.1627265951423,container,0
427.5495330233601,146.2814658344136,427.46259156761437,141.24624992330365,437.8924698252387,141.06616056567208,437.97941128098444,146.10137647678204,container,0
427.79146462009135,161.71618678210191,427.70452316434563,156.68097087099196,438.13440142197,156.50088151336038,438.2213428777157,161.53609742447034,container,0
446.8606636601531,23.903269478558588,441.82747263771677,24.07044070780792,441.0546634419181,0.802703048543215,446.0878544643544,0.6355318192938846,container,0
468.3295063973216,131.8419270535918,486.2132167651429,131.77299611505606,486.68688379985025,254.66301095358563,468.803173432029,254.73194189212137,container,0
224.77690540499964,363.14107250826794,224.61146113375992,330.4199900832759,248.3288284402043,330.30007037833536,248.494272711444,363.0211528033274,container,0
224.3893499563126,325.3977944228843,224.32029093121778,319.7190809543752,248.8364418166702,319.4209392205802,248.90550084176502,325.0996526890893,container,0
226.580924123585,385.5560826621309,226.50869933257408,371.27167545910487,245.48115182379004,371.1757469829234,245.55337661480095,385.4601541859494,container,0
233.76321603627312,405.3100921819138,233.68111187467593,398.5586790589736,249.14936237489994,398.3705691454534,249.23146653649712,405.12198226839354,container,0
233.44943094593953,430.0082809377844,233.36732678434234,423.2568678148442,244.46970525990014,423.1218514175551,244.55180942149732,429.87326454049526,container,0
233.6146366229115,449.7330737115643,233.5325324613143,442.98166058862415,244.6349109368721,442.84664419133503,244.7170150984693,449.5980573142752,container,0
227.00488212913154,486.1352830603392,226.9171871978028,468.79123690655007,250.04896487921582,468.6742780586955,250.13665981054456,486.01832421248463,container,0
233.24963041799145,493.0389438446984,233.18775258123662,487.9507384363619,244.2901310567944,487.8157220390728,244.35200889354923,492.9039274474093,container,0
275.37675454386795,508.7595140044994,275.31529245323077,496.60372209533983,298.4470701346438,496.48676324748527,298.508532225281,508.64255515664485,container,0
275.08142211400576,478.2244690049327,275.00544086662387,471.9765422166662,321.1978012276231,471.4147953718837,321.27378247500496,477.6627221601502,container,0
273.6663187634506,464.8388836490659,273.59033751606876,458.5909568607994,297.82821443031025,458.29619922610846,297.9041956776921,464.54412601437497,container,0
274.3365946511299,449.9538406141182,274.28434613508637,439.62028244838694,299.2474948855029,439.49406382581145,299.2997434015464,449.8276219915427,container,0
273.0213222288667,399.8898819776887,272.935649859652,382.9458522230538,295.4360011189619,382.83208599220654,295.5216734881766,399.7761157468414,container,0
300.4827258189033,407.95550652692936,300.4067445715215,401.70757973866284,324.64462148576297,401.4128221039719,324.7206027331448,407.6607488922384,container,0
299.30124964980143,421.51841622786554,299.2252684024196,415.27048943959903,323.4631453166611,414.9757318049081,323.53912656404293,421.2236585931746,container,0
299.7991303530947,447.88896920247316,299.7029682915808,428.8703188897419,324.66611704199727,428.74410026716646,324.76227910351116,447.7627505798977,container,0
299.0001971420105,491.9647030509384,298.9242158946287,485.7167762626719,323.16209280887017,485.42201862798095,323.238074056252,491.66994541624746,container,0
299.3239835118632,511.84971541548373,299.2480022644814,505.6017886272172,323.4858791787229,505.3070309925263,323.5618604261047,511.5549577807928,container,0
298.4747549016936,370.5719191267155,298.41322260928195,358.40224291663947,320.9135738685918,358.2884766857922,320.97510616100345,370.45815289586824,container,0
300.5948956019471,350.2430449293739,300.53336330953545,338.0733687192979,323.0337145688453,337.9596024884506,323.09524686125695,350.12927869852666,container,0
271.43480024078434,349.24151863995615,271.34404319953444,331.2918573725472,296.7166588823699,331.1635684040904,296.8074159236198,349.11322967149937,container,0
297.2965929845428,325.49763211202156,297.23455886955264,313.22870690509274,322.65668722787564,313.10016759074557,322.7187213428658,325.3690927976744,container,0
271.0182969850764,318.51696304879084,270.9492379599816,312.83824958028174,295.46538884543395,312.5401078464867,295.53444787052877,318.2188213149958,container,0
271.28515781404013,304.7119239955065,271.2160987889453,299.0332105269974,295.7322496743977,298.73506879320234,295.8013086994925,304.41378226171145,container,0
345.5767438807403,304.4976240979105,345.5076848556455,298.8189106294014,370.02383574109786,298.52076889560635,370.09289476619267,304.19948236411545,container,0
345.8662303910461,342.85341977687955,345.70540860083565,311.0465580839433,370.002841467924,310.92370545268005,370.1636632581344,342.7305671456163,container,0
346.14465721749497,367.6205874800504,346.07559819240015,361.9418740115413,370.5917490778525,361.64373227774627,370.6608081029473,367.32244574625537,container,0
347.45852752574194,413.3378881940343,347.3894685006471,407.6591747255252,371.9056193860995,407.36103299173016,371.9746784111943,413.03974646023926,container,0
346.5345269195118,449.6064006024478,346.465467894417,443.9276871339387,370.98161877986934,443.6295454001437,371.05067780496415,449.3082588686528,container,0
346.85378793243564,475.9288200576294,346.7847289073408,470.2501065891203,371.3008797927932,469.9519648553253,371.369938817888,475.6306783238344,container,0
347.9503519274623,502.35365166726524,347.8541898659484,483.335001354534,372.81733861636485,483.20878273195854,372.91350067787874,502.2274330446898,container,0
309.129243399247,463.71012931903783,309.06018437415224,458.03141585052873,325.06915206593624,457.8367302570929,325.138211091031,463.515443725602,container,0
376.209387595366,497.1417764126654,376.11322553385213,478.12312609993415,401.0763742842686,477.9969074773587,401.1725363457825,497.01555779009,container,0
375.022109214409,458.2397781947594,374.9530501893142,452.5610647262503,399.46920107476654,452.2629229924553,399.53826009986136,457.9416364609644,container,0
377.0819364941483,439.0588223889049,377.0128774690535,433.3801089203958,400.2248492677047,433.09782735224974,400.29390829279953,438.77654082075884,container,0
373.0698116740086,362.76523221836163,373.0054108387976,350.0282240319426,397.302843705886,349.90537140067937,397.36724454109697,362.6423795870984,container,0
371.73265636710306,311.4538378555021,371.5439523763654,274.1325163701122,395.8413852434538,274.009663738849,396.03008923419145,311.3309852242389,container,0
421.37166465479925,287.613720775075,421.27681213953423,268.85406867622913,445.5742450066226,268.73121604496595,445.66909752188764,287.49086814381184,container,0
492.3857218365351,522.1658563399996,477.1871762413331,522.1146265811379,477.26875331306013,497.9128174819328,492.46729890826214,497.96404724079434,container,0
480.73346404932965,545.0505643835435,470.793507827214,545.017059759225,470.8686327166207,522.7294464197267,480.80858893873636,522.7629510440452,container,0
379.73961203652505,718.7501089199969,378.97613596059375,567.7520512486014,403.93928471101026,567.625832626026,404.70276078694155,718.6238902974214,container,0
381.6399041540118,765.0853246194573,381.58286063707453,753.8034252491739,406.54600938749104,753.6772066265984,406.6030529044283,764.9591059968818,container,0
381.76737117656,739.8356810213725,381.64338031333716,736.3266124883564,405.9144121371303,735.4690099198042,406.0384030003531,738.9780784528202,container,0
385.25585090356225,853.3312113580433,385.198807386625,842.0493119877599,410.1619561370415,841.9230933651844,410.21899965397876,853.2049927354678,container,0
384.5065532852313,821.3566630940604,384.42501469134055,805.2301992913259,409.38816344175706,805.1039806687504,409.4697020356478,821.2304444714849,container,0
356.5062562651832,814.7418319828041,356.3757233729414,809.2801644423412,379.79085766966614,808.7205468568077,379.9213905619079,814.1822143972706,container,0
357.6383243206797,827.4321816941897,357.50779142843794,821.9705141537268,380.92292572516266,821.4108965681933,381.05345861740443,826.8725641086562,container,0
356.62265946994887,840.3177798515957,356.4921265777071,834.8561123111327,379.9072608744318,834.2964947255992,380.0377937666736,839.7581622660622,container,0
358.3404728635074,853.0081295629811,358.2099399712656,847.5464620225182,381.6250742679903,846.9868444369847,381.7556071602321,852.4485119774477,container,0
384.6595904556702,834.8492248031009,384.5290575634284,829.387557262638,407.9441918601531,828.8279396771045,408.0747247523949,834.2896072175674,container,0
431.4797948800032,820.4000405176134,431.34926198776145,814.9383729771505,454.76439628448617,814.378755391617,454.89492917672794,819.84042293208,container,0
498.7785609619912,878.6128655803153,489.0878753342946,878.6889912777064,488.89177953271013,853.726293644784,498.58246516040674,853.650167947393,container,0
388.5354359425334,880.0806834782103,388.40490305029164,874.6190159377473,410.14343898786416,874.0994687576948,410.27397188010593,879.5611362981577,container,0
363.58502358266895,912.5781169245474,363.49343049272943,906.7770344717754,429.5108965467355,905.7346869866133,429.60248963667505,911.5357694393853,container,0
373.6273659093927,919.6659254236232,373.53577281945314,913.8648429708511,435.5671742009045,912.8854313227556,435.6587672908441,918.6865137755277,container,0
366.7037506307118,925.9431070219368,366.7011207252145,921.2930964523805,386.150289810227,921.2820965899223,386.1529197157243,925.9321071594786,container,0
417.4676000617263,925.1402701141888,417.32452845395363,920.4924603366228,444.28971867145225,919.6624020289585,444.4327902792249,924.3102118065244,container,0
383.6697082361163,933.3910442242196,383.57811514617674,927.5899617714476,451.11168752413005,926.5236765360436,451.2032806140696,932.3247589888156,container,0
362.8993699013231,940.630482252128,362.8239566836477,935.8541580332071,451.1074419478092,934.4602531418687,451.1828551654846,939.2365773607896,container,0
363.28683923775145,947.2975868629259,363.28420933225414,942.6475762933695,382.73337841726664,942.6365764309113,382.73600832276395,947.2865870004676,container,0
406.8059582197855,946.54849673256,406.7305450021101,941.7721725136392,450.5947807384302,941.0796016147364,450.6701939561056,945.8559258336571,container,0
363.85475380735585,954.0895209470003,363.77934058968043,949.3131967280794,450.8178240890979,947.9389491264868,450.8932373067733,952.7152733454077,container,0
364.2370794346125,960.1603830570401,364.2344495291152,955.5103724874838,383.6836186141277,955.4993726250256,383.686248519625,960.1493831945819,container,0
407.2836501728018,960.1550092661967,407.2082369551264,955.3786850472759,451.0724726914465,954.686114148373,451.1478859091219,959.4624383672938,container,0
364.3324457603722,967.8894643148508,364.2570325426968,963.1131400959299,451.29551604211423,961.7388924943373,451.37092925978965,966.5152167132582,container,0
364.08982622760453,974.9746194636726,364.0144130099291,970.1982952447519,407.8786487462492,969.505724345849,407.95406196392463,974.2820485647698,container,0
431.469590577553,973.4543634795258,431.37657229495056,968.8052826227876,450.82185275615706,968.4162236563035,450.9148710387595,973.0653045130417,container,0
366.9125569270938,980.9795299527472,366.8195386444914,976.3304490960089,386.2648191056979,975.9413901295248,386.3578373883003,980.5904709862631,container,0
431.18649517636453,980.4982518446292,431.0934768937621,975.849170987891,450.5387573549686,975.4601120214069,450.631775637571,980.1091928781451,container,0
364.9131435663294,994.5214295810432,364.7347244957166,983.2211913157447,451.77320799513404,981.846943714152,451.95162706574683,993.1471819794505,container,0
364.466123665205,1002.8192488592717,364.3731053826026,998.1701680025334,387.2352473399307,997.7127448586875,387.3282656225331,1002.3618257154259,container,0
364.10235197456603,1016.5704370630008,363.92393290395324,1005.2701987977023,452.2489213158321,1003.8756386146019,452.4273403864449,1015.1758768799004,container,0
364.4038838882167,1022.7694438318975,364.3108656056143,1018.1203629751593,408.8760860677071,1017.2287070975952,408.96910435030946,1021.8777879543335,container,0
431.5892565307012,1022.1488336597178,431.4962382480988,1017.4997528029795,451.97418672052714,1017.0900323320255,452.0672050031296,1021.7391131887638,container,0
262.5779849932586,942.1123554952743,262.4863919033191,936.3112730425022,316.3101687884457,935.4614512933268,316.40176187838523,941.2625337460989,container,0
238.23319170785672,954.7559994194446,238.0767605770074,944.8483755054989,316.5175888299216,943.609875984833,316.67401996077086,953.5174998987787,container,0
236.1053495162892,977.6972714211524,235.91359252900963,965.5522712378612,317.69053881948406,964.2610978650391,317.88229580676364,976.4060980483304,container,0
236.95931719522443,991.4998013103972,236.88562438736076,986.8324398874386,318.15389755153046,985.5492979369909,318.2275903593941,990.2166593599495,container,0
237.68717021282765,963.0474622493343,237.5566373205859,957.5857947088714,259.2951732581584,957.0662475288188,259.4257061504002,962.5279150692818,container,0
236.04991713535148,984.8741187629594,235.91938424310973,979.4124512224964,257.65792018068225,978.8929040424439,257.78845307292397,984.3545715829068,container,0
238.39658964162632,997.92930480851,238.32289683376266,993.2619433855514,283.96227819423325,992.5413447738669,284.0359710020969,997.2087061968255,container,0
238.9690690774139,1011.6136135643454,238.78969114909376,1000.2526456891534,305.1678397574366,999.2046033996322,305.34721768575673,1010.5655712748243,container,0
238.29457658216086,1019.316990980513,238.1640436899191,1013.85532344005,259.9025796274916,1013.3357762599975,260.0331125197334,1018.7974438004604,container,0
287.35609739810843,1018.7648729690374,287.22556450586666,1013.3032054285744,306.5466135708184,1012.8414357589803,306.6771464630602,1018.3031032994433,container,0
253.10678340616508,915.8588657662995,257.7392145882146,915.8588657662996,257.73921458821457,924.9918752504541,253.10678340616508,924.991875250454,container,0
498.4811751910544,474.75718785066175,493.2890800742071,474.81323800907,493.23655065361777,469.9472794484164,498.42864577046504,469.89122929000814,container,0
536.6631491680884,521.907702875973,531.4710540512411,521.9637530343813,531.4185246306519,517.0977944737276,536.6106197474991,517.0417443153193,container,0
536.8536280654806,556.6852162174729,532.7666669016427,556.7293361373677,532.6483820219815,545.7722512061868,536.7353431858195,545.728131286292,container,0
538.2098381643954,596.6280854781266,534.1228770005574,596.6722053980214,534.0045921208963,585.7151204668405,538.0915532847342,585.6710005469457,container,0
500.7189513398773,598.6713479842118,496.6319901760393,598.7154679041066,496.51370529637825,587.7583829729257,500.60066646021625,587.7142630530309,container,0
500.41705364327976,557.3669352647593,496.33009247944176,557.4110551846541,496.2118075997807,546.4539702534731,500.2987687636187,546.4098503335783,container,0
538.1298791016341,572.3744334923091,532.9377839847868,572.4304836507174,532.8852545641976,567.5645250900637,538.0773496810448,567.5084749316554,container,0
501.2232571961791,566.7023716034404,496.0311620793318,566.7584217618487,495.97863265874247,561.892463201195,501.17072777558974,561.8364130427867,container,0
507.901183058478,521.4725951644907,502.70908794163074,521.528645322899,502.6565585210414,516.6626867622454,507.8486536378887,516.606636603837,container,0
527.1021142330587,519.7760348862304,521.9100191162115,519.8320850446386,521.8887291207911,517.8599285976421,527.0808242376384,517.8038784392339,container,0
509.3821682471041,526.3688206620095,504.19007313025685,526.4248708204177,504.1687831348364,524.4527143734213,509.3608782516837,524.3966642150131,container,0
494.28563638011053,441.954348126838,491.95718773783557,441.9794843988646,491.90465831724623,437.113525838211,494.2331069595212,437.0883895661844,container,0
495.44406086213314,449.3827177145353,493.1156122198582,449.4078539865619,493.06308279926884,444.5418954259083,495.3915314415438,444.5167591538817,container,0
538.2529576178484,449.17516738538916,535.9245089755735,449.20030365741576,535.8719795549843,444.33434509676215,538.2004281972592,444.30920882473555,container,0
539.411382099871,440.6375226015044,537.0829334575961,440.662658873531,537.0304040370069,435.79670031287736,539.3588526792818,435.77156404085076,container,0
539.4128490187355,419.60473613551176,537.0844003764606,419.62987240753836,537.0318709558713,414.76391384688475,539.3603195981462,414.73877757485815,container,0
527.0825197174102,643.0986212022236,524.7540710751352,643.1237574742502,524.701541654546,638.2577989135965,527.0299902968209,638.23266264157,container,0
427.8782597747687,636.2721500816384,427.8219138782729,630.1524560577416,451.2751409191808,629.9365150158889,451.3314868156766,636.0562090397857,container,0
432.71397633403103,628.0202148598072,432.6668302275614,622.8997045129072,444.717346674698,622.788751718568,444.76449278116763,627.909262065468,container,0
427.3857952122977,617.0806040672519,427.2731771260981,604.849221269937,450.72640416700597,604.6332802280842,450.83902225320554,616.8646630253992,container,0
