25.081218527086623,484.2617850258855,62.977581454533336,451.1706973911461,80.66351057361734,471.4248635885209,42.76714764617063,504.5159512232603,container,0
16.058540114942172,545.9578669707485,19.743425514934792,550.3848729027605,10.844040782662336,557.7924104964504,7.159155382669716,553.3654045644383,container,0
49.59096079767966,547.7088139926109,53.374833719203494,552.0515167969606,25.501353532343956,576.3381676822219,21.717480610820115,571.9954648778721,container,0
84.95619962210021,516.3339480133012,88.74007254362407,520.676650817651,72.38529629647915,534.9268534603847,68.6014233749553,530.5841506560349,container,0
48.25264412346797,567.8348081138643,52.05137799633367,572.1645174454814,35.74553563870217,586.4706869698934,31.946801765836465,582.1409776382764,container,0
68.55956911638074,612.4256872930107,72.35830298924645,616.7553966246278,37.78279898423966,647.0907212793591,33.98406511137395,642.761011947742,container,0
92.43259332207305,607.6359278704305,96.23132719493876,611.9656372020474,45.95739893574764,656.0742042149935,42.15866506288194,651.7444948833765,container,0
83.0423246988879,630.0987321049606,89.5556731423882,637.5224965695722,56.26210520970271,666.7330958425753,49.748756766202405,659.3093313779636,container,0
78.55926255121952,770.6506276689233,29.043939609390577,812.2266257833459,15.136604062413959,795.6635547303374,64.6519270042429,754.0875566159149,container,0
76.8757051825379,804.3577989339603,40.46394805210428,834.9312670213282,25.0069966746318,816.5226665339667,61.41875380506543,785.9491984465989,container,0
63.802540964852795,854.7373859562107,60.518842494977484,857.7103639909112,45.516536079990885,841.1400933584024,48.8002345498662,838.1671153237019,container,0
94.055420695431,892.3354046792376,90.77172222555568,895.3083827139382,75.76941581056909,878.7381120814293,79.0531142804444,875.7651340467288,container,0
123.7237921778215,932.8559646432029,120.44009370794618,935.8289426779035,105.43778729295958,919.2586720453946,108.7214857628349,916.2856940106941,container,0
82.31854866347865,843.0216813305161,90.53153290081474,835.6728866337393,121.51923085185624,870.3046167778483,113.30624661452015,877.6534114746252,container,0
110.65397533432377,820.3542253165015,140.9381241802767,793.2566459221782,170.7659484894429,826.5921058163915,140.48179964348998,853.6896852107147,container,0
166.06073579594576,801.2324011557722,172.43491120180448,795.5289314953832,187.55283436269193,812.4246633459524,181.1786589568332,818.1281330063414,container,0
163.2469701342011,773.3863735557409,192.69609517474373,747.0359547957928,223.40999595219648,781.3616902885751,193.96087091165384,807.7121090485232,container,0
202.0001243986694,737.6960388553041,214.7169891077043,726.3172725953439,245.43088988515706,760.6430080881262,232.71402517612216,772.0217743480864,container,0
223.6009203378175,733.0910302860938,240.25411576305612,718.1901232967633,271.4835379497489,753.0920035020866,254.83034252451029,767.9929104914171,container,0
159.4691944376071,729.1614739169894,106.2153940404462,773.8765191465097,78.8021283348265,741.228434533646,132.0559287319874,696.5133893041257,container,0
273.00872845074207,694.124321824721,280.3968422552082,687.5136027515459,295.4615143735158,704.3498214450091,288.0734005690497,710.9605405181842,container,0
144.30384122679823,945.8342740534405,107.75432944192687,904.2491501969961,128.14693336125777,886.3259207304499,164.69644514612912,927.9110445868943,container,0
208.77063755457783,1018.396709930226,154.49857614926404,956.6473106832924,174.8911800685949,938.7240812167463,229.1632414739087,1000.47348046368,container,0
197.97451415215642,903.820379456399,194.68006394469765,906.7004628989524,179.50669746745837,889.3440559281637,182.80114767491713,886.4639724856103,container,0
278.06693256363735,887.6248246983968,273.56400166504346,891.3620076664,241.82403825460688,853.1185330533664,246.32696915320076,849.3813500853631,container,0
298.02549701656994,873.8002428983524,284.96257878786395,884.6417407174692,253.22261537742736,846.3982661044355,266.28553360613336,835.5567682853186,container,0
307.86833553650393,860.8467707357983,302.5389467995532,865.7350427419447,253.23411654108753,811.9809540319992,258.5635052780383,807.0926820258528,container,0
346.5163364066493,829.1485683299584,315.2445365969539,857.8319823454673,298.53430177799646,839.6138191327864,329.8061015876919,810.9304051172775,container,0
369.92305220905706,809.8004175118195,353.0971836641717,825.2335987351735,336.38694884521425,807.0154355224926,353.2128173900996,791.5822542991386,container,0
310.9150447223775,824.5234077924205,305.7997446586528,829.2153113743782,273.49746320990437,793.9980782264857,278.61276327362907,789.306174644528,container,0
343.54632648965486,797.2972428720901,335.71927704300043,804.4764426995539,303.416995594252,769.2592095516615,311.2440450409064,762.0800097241977,container,0
327.1910057916161,807.9933355624537,322.7237033752301,811.6440791440479,308.49196921050844,794.2291446238694,312.9592716268944,790.5784010422752,container,0
398.4013402921034,658.0343624058214,417.8982878498588,679.8800431076226,359.31943364267244,732.160805792978,339.82248608491705,710.3151250911768,container,0
435.23089780032393,699.4951854355852,450.54417553704235,716.6532033736947,391.96532132985607,768.9339660590501,376.65204359313765,751.7759481209406,container,0
402.22411437406487,703.7709912447799,405.7853359428432,707.761221462584,369.06934512599327,740.5297012943033,365.50812355721496,736.5394710764992,container,0
394.00697055983625,615.9276120683213,324.1869866173402,676.253066959679,304.41939688889994,653.3742871824332,374.239380831396,593.0488322910755,container,0
492.1438031979725,525.4092667257552,467.5185486033216,546.6858354293702,450.96715017468193,527.529438273399,475.5924047693328,506.252869569784,container,0
461.0867663147214,553.0765457030069,453.9932453243273,559.2054482945537,436.68276369653296,539.1704970212294,443.77628468692706,533.0415944296826,container,0
559.0068479725876,468.0777905676842,510.31066519746577,510.151982102895,493.6758317362033,490.89901820493304,542.372014511325,448.82482666972226,container,0
598.5503718328072,432.54119395353996,577.82726919679,450.4462481040486,561.1924357355275,431.1932842060867,581.9155383715447,413.288230055578,container,0
667.4858689613351,374.5662964341258,607.1610765573971,426.6877713687445,590.5262430961346,407.4348074707825,650.8510355000726,355.3133325361638,container,0
448.9952589385,599.1501025488163,490.6946941981366,645.49849691038,471.8743669485541,662.4310579735949,430.1749316889175,616.0826636120312,container,0
508.8247926784544,665.4273537017086,528.4022388991448,687.1874373186484,504.70408650284617,708.5085550236872,485.12664028215585,686.7484714067474,container,0
528.5258307383599,564.5285089127982,554.9484126464861,593.8968741844967,514.6452619056886,630.157431820318,488.2226799975624,600.7890665486195,container,0
492.3019414422667,569.3590456139981,496.551591249115,573.8503030650614,479.32317708965735,590.1519129600157,475.07352728280904,585.6606555089523,container,0
577.0834117089698,495.58074632641944,608.52699717543,530.5298934855344,580.0991577465095,556.106288658798,548.6555722800493,521.157141499683,container,0
638.92803521827,640.7932709662724,668.990759956417,613.5033188909586,686.9040575596423,633.236682053784,656.8413328214953,660.5266341290978,container,0
575.3295614734592,654.045220622322,617.3361050715316,619.2877954999373,653.7980163715248,663.3543183018753,611.7914727734524,698.11174342426,container,0
548.2730554007253,683.4046485644141,551.9970553931988,680.323303616526,582.682364005323,717.408437210193,578.9583640128495,720.4897821580811,container,0
596.2083773237534,708.5117362607633,598.8256005688652,711.7160609441172,584.4688206974879,723.4423688927214,581.8515974523762,720.2380442093676,container,0
705.8228552723276,590.8526587439115,752.6948298826537,548.3038228704945,770.6081274858791,568.0371860333199,723.736152875553,610.586021906737,container,0
764.1744806902122,539.7430300251763,844.0481537764056,467.2363384465651,861.961451379631,486.9697016093906,782.0877782934376,559.4763931880017,container,0
600.4668562152764,470.35591265612817,652.5902757917404,425.40529928592275,669.995660260532,445.5880752156908,617.872240684068,490.53868858589624,container,0
620.7616974672355,492.12806564373227,680.8077103384189,440.3451026123945,702.1627562069309,465.1077906476344,642.1167433357475,516.8907536789721,container,0
668.4373181382177,499.1972755289681,720.0815029119302,454.6599485184657,737.3264565113423,474.6566934935766,685.6822717376298,519.1940205040789,container,0
643.8590836717691,520.5600681432904,662.3129421486544,504.64568139884295,679.5578957480665,524.6424263739539,661.1040372711811,540.5568131184014,container,0
416.944103626578,843.2640470297343,420.84266013683396,847.6280108643904,386.4114276620479,878.3872267072724,382.51287115179196,874.0232628726163,container,0
317.5081666455227,165.61797393025674,389.25792812421946,107.00165658503433,412.8014205686885,135.82025256262412,341.05165908999174,194.43656990784655,container,0
333.24652615557517,277.4130547307941,315.29605787424373,258.4101205759763,327.89023578471193,246.51346349820665,345.8407040660434,265.51639765302446,container,0
327.61592808854783,217.17039240683383,333.56875850074243,223.65085910701129,320.80998527056244,235.37081953900136,314.85715485836784,228.8903528388239,container,0
342.20871323485716,230.38583763862252,355.78292119135244,245.2873829177581,342.9754186505531,256.95407248823983,329.4012106940578,242.05252720910428,container,0
