494.5774682667003,1001.7706148099114,526.9037533927011,987.3068314247658,538.0045326703704,1012.1168653208265,505.6782475443696,1026.580648705972,container,0
551.9281276830025,993.856270825287,556.6445944341904,1004.7220055755223,542.3668485545234,1010.9195168595062,537.6503818033354,1000.0537821092709,container,0
586.6135659763886,981.3541580302136,588.809833372942,985.9368523457074,575.7387249942615,992.2012128272376,573.5424575977081,987.6185185117438,container,0
612.8383694467046,975.1712820655961,615.6374748823596,979.4127071122648,603.5397606015666,987.3965279813768,600.7406551659117,983.1551029347081,container,0
615.1231089852225,916.9414844548098,620.7449532291706,916.419806002665,622.1164207789456,931.1993640211454,616.4945765349975,931.7210424732901,container,0
621.5912916260812,951.0016111694276,630.9915932249767,955.449143661174,624.5614701335979,969.039847380406,615.1611685347025,964.5923148886595,container,0
626.7331963656321,930.3781344973384,644.4296352072242,927.7097639255028,647.3850894324604,947.310120599366,629.6886505908683,949.9784911712015,container,0
619.5843335512682,907.4770737973141,634.8623091012577,904.5825907320032,638.826138787008,925.5049080013604,623.5481632370185,928.3993910666713,container,0
550.6152358406862,847.5786298139093,558.9411848719461,846.059778121332,561.6551558983974,860.9370597868029,553.3292068671375,862.4559114793802,container,0
549.7659970215607,851.1215269139077,552.4788963909958,861.6933290840284,517.8062914726809,870.5908932368482,515.0933921032457,860.0190910667275,container,0
515.6601747316695,866.8061916266311,519.5765151638143,882.8306814338303,504.2629243597803,886.5732801404808,500.3465839276355,870.5487903332817,container,0
474.85576972121135,827.7103385739066,481.08656276150356,824.3206808685061,488.2345043706847,837.4598673887095,482.0037113303925,840.84952509411,container,0
537.4814248389825,882.0082032933897,537.8674828967356,892.4522847821394,504.05904103287145,893.7019898342958,503.6729829751183,883.2579083455461,container,0
456.5203785520792,887.4040266560423,458.0430488493052,891.4575965715721,444.4619185283905,896.5591697955063,442.9392482311645,892.5055998799764,container,0
408.46510926008585,887.7824577162221,410.1323979800065,891.3471747020833,397.36895717171996,897.3168886994176,395.7016684517993,893.7521717135564,container,0
400.6723689391622,749.2212581348737,404.63491715535895,755.6400570880552,382.64594413448947,769.2146162003415,378.6833959182927,762.79581724716,container,0
109.64185036701782,348.3386968148883,114.73860651175418,357.08885323978654,69.37874120665721,383.50988630387326,64.28198506192085,374.759729878975,container,0
184.3981832149392,301.87414343704677,191.12566307025745,312.7312232071469,128.35798505135023,351.62458112464174,121.63050519603198,340.7675013545416,container,0
175.37130550857944,287.45326816324524,180.67899567319893,296.89019324275125,112.09005467673012,335.46725562922956,106.78236451211063,326.03033054972354,container,0
165.29720371544892,270.009552310219,171.33947741660717,280.68096068394345,102.32439744565134,319.7580897832864,96.2821237444931,309.08668140956195,container,0
150.04731413870206,264.7984090495164,153.86015025198793,262.6624648035279,158.80866577684282,271.4959719214021,154.99582966355695,273.6319161673906,container,0
202.25992645816646,215.22650489718862,207.27857788824178,224.2714421917644,174.78263562565755,242.3020599612834,169.76398419558222,233.2571226667076,container,0
198.33175382682538,194.46776251357036,203.59682771541802,204.10080762266668,163.74061802855317,225.88476965585917,158.47554413996053,216.25172454676286,container,0
114.83890802648482,254.89140953823085,118.75368172674816,261.2984968160032,110.7742918191925,266.17395806695504,106.85951811892916,259.7668707891827,container,0
116.9865134289561,211.9972992045447,120.10507504600947,217.955034247432,108.96173728892373,223.78798673104356,105.84317567187036,217.83025168815627,container,0
147.68724763074326,195.69158678039588,150.7045915216646,201.45595434558436,142.11210368036856,205.95367077371833,139.0947597894472,200.18930320852985,container,0
164.7587888016871,187.3044028480584,167.37141364571337,192.29559061297437,160.29131043080127,196.0016530631938,157.678685586775,191.01046529827784,container,0
184.5852456180638,177.1269563136642,187.70380723511715,183.0846913565515,176.56046947803142,188.91764384016307,173.44190786097806,182.95990879727577,container,0
178.72127228621446,176.09167972956857,173.6708758240197,178.99608876168458,155.85795717982268,148.02169765242883,160.90835364201743,145.11728862031282,container,0
166.4005357552163,185.19625064163702,157.1198667542128,190.53342744990678,138.256676914286,157.73274883341438,147.5373459152895,152.39557202514462,container,0
145.79894444303986,194.1379386586337,137.71075491040276,198.78933799092465,118.98630972701781,166.229918616777,127.07449925965493,161.57851928448605,container,0
117.32624983370266,211.2655547054958,106.92349319417609,216.46272941572818,95.25672993429899,193.11033013530357,105.65948657382556,187.91315542507118,container,0
158.2353167799933,553.5563022871012,165.57528317411064,563.2699460717714,143.2327505631102,580.1527391985918,135.89278416899285,570.4390954139216,container,0
447.17586506999,832.3303640709261,465.80938840268027,873.9009464078102,450.61957385743403,880.7096016596023,431.98605052474375,839.1390193227181,container,0
429.09752292826454,841.7102298086359,444.75393615015327,867.8283594982657,436.09305340609865,873.0200926245884,420.4366401842099,846.9019629349585,container,0
421.15524052816284,848.8513176758597,444.5010136748051,890.8752894049509,436.64399516235983,895.2401355690163,413.29822201571756,853.2161638399251,container,0
475.2698356946429,875.7099510172919,475.80441800741335,883.6099834632515,468.08559980753773,884.1323033035015,467.5510174947673,876.232270857542,container,0
