448.06172691053746,684.7617807118503,466.4638440437969,693.8001046376454,462.3746680513641,702.125707504843,443.9725509181047,693.0873835790479,container,0
474.26212148338203,610.0625602621411,477.1848668173039,611.7535880418167,473.04556056343034,618.9078986833034,470.1228152295085,617.2168709036279,container,0
509.6221346377088,298.48235999142366,512.2354428877829,292.92636224332074,525.7438789012434,299.28016382497697,523.1305706511694,304.8361615730799,container,0
514.0197201770079,289.420934074572,516.3094646692615,284.5528458028074,529.817900682722,290.9066473844636,527.5281561904684,295.77473565622824,container,0
518.9386947990944,280.3595081577206,521.228439291348,275.49141988595596,534.7368753048084,281.8452214676122,532.4471308125549,286.7133097393768,container,0
522.2645769704787,271.2980822408692,524.5543214627323,266.42999396910454,538.0627574761928,272.7837955507608,535.7730129839392,277.6518838225254,container,0
555.8592157052019,286.9295893098993,558.1489601974555,282.0615010381347,571.657396210916,288.4153026197909,569.3676517186624,293.28339089155554,container,0
552.4144549611027,296.387863132459,554.7041994533563,291.5197748606944,568.2126354668168,297.8735764423506,565.9228909745632,302.74166471411525,container,0
548.9696942170035,304.65131761699223,551.2594387092571,299.7832293452276,564.7678747227176,306.1370309268838,562.478130230464,311.00511919864846,container,0
544.7283872475532,313.7113183268764,547.0181317398068,308.84323005511175,560.5265677532673,315.197031636768,558.2368232610137,320.0651199085326,container,0
523.9664609913136,260.6910746486835,526.3913072812292,255.32231673292517,578.0398763222317,278.64984294730675,575.6150300323162,284.0186008630651,container,0
577.3784662586555,326.2418647304375,579.0345578880545,322.5751766267285,633.7702915177409,347.2970476256376,632.114199888342,350.96373572934664,container,0
600.2123529643538,275.77766865688255,601.4069417266873,273.13277611234247,620.7460061848271,281.86743307352043,619.5514174224937,284.5123256180605,container,0
609.3287288101818,259.43887924492185,611.9924804639147,253.54117024948258,661.1221190424989,275.7309995734116,658.458367388766,281.62870856885087,container,0
584.0041091732023,374.69641569984105,586.9658321153013,368.1389800570934,605.5767614926442,376.5447684648867,602.6150385505453,383.10220410763435,container,0
605.1065567808145,370.22982058701024,588.8428263796434,363.14141532547984,590.8326154520913,358.5760170679734,607.0963458532624,365.6644223295038,container,0
413.8426261711484,555.5976653892884,406.6663708414152,552.4269430654741,443.6475757280304,468.72785447789977,450.82383105776364,471.898576801714,container,0
575.423041797459,462.2093717175638,574.0524470060993,465.4642689567967,550.2636284728195,455.4471076217748,551.6342232641791,452.19221038254193,container,0
586.753041477215,408.2788346237071,588.9936894409374,403.3179030621104,600.7680177273444,408.63588102079973,598.527369763622,413.5968125823964,container,0
549.780322458204,388.5180842488739,551.6875056331063,383.5804173917794,558.2327639355897,386.1085358070489,556.3255807606873,391.0462026641434,container,0
405.32350224300586,523.9897132647956,402.18285537244526,521.5545989477746,406.5000276373169,515.9866001607908,409.6406745078775,518.4217144778117,container,0
413.67905670078176,525.0302992350499,409.980224134349,523.5769988022355,412.55675546070916,517.0194022012912,416.2555880271419,518.4727026341056,container,0
426.1930747318076,499.6092013202619,422.9332525965179,501.88230583805205,418.90330471655017,496.10302327520964,422.1631268518399,493.8299187574195,container,0
454.1767004077593,542.999323800871,470.4148950080253,506.45390768139856,482.08352049036455,511.6386184172243,465.84532589009854,548.1840345366967,container,0
478.5408211669861,498.1250649477354,480.94906269389986,492.70511581645604,490.8284358579349,497.09480954553544,488.42019433102115,502.5147586768148,container,0
482.6802014371942,488.3983915107996,485.08844296410797,482.9784423795203,494.967816128143,487.3681361085997,492.55957460122926,492.788085239879,container,0
485.9752266825004,480.1915571186873,488.38346820941416,474.77160798740795,498.2628413734492,479.16130171648734,495.85459984653545,484.5812508477667,container,0
473.4961519869191,661.6314068618595,468.1000877601544,659.1701131576792,472.58648392013976,649.3342769123443,477.98254814690443,651.7955706165246,container,0
464.5489972994992,657.3201660006453,459.1529330727345,654.8588722964649,463.6393292327199,645.02303605113,469.03539345948457,647.4843297553103,container,0
456.22403242858195,653.2163217449317,450.82796820181727,650.7550280407514,455.31436436180263,640.9191917954165,460.7104285885673,643.3804854995968,container,0
460.87626786516086,682.284178069563,436.57726970397283,671.2007349008594,443.46365719737054,656.1032318512839,467.76265535855856,667.1866750199875,container,0
381.06684110048013,636.8120743509804,375.24130669404457,627.3373464675434,395.7967293526965,614.6988492558047,401.62226375913207,624.1735771392417,container,0
404.9658849953087,654.160484069726,397.42341649361134,649.7960380496781,404.5791590813,637.4297576956585,412.1216275829974,641.7942037157063,container,0
261.68572986586804,956.7679384006519,282.5637204331004,966.8388285633773,278.54681709802475,975.1662821036409,257.6688265307924,965.0953919409155,container,0
228.98976538576662,984.7754012150091,236.51110607536995,988.4034609038719,226.19177421164673,1009.7964966563985,218.6704335220434,1006.1684369675357,container,0
383.13797832037545,1006.0928259463233,389.2158880796201,993.3465322715854,395.4382618602038,996.3135929161735,389.3603521009592,1009.0598865909114,container,0
426.24181919080013,954.7850203661003,428.13792654174875,951.7997846970859,434.5948880704874,955.9009993336765,432.6987807195388,958.8862350026909,container,0
491.42115941113985,1000.7942290198654,492.7230727787062,997.5060871936618,499.83520985157014,1000.3220807902081,498.5332964840038,1003.6102226164118,container,0
492.46861304361136,829.8273253536529,497.3076532939273,817.8354306243162,522.0821807011138,827.8325943763168,517.2431404507978,839.8244891056535,container,0
487.4026887592579,837.4827248643397,488.8762818582858,834.1390821026105,495.94505356903665,837.254394937699,494.47146047000876,840.5980376994282,container,0
563.0935531820194,710.580905726544,564.5671462810473,707.2372629648147,571.6359179917981,710.3525757999032,570.1623248927702,713.6962185616325,container,0
588.5674386549775,608.076958437002,590.0410317540054,604.7333156752727,597.1098034647563,607.8486285103612,595.6362103657284,611.1922712720905,container,0
560.9715295497418,360.59860286630914,562.6879116866418,356.76488500322694,582.8153468075751,365.7760776201531,581.0989646706752,369.6097954832353,container,0
549.7545347041964,263.1088944512744,552.179380994112,257.74013653551606,581.2111981729493,270.85260971464356,578.7863518830337,276.2213676304019,container,0
531.1307331814762,251.00643121230067,532.197961321884,248.6435228702079,549.4891553512375,256.45324130940577,548.4219272108297,258.81614965149856,container,0
553.6048096824695,260.43309994126355,554.4639760789938,258.606477856326,558.2876446729044,260.40497114862944,557.4284782763801,262.23159323356697,container,0
541.8177644195788,250.1578602384254,542.6769308161031,248.3312381534879,549.3241817357772,251.45782611415237,548.4650153392529,253.28444819908987,container,0
550.6885238326491,253.84356008896282,551.5476902291734,252.01693800402532,558.1949411488475,255.1435259646898,557.3357747523232,256.97014804962726,container,0
560.4815066687536,258.8203727317477,561.3406730652779,256.9937506468102,567.987923984952,260.1203386074747,567.1287575884277,261.9469606924122,container,0
574.5167172508142,255.4971745672269,575.3758836473385,253.6705524822894,582.0231345670126,256.7971404429539,581.1639681704883,258.62376252789136,container,0
566.3770245775736,249.8106075486117,567.2361909740979,247.98398546367423,572.6338702040105,250.5228273247244,571.7747038074862,252.34944940966187,container,0
552.1830417238108,244.729522485765,553.5774018222077,241.76505720826955,559.7401568334791,244.66375861966597,558.3457967350822,247.6282238971614,container,0
537.3510880254705,237.45505889418098,538.4183161658782,235.0921505520882,550.3017636177519,240.45941313260113,549.2345354773443,242.8223214746939,container,0
543.5747639315329,246.05809345127872,544.5634153979454,243.95618093449423,552.1643677733731,247.53135004933202,551.1757163069606,249.6332625661165,container,0
555.7411324417816,251.45052990207097,556.8083605821893,249.0876215599782,568.691808034063,254.45488414049112,567.6245798936553,256.81779248258385,container,0
570.5744004408242,258.4333529887805,571.4335668373485,256.606730903843,578.0808177570226,259.7333188645075,577.2216513604983,261.559940949445,container,0
604.0230879495639,343.18819302766707,604.9048064460545,341.2360143773373,627.689392596443,351.5268712311849,626.8076740999524,353.47904988151464,container,0
575.6056631528722,330.34424799456536,576.4873816493629,328.3920693442356,587.4128471419524,333.32665102607024,586.5311286454618,335.2788296764,container,0
577.3701331769149,319.53429237304056,578.7580033197519,316.4614630368522,591.8213886976101,322.36165486227594,590.4335185547732,325.4344841984643,container,0
622.3119539477296,323.597429551306,623.3872006725736,321.2167675730986,631.9322344684866,325.0762065387491,630.8569877436427,327.4568685169565,container,0
628.9986197276907,283.12396852113415,630.7129887697747,279.32825066326507,654.8786011266903,290.24286003598564,653.1642320846063,294.0385778938547,container,0
627.4272035387521,275.02597171134164,629.3931991399139,270.6731372698432,658.1309818323771,283.65280721131705,656.1649862312153,288.0056416528155,container,0
627.9532942733078,283.1816196056462,629.9192898744698,278.8287851641478,655.2867021976597,290.28619796275706,653.3207065964978,294.63903240425543,container,0
616.4992522073253,277.9587150483017,617.8122840319849,275.1671569300472,624.3122175226249,278.22445295249844,622.9991856979653,281.01601107075294,container,0
596.7181486886461,279.151577377747,598.0311805133057,276.3600192594925,604.5311140039457,279.41731528194373,603.2180821792862,282.20887340019823,container,0
620.287876943519,373.86255449199086,607.5935579121515,368.3298460915238,610.5419424926174,361.5650336737141,623.2362615239849,367.09774207418116,container,0
581.0112937084161,382.0408250153293,583.3676259523614,376.8237613855853,611.9143882088961,389.7171552828367,609.5580559649508,394.93421891258066,container,0
581.8391788812714,389.42663308005064,583.3684239317762,386.04079105609384,608.0030407827419,397.16723039492507,606.4737957322371,400.55307241888187,container,0
587.7374459576899,398.7080829895873,589.2666910081947,395.32224096563044,605.2192923624971,402.5273723601641,603.6900473119923,405.913214384121,container,0
384.70431542033606,641.3941429967466,382.8552502740016,638.5687273948913,389.7713167107076,634.0425764847563,391.62038185704205,636.8679920866116,container,0
256.4045366236208,967.8247634341926,264.32686342467326,971.6462462914478,260.3099600895976,979.9736998317114,252.38763328854515,976.1522169744562,container,0
268.76735005294535,974.4909423382444,277.0036720610529,978.4638866702853,275.6959023367668,981.1750277438732,267.45958032865923,977.2020834118323,container,0
520.8208816948049,835.5054496587774,523.118342414205,829.8119844948881,569.500144297218,848.5282433730625,567.2026835778179,854.2217085369518,container,0
537.2872721852018,832.7643984276319,538.5976625950705,829.5170470859168,571.5698650791085,842.8221851448343,570.2594746692398,846.0695364865494,container,0
636.0575021303325,457.91277517368246,637.9646853052349,452.975108316588,645.222981132692,455.7786388262863,643.3157979577896,460.71630568338077,container,0
599.716459637415,275.00859105522557,601.0538114017057,272.04761249730666,636.2582589920758,287.9480079830988,634.920907227785,290.9089865410177,container,0
638.7265153614636,294.54131731895444,640.4978928169083,290.77529807755354,646.9978263075485,293.83259410000477,645.2264488521038,297.59861334140567,container,0
624.556308761824,295.43750500683444,626.3276862172687,291.67148576543354,632.8276197079089,294.72878178788477,631.0562422524641,298.49480102928567,container,0
