131.5487924926057,721.2797633287693,133.53639924021587,708.7690625972597,144.43730831779672,710.5009176629886,142.44970157018656,723.0116183944982,container,0
262.37731953437793,761.0084680224513,260.5009261389502,770.2713270428645,250.36126673224382,768.2173186745301,252.23766012767155,758.9544596541169,container,0
267.5113677834512,735.1793409943405,264.4696166922024,753.4380252984296,254.46719105256034,751.7717010114325,257.5089421438091,733.5130167073434,container,0
268.92290020428965,541.7616518695415,259.9560833302021,539.8792290155292,262.0785975476237,529.768750246267,271.04541442171126,531.6511731002794,container,0
255.7693373898077,493.0839976523665,260.28649466719446,493.54720451378284,259.1372956666771,504.75410376497416,254.6201383892903,504.29089690355784,container,0
203.08103435091357,445.9641803230526,199.4786764908601,450.61302266607504,190.41709177309605,443.59125928414994,194.01944963314952,438.9424169411275,container,0
300.5679557915881,413.18558936201333,306.0105116318071,412.45581975844465,308.00534476659794,427.33310523995334,302.5627889263789,428.062874843522,container,0
303.04354684456183,431.1190208520855,308.3934298408556,430.1445842972489,310.310362572983,440.668990199045,304.96047957668924,441.6434267538816,container,0
225.73495678379518,467.33143250261156,230.28116579849788,468.0990943313365,228.24506210343284,480.1572071969312,223.69885308873015,479.38954536820626,container,0
993.3467425825438,472.016357552783,997.8505915009569,469.59350221485425,1003.7858830723194,480.62662338625717,999.2820341539064,483.0494787241859,container,0
982.7798518433721,477.6400806236645,988.0981134554141,475.12085126670434,993.5382669707911,486.60537907458786,988.2200053587491,489.12460843154804,container,0
373.385922385414,898.2888509975826,375.1748564702375,893.8410825016923,385.46315854304237,897.9791338121431,383.6742244582189,902.4269023080334,container,0
