23.362271627150776,1.6244933131320778,34.96272746234473,5.78084926934379,27.407606502613902,26.86731249488215,15.80715066741995,22.710956538670438,container,0
38.23192317435417,6.480702542274786,41.73258723304417,7.739167340957925,34.395539290126926,28.148590041960112,30.894875231436924,26.89012524327697,container,0
10.809710079950786,28.501695128104913,14.310374138640789,29.76015992678805,6.97332619572354,50.169582627790234,3.472662137033538,48.9111178291071,container,0
185.99382567613694,50.99127511196652,189.39896506723326,49.493473980797006,194.01665566191562,59.99144985531803,190.6115162708193,61.48925098648755,container,0
201.78226951844923,86.7008158757174,205.18740890954555,85.20301474454789,208.74230386304376,93.28480383220496,205.33716447194743,94.78260496337447,container,0
155.29148408474978,11.892889143212262,157.53369970743626,14.861197011798211,147.5347691576338,22.414240456582302,145.29255353494733,19.445932587996353,container,0
75.23031031504786,56.1401257844844,82.2408961433099,42.1991037693464,91.02840268069866,46.618117578368626,84.01781685243662,60.55913959350662,container,0
85.41966234358036,61.48108667218423,100.91072308412143,36.83260810920193,111.46797547131125,43.46762363623705,95.97691473077018,68.11610219921936,container,0
95.60544482080765,42.911275889450934,92.39380403607927,41.03411154629984,96.84908311918694,33.411573827180106,100.06072390391532,35.2887381703312,container,0
111.10478096599113,73.28613221263485,116.40682928194256,62.74265209432231,125.19433581933131,67.16166590334454,119.89228750337988,77.70514602165709,container,0
121.48507240083825,79.74008871606104,128.6837687900684,65.42499618299794,140.24664402047352,71.2396724051729,133.04794763124337,85.55476493823599,container,0
65.36495940018658,72.43825942529733,69.36626996856788,64.48138391022547,136.87752536924904,98.43107926586467,132.87621480086773,106.38795478093652,container,0
135.95388626531377,95.98305800820795,132.58012306143198,94.4158616754335,141.12705904076086,76.01654723730856,144.50082224464265,77.583743570083,container,0
38.13800333358843,158.98448934653348,47.44921441735825,161.46967323602695,44.912739918120224,170.97305428193343,35.601528834350404,168.48787039243996,container,0
33.8800202111874,171.40610162189867,68.279020061284,180.58727466942645,62.660752414851444,201.63717612831212,28.261752564754836,192.45600308078434,container,0
111.78364837753367,126.9107053986428,126.41002442194001,131.5773419072912,100.47642589549073,212.8595595236726,85.85004985108439,208.19292301502418,container,0
152.35734290845966,127.23708965478042,165.81493372874687,131.53081794740294,158.18801672778477,155.4354344541334,144.73042590749756,151.14170616151088,container,0
142.58058471627967,152.8709400075516,170.35235468018695,161.73169644030577,163.64224732111657,182.762808109324,135.8704773572093,173.90205167656984,container,0
130.32789881228928,198.34400680805174,160.3721306254722,207.92980636824524,153.66202326640183,228.96091803726347,123.61779145321889,219.37511847706998,container,0
158.40054794520572,183.23121056172067,163.43868896400505,184.85231940253078,157.2245827580853,204.16474469013485,152.18644173928595,202.54363584932474,container,0
219.21675866249012,146.59643546792304,227.40139247600646,149.20779393758858,220.4543480029841,170.98152426163077,212.26971418946775,168.37016579196523,container,0
230.8028279451101,124.20160292817249,236.21948170622505,126.13099109242903,233.25693034681302,134.44819509561577,227.84027658569806,132.51880693135925,container,0
237.50046513843125,275.7053570827557,250.79561684819888,222.67764879036827,264.3410547407986,226.07377239360537,251.04590303103097,279.1014806859928,container,0
252.66480516852639,276.10721670305816,261.99688501087417,238.88621927151144,275.54232290347386,242.28234287474854,266.2102430611261,279.5033403062953,container,0
190.71361876987888,511.39156309724456,195.55215840908448,492.09304931191866,219.49435556981953,498.09585716026083,214.65581593061393,517.3943709455867,container,0
140.38880275646684,507.9989359864588,147.8253823554934,478.33814066205616,171.76757951622844,484.3409485103983,164.3309999172019,514.0017438348009,container,0
100.9776578237454,460.18089684398075,114.44843662279266,464.0684706027811,107.60433257099425,487.78388218841,94.13355377194699,483.8963084296097,container,0
115.10080057941703,476.0458502639768,116.65366925307656,471.22481497644713,140.1544772124058,478.7944896021707,138.60160853874626,483.61552488970034,container,0
140.76696816470601,477.9934165593541,142.31983683836555,473.17238127182446,151.2904176062652,476.0618299126665,149.73754893260568,480.88286520019614,container,0
84.05538879179129,462.6524566824769,85.60825746545082,457.83142139494726,94.57883823335048,460.7208700357893,93.02596955969095,465.54190532331893,container,0
77.69189853231241,447.06730097979437,82.54929344948394,445.6322062164163,85.5275883542766,455.71290255895235,80.67019343710507,457.1479973223304,container,0
74.1585980579507,463.821059948848,75.71146673161023,459.0000246613184,84.68204749950989,461.8894733021604,83.12917882585036,466.71050858969005,container,0
17.63828062048003,530.7318217610599,19.191149294139564,525.9107864735304,39.31666769323569,532.393271085073,37.76379901957616,537.2143063726026,container,0
42.761356310127326,538.5652024166959,44.31422498378686,533.7441671291664,64.439743382883,540.226651740709,62.88687470922346,545.0476870282386,container,0
75.3440017146986,547.8904970153169,76.89687038835814,543.0694617277874,97.02238878745428,549.55194633933,95.46952011379474,554.3729816268595,container,0
104.6941669094695,557.2157916139378,106.24703558312903,552.3947563264082,126.37255398222517,558.8772409379509,124.81968530856564,563.6982762254804,container,0
134.0443321042404,566.2924338887278,135.59720077789993,561.4713986011983,155.72271917699604,567.953883212741,154.1698505033365,572.7749185002705,container,0
162.89719265134968,574.6231191920256,164.45006132500922,569.802083904496,184.57557972410532,576.2845685160387,183.0227110504458,581.1056038035682,container,0
188.76622531248938,581.9591952000001,190.3190939861489,577.1381599124705,210.44461238524502,583.6206445240132,208.8917437115855,588.4416798115427,container,0
217.12178121193708,590.7871851509594,218.6746498855966,585.9661498634299,238.80016828469272,592.4486344749726,237.24729961103318,597.2696697625021,container,0
243.48811852073834,598.6205658065956,245.04098719439787,593.799530519066,265.166505593494,600.2820151306087,263.61363691983445,605.1030504181382,container,0
272.5896313916785,606.7025987860624,274.142500065338,601.8815634985328,294.26801846443414,608.3640481100755,292.7151497907746,613.185083397605,container,0
302.437101234111,616.276545708514,303.98996990777056,611.4555104209845,324.11548830686667,617.9379950325272,322.56261963320713,622.7590303200567,container,0
332.03591875271275,625.1045356594734,333.5887874263723,620.2835003719439,353.7143058254684,626.7659849834865,352.16143715180885,631.5870202710161,container,0
362.1320409189761,634.6784825819251,363.6849095926356,629.8574472943956,383.81042799173173,636.3399319059382,382.2575593180722,641.1609671934677,container,0
388.995682875439,642.0145585898996,390.54855154909853,637.1935233023701,410.67406994819464,643.6760079139127,409.1212012745351,648.4970432014422,container,0
417.1025864510558,650.842548540859,418.65545512471533,646.0215132533294,438.78097352381144,652.5039978648721,437.2281048501519,657.3250331524016,container,0
480.51812001064627,669.3679791212194,482.0709886843058,664.5469438336899,502.1965070834019,671.0294284452325,500.6436384097424,675.850463732762,container,0
508.3763712624324,678.1959690721786,509.9292399360919,673.3749337846491,530.054758335188,679.8574183961917,528.5018896615285,684.6784536837213,container,0
567.5648153168993,695.9754426810467,569.1176839905588,691.1544073935172,589.2432023896549,697.6368920050598,587.6903337159954,702.4579272925894,container,0
625.0126931045505,713.7549162899147,626.56556177821,708.9338810023852,646.6910801773062,715.4163656139278,645.1382115036466,720.2374009014574,container,0
844.7327653529953,745.1167007405238,846.2856340266549,740.2956654529943,866.411152425751,746.7781500645369,864.8582837520914,751.5991853520665,container,0
915.0807709521929,768.3182134492048,915.9578677330794,763.3297784643426,936.7821998698358,766.9912383684378,935.9051030889493,771.9796733533001,container,0
885.6777987658085,761.573231354235,888.2114984606648,751.0972822904163,910.1796933638672,756.4104819235671,907.6459936690109,766.8864309873858,container,0
944.9032176432357,764.7784693488758,948.3534614959893,750.5129354607917,960.9496894816642,753.5594431145825,957.4994456289106,767.8249770026665,container,0
1024.0000293768644,703.8502092625736,1003.3945757227551,697.4710175407679,1007.2271807853529,685.0913040228445,1027.8326344394623,691.4704957446502,container,0
729.6222116825082,680.2799601387968,734.2989892347011,660.943144683103,746.8952172203761,663.9896523368938,742.2184396681832,683.3264677925876,container,0
705.2967417772901,667.4307053621637,711.0163915227972,643.7819834878002,734.353999091522,649.4263875236861,728.6343493460149,673.0751093980497,container,0
659.9330338973492,651.6404331457696,663.8984972229829,635.2446495814764,699.5888969599974,643.8766841944827,695.6234336343638,660.2724677587759,container,0
601.5937096171185,636.224632559338,606.6615581575224,615.2708773529888,618.4920972985751,618.1321964782599,613.4242487581712,639.0859516846091,container,0
614.2558495451935,646.528369614451,619.3236980855976,625.5746144081018,640.4673919402212,630.6884012680072,635.3995433998172,651.6421564743564,container,0
556.05812611831,630.5520026508849,550.8998875826278,628.9830372706087,570.69020910252,563.9190145835815,575.8484476382023,565.4879799638577,container,0
547.0902417454881,627.2373874363749,541.9604795769333,625.5776834719386,590.4585272475254,475.6814034604089,595.5882894160802,477.3411074248451,container,0
497.318583539342,612.0570574278391,492.19030142097927,610.3927859145385,534.9544172405157,478.6195453631913,540.0826993588785,480.283816876492,container,0
494.3137526325806,587.9902464881566,491.68047519561134,587.1356740360535,534.0793241494724,456.487965899762,536.7126015864416,457.342538351865,container,0
494.454319804758,566.0217289553239,491.8210423677888,565.1671565032208,521.5978133378339,473.41308819893516,524.2310907748031,474.26766065103817,container,0
475.0013989032258,605.8993661859638,470.1101877567995,604.3120308583327,526.4818455455074,430.60854419168976,531.3730566919337,432.19587951932084,container,0
482.0032271763647,559.6194245658202,477.11201602993845,558.0320892381891,519.5537031806107,427.2523795883619,524.4449143270369,428.839714915993,container,0
448.11582545184655,596.5764076559542,443.2246143054203,594.9890723283231,482.5016596597649,473.9608820702711,487.3928708061912,475.5482173979022,container,0
439.64660265548196,594.6727349363964,434.7553915090557,593.0853996087653,476.991112643384,462.94035313148305,481.88232378981024,464.52768845911413,container,0
430.1021192393155,594.3622875999957,425.21090809288927,592.7749522723647,482.1125307408677,417.4384332011905,487.003741887294,419.0257685288216,container,0
425.771305711124,580.8996294065054,420.88009456469774,579.3122940788743,460.2996372165618,457.84501300123935,465.19084836298805,459.43234832887043,container,0
416.68783208621227,585.8139964205584,411.79662093978595,584.2266610929273,436.36035066948244,508.5360451529423,441.25156181590876,510.12338048057336,container,0
405.5388645941033,584.4923635473974,398.9441699717316,582.6031298472716,405.75505971629,558.8285497257034,412.34975433866174,560.7177834258292,container,0
484.46913651769773,464.6670803662202,478.0027028729036,462.3770067749345,486.2586633377915,439.06482120876325,492.7250969825856,441.35489480004895,container,0
542.2875807623972,457.778677299975,535.821147117603,455.4886037086893,543.6484743712241,433.38674091518305,550.1149080160183,435.67681450646876,container,0
490.7456698382548,465.06347153465407,483.5550486916062,462.7010097501532,497.4085375285316,420.5351679832341,504.5991586751802,422.89762976773494,container,0
646.681098455479,569.8937500254135,619.9935749872903,562.113652958254,623.4001151179758,550.4284363217234,650.0876385861644,558.208533388883,container,0
708.0912755240427,587.1327427849467,676.2876443880523,577.8611692115844,679.6941845187378,566.1759525750538,711.4978156547281,575.447526148416,container,0
656.164131441283,545.202105940734,634.468581606852,538.8772971274145,637.8751217375375,527.192080490884,659.5706715719684,533.5168893042035,container,0
725.195545350622,526.9094121112184,696.2674536944631,518.4761319936055,699.6739938251486,506.79091535707494,728.6020854813074,515.2241954746879,container,0
792.8931804449746,532.3602033771627,777.9149309306933,527.9936597652705,783.8445561953865,507.65368045099723,798.8228057096678,512.0202240628895,container,0
791.9265061163102,587.6302327137447,739.4938005399177,572.3447552371858,742.9003406706032,560.6595386006553,795.3330462469957,575.9450160772142,container,0
759.6341658328672,591.8681626727309,735.7409639253851,584.9026819563568,739.1475040560706,573.2174653198263,763.0407059635527,580.1829460362004,container,0
782.1995198515388,635.578774978397,732.2468566614325,621.0162934185996,738.8010942232422,598.5337501756346,788.7537574133485,613.096231735432,container,0
639.7896911688568,553.4040680181464,625.7420851058288,549.3088308238127,629.1486252365142,537.6236141872822,643.1962312995423,541.7188513816159,container,0
858.4251966437693,572.4581994526988,838.9812860826748,566.7898011949584,851.6773139261592,523.2395038013723,871.1212244872536,528.9079020591126,container,0
860.191552363592,625.6311074489502,830.1581216039897,616.8755926538795,843.4250782316157,571.3668781359418,873.458508991218,580.1223929310124,container,0
936.2587993828037,599.224181911234,921.6796246631417,594.9739788298857,928.4195734019844,571.8544035097383,942.9987481216464,576.1046065910866,container,0
828.558933842414,647.1427495581879,833.0578063670883,629.9979817593171,871.2757771523952,640.0265677822872,866.7769046277209,657.171335581158,container,0
639.1758253549154,589.1377302383496,632.2564504886012,587.0958236365182,637.8112127893759,568.2724932168724,644.7305876556901,570.3143998187038,container,0
714.6754169656305,504.9813956864132,707.7560420993162,502.93948908458174,713.3108044000909,484.1161586649358,720.2301792664051,486.15806526676727,container,0
928.7449538937124,619.997207600871,921.8255790273981,617.9553009990395,927.3803413281728,599.1319705793937,934.299716194487,601.1738771812252,container,0
929.1119920331186,638.262136979162,922.1926171668043,636.2202303773306,927.747379467579,617.3968999576848,934.6667543338932,619.4388065595163,container,0
903.4901611573899,661.1016139352017,905.4330521515564,654.1537865268697,928.4411479113145,660.5877722057518,926.4982569171481,667.5355996140838,container,0
1026.4049006392204,637.3061520519119,986.993560312307,625.8167362709481,989.831583348948,616.0816641067044,1029.2429236758614,627.5710798876681,container,0
1026.6117057787358,649.6609464213946,1013.2096254642015,645.7538965269661,1016.0476485008427,636.0188243627222,1029.4497288153768,639.9258742571507,container,0
1028.3621017348974,661.306943116619,1014.9600214203631,657.3998932221905,1017.7980444570043,647.6648210579466,1031.2001247715384,651.5718709523751,container,0
1025.6676139998854,674.9428678695971,1000.9793526347742,667.7456069446962,1003.9548915794988,657.538823567527,1028.64315294461,664.7360844924278,container,0
1012.3349834663532,618.2018929099506,998.9136722605856,614.2892367178579,1005.10889264966,593.038205002339,1018.5302038554275,596.9508611944318,container,0
939.9958166250921,571.5183652737526,933.0764417587778,569.476458671921,940.2266437514248,545.246688361851,947.1460186177391,547.2885949636826,container,0
806.4990994126167,481.40783983699185,799.8555581790397,479.4710772996767,812.5515860225241,435.9207799060907,819.1951272561012,437.8575424434058,container,0
842.4141581520524,481.99568007542643,816.620535214571,474.4761779227997,838.9630068914809,397.83635812777993,864.7566298289623,405.35586028040666,container,0
848.738662446016,493.41070026261747,842.1292259762132,491.4838801380156,854.1420263882194,450.27721007379165,860.7514628580221,452.2040301983935,container,0
865.3065121193608,474.7113811926078,858.697075649558,472.7845610680059,877.6105334918509,407.9070478861468,884.2199699616538,409.8338680107487,container,0
914.6003640035701,512.7460627751201,871.6131904903284,500.2141999750927,896.662354682042,414.28980193041275,939.6495281952837,426.82166473044015,container,0
1010.5233541043573,527.142078577604,960.6711451887073,512.6088820133594,973.1288635447028,469.8760410069052,1022.9810724603527,484.40923757114973,container,0
412.77723196668614,289.70639240314125,421.11327834724517,259.4289082148611,432.8482731126917,262.6598061333297,424.51222673213266,292.93729032160985,container,0
415.13375336285384,315.79501463555937,421.31432419474584,293.34646683554035,433.04931896019235,296.57736475400895,426.86874812830035,319.02591255402797,container,0
428.6623746338503,319.38916323981783,444.5419193926214,261.71282083461415,457.3610721806683,265.24221090996247,441.48152742189717,322.91855331516615,container,0
443.0952791598973,323.65813831056636,462.71513458182517,252.3965551577712,475.53428736987206,255.9259452331195,455.9144319479442,327.1875283859147,container,0
471.88579890956174,332.09340631455257,491.8741783471883,259.49330133151165,504.69333113523527,263.02269140685996,484.7049516976087,335.6227963899009,container,0
459.6528529363668,327.9054696850136,474.68403348203,273.31048418158827,487.50318627007687,276.8398742569366,472.4720057244137,331.4348597603619,container,0
488.23402932097383,335.994961220249,497.62685310847655,301.87913931543557,553.2909361052762,317.2046655284827,543.8981123177734,351.32048743329614,container,0
546.5181568300627,353.52593392419385,566.0462924123592,282.5974878327118,621.7103754091588,297.9230140457589,602.1822398268623,368.85146013724096,container,0
694.9707560871966,386.85554598960226,666.2122971316292,379.7578248516354,671.7997082289344,357.11882148896456,700.5581671845018,364.2165426269314,container,0
684.8773250090564,354.01843214858275,675.0531585383729,351.5937822697554,680.640569635678,328.9547789070846,690.4647361063616,331.3794287859119,container,0
501.52348845682985,87.83202985972697,493.18710068578775,78.69570715352951,520.5383025486144,53.73925234508617,528.8746903196566,62.87557505128363,container,0
514.6903741445519,98.47464805435375,507.4306677479267,90.51832185966626,515.8963812404993,82.7938278042236,523.1560876371245,90.75015399891109,container,0
613.792463863429,120.03543740263343,606.5327574668037,112.07911120794594,626.0972332279196,94.22761211726898,633.3569396245449,102.18393831195647,container,0
531.2316300643743,194.42194100341302,528.2470647825343,191.15098572859677,547.8115405436502,173.29948663791978,550.7961058254901,176.57044191273604,container,0
553.2238661641114,213.72480990496848,555.9342680913817,203.60256490108526,587.3945459563789,212.0265852369924,584.6841440291087,222.1488302408756,container,0
582.9942427685185,235.36183174915166,586.9795357855425,220.47838884546053,600.1834779261801,224.01396718917974,596.1981849091561,238.89741009287087,container,0
615.7815722808341,251.55544896373132,620.4318787954613,234.18845205799275,646.2194307865218,241.09350430572422,641.5691242718946,258.46050121146277,container,0
643.4005905894418,286.0389784623914,650.227643918818,260.54272059774325,698.8373375917555,273.55878643734735,692.0102842623793,299.0550443019955,container,0
693.9035250363712,304.0251882707399,696.218651615775,295.37913536768264,718.0841756078797,301.2339984288157,715.7690490284759,309.88005133187295,container,0
718.870443983955,299.313039884701,697.173013445457,293.12594027173395,702.475319506023,274.5313766410025,724.1727500445211,280.7184762539696,container,0
726.072271744562,276.1053438629503,698.0929527153672,268.1269413682651,703.5273423830357,249.06917606475423,731.5066614122305,257.04757855943944,container,0
659.7268052703633,259.6439962920014,660.6803684795784,256.0828268826786,695.8125384091021,265.4900582873361,694.858975199887,269.05122769665894,container,0
699.4512220889376,225.56309097479192,713.2390358879017,174.0712336466075,737.1682600995882,180.4786872694507,723.3804463006242,231.9705445976351,container,0
740.5800837635014,231.85083230389472,748.323327269399,202.93297805400482,770.1721571200695,208.7833709770312,762.428913614172,237.7012252269211,container,0
599.8497891253195,218.41707425427816,609.8950410227793,180.90215817900204,627.7018038058444,185.6702194289667,617.6565519083846,223.18513550424282,container,0
622.9197962603046,177.66041034603788,627.5571585807555,168.00697920734058,638.4149672248561,173.2229062663711,633.7776049044052,182.8763374050684,container,0
639.4114080300579,186.9088452331065,646.1625805433029,170.63660352589625,659.037149485224,175.97811931238198,652.285976971979,192.25036101959222,container,0
791.1432977164594,290.9138597820047,794.6685485497073,277.7484866780174,816.5173784003779,283.5988796010438,812.99212756713,296.7642527050311,container,0
728.6691460280529,137.0932981418109,740.9403157686439,124.64187550125968,757.0502228952489,140.51856771247006,744.7790531546578,152.96999035302127,container,0
710.246825742521,119.48568687401436,717.5550518132266,112.07010926546374,733.6649589398316,127.94680147667412,726.3567328691261,135.36237908522475,container,0
729.0584596184804,68.97686596651423,725.6669230836683,65.40680977636296,741.4162979369285,50.44497798149165,744.8078344717405,54.01503417164291,container,0
721.3680805073445,61.8606064646317,717.9765439725325,58.29055027448044,733.7259188257926,43.32871847960912,737.1174553606047,46.898774669760385,container,0
658.3885130242161,99.19685441383123,654.996976489404,95.62679822367996,670.7463513426642,80.66496642880864,674.1378878774763,84.23502261895992,container,0
631.652003053225,133.08287436023284,628.260466518413,129.51281817008157,644.0098413716731,114.55098637521026,647.4013779064852,118.12104256536153,container,0
595.4388325705177,414.20938691129874,597.943905449852,404.40541915595486,640.7026336473177,415.3309681821557,638.1975607679834,425.13493593749956,container,0
643.732792470633,418.7715652620974,644.9027961115048,414.19258551928453,687.6615243089706,425.1181345454853,686.4915206680987,429.69711428829817,container,0
791.3976177813767,361.8776759817495,790.1435459767376,366.9806269828189,767.464161959863,361.4070723795739,768.718233764502,356.30412137850453,container,0
789.8231121483153,369.98752171029645,788.3769409969022,375.0393920581306,765.9245781194255,368.61207757085657,767.3707492708386,363.5602072230224,container,0
786.4149353105128,378.10773019547463,784.9687641590997,383.1596005433088,762.516401281623,376.73228605603475,763.962572433036,371.6804157082006,container,0
784.6264990611317,384.60819809223136,783.1803279097186,389.6600684400655,760.7279650322419,383.2327539527915,762.1741361836549,378.18088360495733,container,0
261.39830530694786,397.4230380154343,223.7461696299236,390.01986012063,228.22035082316148,367.26443269133466,265.87248650018574,374.66761058613895,container,0
620.5280696075233,27.64903252644296,624.1718787278234,24.39466259064001,631.015599617906,32.05734786858721,627.371790497606,35.311717804390156,container,0
625.9973390127749,22.984174797922655,629.6411481330749,19.729804862119703,636.4848690231576,27.392490140066897,632.8410599028575,30.64686007586985,container,0
627.9089528574525,39.309484876788666,631.5527619777525,36.05511494098572,638.3964828678352,43.717800218932915,634.7526737475351,46.97217015473586,container,0
622.7052555809821,43.538766049703234,626.3490647012821,40.284396113900286,633.1927855913648,47.94708139184748,629.5489764710647,51.20145132765043,container,0
597.4576834466818,58.88875313730534,594.1567352757444,55.287085501747484,602.8244170349301,47.343107560312646,606.1253652058675,50.944775195870506,container,0
750.2000990722959,248.2577498390433,745.4090366071713,247.30172209911416,747.7097886590402,235.7716729835056,752.5008511241648,236.72770072343474,container,0
672.9827110704833,119.52083874034798,661.8399960775524,107.3089020125204,712.0320231597947,61.51146093829158,723.1747381527256,73.72339766611915,container,0
744.1379233080119,259.62350612361837,739.3468608428873,258.66747838368923,741.6476128947562,247.13742926808067,746.4386753598808,248.0934570080098,container,0
748.7388114036163,271.3183925415889,749.8876179954793,266.56986519105885,761.3153031857618,269.3345539265815,760.1664965938987,274.08308127711155,container,0
750.6830802206714,278.5596167691104,751.8318868125344,273.81108941858037,763.2595720028169,276.57577815410303,762.1107654109538,281.32430550463306,container,0
749.7159146445123,284.1025042672569,750.8647212363753,279.3539769167269,762.2924064266577,282.11866565224955,761.1435998347947,286.8671930027796,container,0
695.4914989279976,261.8212271636799,665.2503339281952,253.19785123287716,672.2274507555744,228.72992325515906,702.4686157553767,237.35329918596182,container,0
789.6484618446221,315.0071573891715,784.8388469538384,314.1493268775954,786.9032800526212,302.57462996609166,791.712894943405,303.43246047766775,container,0
859.4581895542519,256.9908083386252,860.3172864181522,252.18141948320118,871.8914393587061,254.24890015329032,871.0323424948058,259.0582890087143,container,0
817.6577921206051,297.62084465087054,819.2777495666106,292.7460373023445,853.3967520121876,304.084194507409,851.776794566182,308.959001855935,container,0
814.9673804381301,236.61375777420693,819.7828046612747,235.78916203362058,821.4174309020219,245.33495327174234,816.6020066788774,246.15954901232868,container,0
797.532131451283,356.7847342657755,796.364478743186,361.5286625680914,784.947861505405,358.7186192484035,786.1155142135019,353.9746909460876,container,0
814.2024851217872,305.71949881136766,824.6162187688494,308.68670267389797,817.6822277805844,333.0223191695386,807.2684941335222,330.0551153070083,container,0
834.875760838042,313.9674232416131,844.1324491854944,316.6049481053827,837.9704566638054,338.2311496840422,828.713768316353,335.5936248202726,container,0
875.6376123953877,324.7776038226607,884.8943007428401,327.41512868643025,878.7323082211511,349.04133026508975,869.4756198736987,346.4038054013202,container,0
890.4836145379911,328.41464751212783,908.6884419704879,333.601781743244,902.526449448799,355.22798332190354,884.3216220163022,350.0408490907874,container,0
916.9040546630397,337.605087504754,935.1088820955365,342.79222173587016,928.9468895738476,364.4184233145297,910.7420621413507,359.23128908341357,container,0
940.7791881491404,344.2502208584324,950.725561463494,347.0842589005753,944.5635689418051,368.7104604792348,934.6171956274515,365.8764224370919,container,0
995.9590270018219,360.613797742639,1003.996411482963,362.90390416223335,997.8344189612741,384.53010574089285,989.797034480133,382.2399993212985,container,0
925.9889521826856,369.34145471000187,936.0299435068403,372.20245243189675,933.0586148258001,382.6306625906156,923.0176235016454,379.7696648687207,container,0
949.0152091697396,376.44196037880863,959.0562004938943,379.3029581007035,956.0848718128541,389.73116825942236,946.0438804886994,386.8701705375275,container,0
911.7611756360476,364.6409932345957,921.8021669602023,367.5019909564906,918.8308382791621,377.93020111520946,908.7898469550074,375.0692033933146,container,0
897.7647906020411,360.1719232718213,907.8057819261958,363.0329209937162,904.8344532451556,373.46113115243503,894.7934619210009,370.60013343054015,container,0
882.1486649796136,356.39702784694174,892.1896563037683,359.2580255688366,889.2183276227281,369.68623572755547,879.1773362985734,366.8252380056606,container,0
827.6587652350727,340.1269907399543,837.6997565592274,342.98798846184917,834.7284278781872,353.416198620568,824.6874365540325,350.55520089867315,container,0
847.1411268092021,318.2710035310698,851.8720804954276,319.49016135638584,846.4984246982448,340.34268444591953,841.7674710120193,339.1235266206035,container,0
856.4225559096519,320.8871650549397,861.1535095958774,322.10632288025573,855.7798537986946,342.9588459697894,851.0489001124691,341.7396881444734,container,0
867.3237255985231,324.1975011167045,872.0546792847485,325.4166589420205,866.6810234875658,346.2691820315542,861.9500698013403,345.05002420623816,container,0
960.6272418846448,324.5443984090809,965.2683222551486,326.0703871307835,958.5422544971149,346.52677753428503,953.9011741266111,345.0007888125824,container,0
968.0575388840416,326.6977769076875,972.6986192545454,328.22376562939013,965.9725514965116,348.68015603289166,961.3314711260078,347.15416731118904,container,0
975.2564443708068,329.31393843155746,979.8975247413106,330.8399271532601,973.1714569832768,351.2963175567616,968.530376612773,349.770328835059,container,0
952.6058447280922,350.67281247858915,957.246925098596,352.19880120029177,950.5208573405622,372.6551916037933,945.8797769700584,371.1292028820907,container,0
977.390505174861,357.2226297171966,982.0315855453648,358.7486184388992,975.305517787331,379.20500884240073,970.6644374168272,377.6790201206981,container,0
985.7463682247842,359.6073997284348,990.387448595288,361.13338845013743,983.6613808372542,381.58977885363896,979.0203004667504,380.06379013193634,container,0
1008.0766770171966,366.1282772797511,1012.7666504677564,367.4966403957713,1006.7353457110102,388.16853577953765,1002.0453722604503,386.80017266351746,container,0
1022.4487193955424,370.36417939204244,1027.1386928461022,371.73254250806264,1021.1073880893559,392.404437891829,1016.4174146387961,391.0360747758088,container,0
812.7983025968259,335.0413882665777,817.5319455217792,336.250062434118,814.6231810007672,347.64192714424456,809.8895380758139,346.4332529767043,container,0
820.2285995962227,336.4485156875345,824.962242521176,337.65718985507476,822.053478000164,349.04905456520135,817.3198350752107,347.8403803976611,container,0
840.1540382777273,344.33460546217685,844.8876812026806,345.5432796297171,841.9789166816686,356.9351443398437,837.2452737567153,355.72647017230344,container,0
849.6668588908087,345.27894985787043,854.400501815762,346.4876240254107,851.49173729475,357.8794887355373,846.7580943697967,356.670814567997,container,0
865.1958588323124,351.3139075314598,869.9295017572657,352.52258169900006,867.0207372362537,363.91444640912664,862.2870943113004,362.7057722415864,container,0
939.2669114696178,372.6207050387365,944.000554394571,373.82937920627677,941.091789873559,385.22124391640335,936.3581469486057,384.0125697488631,container,0
968.2484019525302,354.5455189681305,973.5708043641754,356.14001043326965,970.1966801968865,367.4028155330768,964.8742777852414,365.8083240679377,container,0
957.5547966541229,364.9640624926822,962.8546469352295,366.631982593209,959.3251394757443,377.84706483570557,954.0252891946377,376.1791447351788,container,0
960.8120907395438,379.58122876285233,965.5457336644971,380.7899029303926,962.6369691434851,392.1817676405192,957.9033262185318,390.9730934729789,container,0
968.2423877389406,380.9883561838091,972.9760306638939,382.1970303513494,970.0672661428819,393.58889506147597,965.3336232179286,392.3802208939357,container,0
978.2179913772853,385.6349647816087,982.9516343022386,386.84363894914895,980.0428697812266,398.23550365927554,975.3092268562733,397.02682949173527,container,0
984.9541138387872,387.04209220256547,989.6877567637405,388.25076637010574,986.7789922427285,399.6426310802323,982.0453493177752,398.43395691269205,container,0
991.9216278129207,389.1433941614171,996.655270737874,390.3520683289574,993.746506216862,401.74393303908397,989.0128632919087,400.5352588715437,container,0
999.814707837581,391.70747914553203,1004.5483507625343,392.9161533130723,1001.6395862415222,404.3080180231989,996.9059433165689,403.0993438556586,container,0
1007.0136133243461,392.1890405159623,1011.7472562492994,393.39771468350256,1008.8384917282874,404.78957939362914,1004.1048488033341,403.5809052260889,container,0
1014.4439103237428,395.9100830632354,1019.1775532486961,397.11875723077566,1016.2687887276841,408.51062194090224,1011.5351458027308,407.301947773362,container,0
1021.1800327852445,397.54860199682383,1025.9136757101978,398.7572761643641,1023.0049111891858,410.1491408744907,1018.2712682642325,408.9404667069504,container,0
898.6932789212059,726.8823679259721,895.4848233264174,720.4207161396673,916.882922952096,709.795746746027,920.0913785468845,716.2573985323318,container,0
714.4106666366761,991.7313851540495,722.6822409074,991.4164842971901,723.5229508313548,1013.499607999939,715.2513765606309,1013.8145088567984,container,0
166.11659959277944,934.388214886085,154.15629539024516,934.8470674729601,153.28590061931095,912.1596368374214,165.24620482184523,911.7007842505463,container,0
219.30186073986349,463.05182362044184,213.63763473703233,461.6826161880558,216.294376700919,450.69203392950317,221.95860270375016,452.0612413618892,container,0
249.98984803921084,414.2078202714681,244.32562203637968,412.8386128390821,246.98236400026636,401.84803058052944,252.64659000309751,403.21723801291546,container,0
243.34732437248545,409.9195880755491,237.6830983696543,408.5503806431631,240.33984033354096,397.55979838461053,246.00406633637212,398.9290058169965,container,0
211.46471644613914,420.95888415057743,213.25502773538216,415.41334804559546,233.81987768342768,422.0524686511757,232.02956639418466,427.59800475615765,container,0
1016.8861862528504,532.4938231527755,1012.6297536590899,531.217944161395,1019.3982382954832,508.63774744106024,1023.6546708892437,509.9136264324406,container,0
1016.9981249840793,481.03077017820914,981.5269032734878,470.3185374103796,988.4189325553215,447.4970860854997,1023.8901542659129,458.20931885332925,container,0
687.4577213906705,221.2894470147511,694.7663234095952,193.48597074916063,705.2634320608788,196.24530878116747,697.9548300419541,224.04878504675793,container,0
676.4990560749504,218.6020550515485,678.4292068733419,211.25935096489448,688.9263155246254,214.01868899690132,686.9961647262339,221.36139308355533,container,0
