376.05779787610305,545.888151963867,377.99734188456557,543.6073730410704,562.8573299742652,700.809843968943,560.9177859658026,703.0906228917396,container,0
393.1243407068098,672.1339322034138,398.95234348966255,665.2805760273571,601.1963617289878,837.2661945819608,595.368358946135,844.1195507580175,container,0
635.3615268459307,872.5045426153374,637.3010708543933,870.2237636925408,810.8740711699693,1017.827930597133,808.9345271615067,1020.1087095199296,container,0
7.7884486532179125,471.3829605382122,20.537723383987583,456.82391001149574,139.26515385145746,560.79282105624,126.5158791206878,575.3518715829565,container,0
120.46076747405957,514.9814732127985,123.26878076752931,511.774858853736,156.50260046395826,540.8775188716482,153.69458717048852,544.0841332307107,container,0
109.67188693647938,527.7198863911592,112.47990022994914,524.5132720320968,145.7137199263781,553.615932050009,142.90570663290836,556.8225464090714,container,0
23.210601769534463,334.42416353208523,52.61036732332789,299.7962806188861,71.43313821395223,315.77718977941083,42.033372660158804,350.40507269260996,container,0
64.7195803032462,364.5712091809971,85.7353342483341,339.8182544129885,151.35239893730866,395.52845543855057,130.33664499222078,420.28141020655914,container,0
-2.939256230358989,310.60409217602626,20.680915068848023,282.7835803205121,40.139497508762275,299.3043062100114,16.519326209555267,327.1248180655256,container,0
135.2573589399973,429.978010014104,157.6436297928914,403.6108213187112,211.12852012682077,449.0205635322182,188.74224927392666,475.387752227611,container,0
194.2182479113867,474.4016983287444,207.80610612673257,458.3975311369609,227.32637353982773,474.97062880310784,213.73851532448185,490.97479599489134,container,0
194.43019797248064,556.6923057411535,207.21316542035174,541.6361618661898,227.68171905053993,559.0143735074047,214.89875160266882,574.0705173823684,container,0
133.42937074418296,587.8827130888519,181.04294650940008,526.6938149291427,198.8574104047018,540.5559754175006,151.24383463948467,601.7448735772098,container,0
155.626895325972,512.1975222835435,162.0647769113299,505.178219366552,178.2077881369937,519.9840762915114,171.7699065516358,527.003379208503,container,0
71.07455408066737,246.5947461377962,110.9516737950047,198.59881081465284,127.10096074813875,212.01634387855765,87.22384103380142,260.012279201701,container,0
54.202687488986044,225.49893118873746,86.60628773471845,186.49809279388228,102.3925021067896,199.6139692970271,69.9889018610572,238.61480769188228,container,0
107.65017263535564,264.8239092405687,139.47153364787079,226.52385156358582,152.02942309148142,236.9574946904613,120.2080620789663,275.2575523674442,container,0
115.0444152262533,285.1788772207611,157.30118062028947,234.31881026140638,173.66809380641945,247.91715670643876,131.41132841238328,298.7772236657935,container,0
130.8604157542768,303.06475502389094,171.58173224901864,254.0527479693248,189.7302401277496,269.13132111190885,149.00892363300775,318.143328166475,container,0
170.89189985946032,302.8165381904359,183.3661949233073,287.8025285684986,195.56010308641353,297.93376014742256,183.08580802256657,312.94776976935987,container,0
218.36869316784217,375.3058052257373,261.167471262026,323.7933740362935,275.643862996576,335.8209926740729,232.84508490239216,387.33342386351666,container,0
300.62674784977713,444.7222262228048,340.3810540044413,396.87410878894497,356.5598457721133,410.3161557416522,316.80553961744914,458.16427317551205,container,0
321.98249948435597,465.2082393938927,363.26425665512534,415.5216882741642,378.98078526909745,428.57966680533724,337.6990280983281,478.26621792506575,container,0
344.40308178616726,480.735433639209,383.82478384742365,433.2876371079061,398.5325248742081,445.50747084390474,359.1108228129517,492.95526737520765,container,0
256.53762758987267,406.6938065457839,293.9855124992586,361.62168812362034,309.3170228870442,374.3597766933941,271.8691379776582,419.43189511555767,container,0
242.94126502274557,392.47708242717454,259.9101060533357,372.0534559855666,273.10617752331945,383.01732861820915,256.1373364927293,403.4409550598171,container,0
205.04882309778705,308.61383286810195,221.22820198421704,289.1403997775338,238.9393693877379,303.8556113485918,222.75999050130793,323.32904443916,container,0
176.06108514205266,341.6742583027291,189.49278416675304,325.50792125813894,206.11099298025692,339.3150550879574,192.67929395555655,355.4813921325475,container,0
230.4414680335272,321.7913725262171,242.5806184211251,307.1807416417708,257.5762943725254,319.6398042912501,245.4371439849275,334.2504351756964,container,0
197.28190312315917,358.8139751922472,210.8429597927235,342.4919438246739,226.47808807144582,355.4822914014403,212.9170314018815,371.8043227690136,container,0
462.1345560041698,837.7367900404206,481.29390525975685,815.170361695894,512.3178408970515,841.510303891574,493.1584916414644,864.0767322361006,container,0
503.13816879433836,872.267029126154,517.2508674683393,855.6446898636727,533.7598676633322,869.6611614012762,519.6471689893312,886.2835006637574,container,0
526.0765590881488,881.6277503093539,541.7359557817274,863.1836659779871,559.7496963029314,878.4776921648551,544.0902996093528,896.9217764962219,container,0
545.4700561026301,901.316320074085,552.1618737886807,893.4345062247518,580.3208997941261,917.3420828114714,573.6290821080755,925.2238966608046,container,0
662.9514946667881,793.5137619126228,667.6636333125605,787.963670535261,695.0005110212384,811.173226765495,690.288372375466,816.7233181428568,container,0
416.3067785919476,798.2303927502749,428.0346461720336,784.4169756112282,444.021384926917,797.9900367348744,432.293517346831,811.8034538739211,container,0
450.38028097538415,800.8614854856562,462.6335463881239,786.7358652872275,480.9606509418394,802.6337071652563,468.70738552909967,816.759327363685,container,0
700.4150052602191,831.2732468247672,704.7509652656425,834.6561734723485,695.9865729016482,845.8896581798243,691.6506128962247,842.506731532243,container,0
697.4725344604032,821.4151825249718,707.817538102541,810.9622928406427,718.1256163167967,821.1639796363798,707.7806126746589,831.6168693207089,container,0
42.58618193932375,353.1013599819357,58.698760957858816,334.7996608591512,73.61345688369845,347.93036610297946,57.50087786516338,366.23206522576396,container,0
599.9280203321009,824.2472459283916,595.9428690179161,820.1867438402538,605.3298600799192,810.9739472562388,609.315011394104,815.0344493443766,container,0
525.8331562422046,1004.1136375898566,521.3617008459833,1000.5957980761318,529.2930543887684,990.514413334201,533.7645097849897,994.0322528479257,container,0
