418.3405744369144,40.67912179774981,439.7296003720027,40.679121797749815,439.72960037200266,69.24122659299792,418.3405744369143,69.24122659299792,container,0
455.20127885945305,748.8869998801902,458.60884718407607,753.3698363560187,433.46260177094564,772.4844192356322,430.0550334463226,768.0015827598037,container,0
393.55796144940444,792.949593816495,396.62530594029965,797.6717482538434,370.9129948002081,814.373556076976,367.8456503093129,809.6514016396277,container,0
365.90971676505285,811.153595804352,368.97706125594806,815.8757502417003,343.2647501158565,832.5775580648329,340.1974056249613,827.8554036274846,container,0
295.60042522545524,857.9132582070356,298.66776971635045,862.6354126443839,272.9554585762589,879.3372204675165,269.88811408536367,874.6150660301682,container,0
228.564320487903,902.155373086626,231.39199743682587,907.0248276586005,204.87763144174443,922.4216365683908,202.04995449282154,917.5521819964163,container,0
112.00012411126156,975.8063683541768,114.82780106018444,980.6758229261513,90.18708954467309,994.9846065748336,87.3594125957502,990.1151520028591,container,0
77.47106541799928,996.2020138704446,80.29874236692217,1001.0714684424191,55.658030851410814,1015.3802520911014,52.83035390248793,1010.5107975191269,container,0
283.7891111046926,1008.934850158229,286.037779270178,1014.0972949509145,262.9908987737046,1024.1361018665054,260.7422306082192,1018.9736570738199,container,0
458.08272655444773,827.9160650263979,454.76778062620195,823.3643095135435,465.096695288708,815.8419824669835,468.4116412169538,820.3937379798379,container,0
422.9467879682168,840.6847340922427,419.95072741223004,835.9170338184364,433.2031543224578,827.5891039452079,436.1992148784446,832.3568042190142,container,0
426.5579633594032,854.5952986252153,423.4597438332719,849.8933436569183,446.772058687552,834.5323566700499,449.87027821368326,839.2343116383469,container,0
453.70033908872415,842.8277046973969,451.1541066701566,838.9634626480699,473.62303119947705,824.1582037340049,476.1692636180446,828.0224457833319,container,0
423.78579806931265,869.0803269139993,420.8123700160451,864.5677593925518,446.09380885862794,847.9092741456899,449.06723691189546,852.4218416671374,container,0
430.56328390226724,872.1079601161412,427.5898558489998,867.5953925946936,444.81521277809145,856.2452334498003,447.7886408313589,860.7578009712478,container,0
426.9182886335285,880.5095446346063,424.69987762878463,877.1428146280645,449.57832845401083,860.7498668762635,451.7967394587547,864.1165968828053,container,0
431.6375827848598,884.7035235727112,429.4982122510811,881.4567478599231,454.0356162916005,865.2885231892294,456.17498682537916,868.5352989020175,container,0
456.6628480603201,860.510514998536,454.20472908837803,856.7799966749296,477.21784326116637,841.61615946935,479.6759622331084,845.3466777929564,container,0
459.29258007714986,866.3850677094739,456.8344611052078,862.6545493858675,479.84757527799616,847.4907121802879,482.3056942499382,851.2212305038943,container,0
426.931404456434,901.1603532989145,424.13672824949623,896.604841730983,449.3757412295308,881.1214282855149,452.17041743646854,885.6769398534464,container,0
455.66817759259516,883.0828100541041,452.6776091245591,878.6534307538894,477.217808394073,862.0847105877992,480.20837686210905,866.5140898880139,container,0
458.18559238595736,888.5368963563117,454.8715612171642,883.6284312212671,479.62337317626026,866.916837258645,482.93740434505344,871.8253023936896,container,0
430.48367167775024,905.2807731677055,427.89596457022475,901.1221003337087,452.8557826211639,885.5910159827229,455.44348972868937,889.7496888167198,container,0
457.50274332728935,895.9354501566872,454.3813980169854,891.2863044500515,477.6291123038489,875.6782447024259,480.7504576141529,880.3273904090616,container,0
430.7489607793286,913.6471646961535,427.97323427832254,909.1863281660959,452.93541792807093,893.6537718366457,455.711144429077,898.1146083667032,container,0
459.62198808271006,902.7897090384364,456.5006427724061,898.1405633318006,479.7483570592696,882.5325035841751,482.8697023695736,887.1816492908108,container,0
516.087680913793,772.0438607149705,513.7341831032196,768.0593012411042,536.9027023000136,754.3747121261696,539.256200110587,758.3592716000359,container,0
514.6793294748861,779.4125266316408,512.3258316643128,775.4279671577746,535.4943508611068,761.7433780428399,537.8478486716801,765.7279375167062,container,0
543.8326385911614,761.5207948348336,541.4791407805881,757.5362353609673,564.6476599773821,743.8516462460327,567.0011577879554,747.836205719899,container,0
514.0360796173343,787.0393163553289,511.682581806761,783.0547568814625,535.4843310955039,768.9961475907054,537.8378289060771,772.9807070645718,container,0
542.1815722037002,777.4183419974834,539.2056849194294,772.3800539572617,564.0139328535101,757.7269517561379,566.989820137781,762.7652397963595,container,0
516.7780944150797,793.2925026951223,514.068641297971,788.7052976260245,526.0574915693612,781.6240297844806,528.76694468647,786.2112348535784,container,0
515.1785279854283,800.6500986519079,512.4294913837236,796.0865052977347,551.1420578041087,772.7666663514706,553.8910944058134,777.3302597056438,container,0
542.8425112001908,791.7595801060932,539.7422155632229,786.612819707066,567.5864407271588,769.8400688700895,570.6867363641267,774.9868292691166,container,0
515.6048707466866,812.2375506548788,513.2513729361133,808.2529911810125,536.4198921329073,794.5684020660779,538.7733899434807,798.5529615399441,container,0
545.0700335420964,801.5185243816517,542.7165357315231,797.5339649077854,565.8850549283171,783.8493757928508,568.2385527388905,787.833935266717,container,0
547.4039262528038,807.6397632507428,545.0504284422304,803.6552037768765,568.2189476390245,789.9706146619419,570.5724454495978,793.9551741358082,container,0
519.4111497357944,830.6330173267112,517.1084132523847,826.6189083554543,560.9699829486472,801.4572504427202,563.2727194320569,805.4713594139771,container,0
520.9186750836292,838.184283407452,518.565177273056,834.1997239335857,532.9995214280308,825.6740142312702,535.353019238604,829.6585737051365,container,0
517.3273478907807,847.3452645460552,514.9738500802074,843.3607050721888,539.7379703026073,828.733667100626,542.0914681131807,832.7182265744924,container,0
544.6095349322491,829.3269906516481,542.2560371216757,825.3424311777817,567.0201573440756,810.7153932062189,569.373655154649,814.6999526800853,container,0
515.6471560520778,854.7223124119347,513.2936582415044,850.7377529380684,538.1686821413317,836.0452092151869,540.5221799519051,840.0297686890532,container,0
544.4324696140591,837.7735621137069,541.823259999511,833.356073029059,565.8334653312379,819.1743382475213,568.4426749457859,823.5918273321693,container,0
547.752205065452,843.0569849483543,545.142995450904,838.6394958637063,569.1532007826308,824.4577610821686,571.7624103971789,828.8752501668166,container,0
518.6391562174649,860.5028214968982,516.0299466029169,856.0853324122502,540.0401519346437,841.9035976307125,542.6493615491918,846.3210867153605,container,0
520.100470958359,866.144937549062,517.491261343811,861.727448464414,568.8668803449002,831.3822101441065,571.4760899594482,835.7996992287544,container,0
520.456610444481,873.3708531280269,517.762754066994,868.810053920172,530.996047521238,860.9937501667692,533.689903898725,865.5545493746241,container,0
547.1820151741949,856.8200885877328,544.4881587967079,852.2592893798779,568.5088743002814,838.0713467185002,571.2027306777684,842.6321459263551,container,0
553.549259688261,859.6529148514522,551.5667817409472,856.2965058285878,569.5011432832156,845.7034952585126,571.4836212305294,849.059904281377,container,0
522.6694048499946,879.5517892942074,519.9755484725076,874.9909900863526,543.9962639760811,860.8030474249748,546.6901203535681,865.3638466328297,container,0
549.1972433177272,873.9348867821324,545.7195247861777,868.0469797443304,570.8768372167766,853.1877010427196,574.3545557483261,859.0756080805215,container,0
607.7151448139903,716.4197392954576,604.4048587716846,710.8153016997146,623.1152149323016,699.7639464500636,626.4255009746072,705.3683840458066,container,0
632.6906366523917,693.9560941770043,629.6128043956326,688.7452095003564,655.8619722682897,673.2410215160004,658.9398045250489,678.4519061926483,container,0
630.801004464138,709.7908254543472,627.7231722073789,704.5799407776993,653.972340080036,689.0757527933433,657.0501723367952,694.2866374699912,container,0
631.6673655984426,715.4165336742822,628.9204017116294,710.7658214745952,655.2012446831276,695.2429244519476,657.9482085699408,699.8936366516346,container,0
637.0794728403724,718.540225358529,634.3325089535592,713.8895131588421,653.8702642123623,702.3494509445133,656.6172280991755,707.0001631442002,container,0
634.4515476584986,726.7321053849713,631.7045837716855,722.0813931852845,655.0755984895784,708.2771991883841,657.8225623763915,712.9279113880709,container,0
632.9651180615429,733.5162514944158,630.2181541747296,728.8655392947289,654.2853447309246,714.6501459364025,657.0323086177378,719.3008581360893,container,0
634.7159848350599,740.2371830687259,631.9690209482468,735.586470869039,656.4884730260759,721.1039472274394,659.235436912889,725.7546594271264,container,0
633.30795908669,748.9768705299251,630.5609951998769,744.3261583302382,655.080447277706,729.8436346886386,657.827411164519,734.4943468883256,container,0
635.2739672706392,754.9615285151496,632.5270033838261,750.3108163154626,657.0464554616552,735.8282926738631,659.7934193484683,740.47900487355,container,0
634.1531989790755,760.7233475691773,632.211619697872,757.436181511735,656.731071775701,742.9536578701354,658.6726510569044,746.2408239275778,container,0
633.9360034527672,768.410215729742,631.3258880444419,763.9911931024834,655.845340122271,749.508669460884,658.4554555305963,753.9276920881426,container,0
635.304755015607,773.8245201094426,632.6946396072817,769.4054974821839,657.2140916851108,754.9229738405845,659.8242070934361,759.3419964678432,container,0
633.8217667410679,781.520238911239,631.2116513327426,777.1012162839803,655.7311034105717,762.6186926423809,658.341218818897,767.0377152696395,container,0
636.9015622063354,787.5048968964634,634.29144679801,783.0858742692047,658.8108988758391,768.6033506276053,661.4210142841645,773.022373254864,container,0
636.8444438504857,794.0599084872118,634.2343284421604,789.6408858599532,658.7537805199895,775.1583622183538,661.3638959283148,779.5773848456124,container,0
635.6466295596845,802.8963345000561,633.0365141513591,798.4773118727975,657.5559662291882,783.9947882311981,660.1660816375136,788.4138108584567,container,0
635.589511203835,808.8809924852806,632.9793957955096,804.4619698580219,657.4988478733387,789.9794462164225,660.108963281664,794.3984688436811,container,0
636.6730887829369,815.7211808787911,634.0629733746116,811.3021582515324,658.5824254524407,796.819634609933,661.192540860766,801.2386572371917,container,0
636.3307964433494,822.8465460750635,633.7206810350241,818.4275234478049,659.0999816764512,803.4371264201698,661.7100970847765,807.8561490474284,container,0
637.9847219899274,828.6458909110025,635.374606581602,824.2268682837439,660.7032136661559,809.2664136313937,663.3133290744812,813.6854362586523,container,0
639.6386475365053,834.724524950408,637.02853212818,830.3055023231493,662.3571392127338,815.3450476707991,664.9672546210592,819.7640702980577,container,0
643.5114730087852,839.7317374426228,641.5341975121371,836.3841363625547,660.653506839427,825.0912311024937,662.6307823360751,828.4388321825618,container,0
643.9002666736117,846.8002783817196,641.9229911769636,843.4526773016515,661.0423005042535,832.1597720415905,663.0195760009016,835.5073731216586,container,0
639.1391614464865,856.8022898293295,636.608305167032,852.517455860082,660.985896056488,838.1187231616047,663.5167523359424,842.4035571308523,container,0
603.7007350397142,725.3221834154799,601.2147012533061,721.1132355968408,614.0828316340757,713.5126170401484,616.5688654204838,717.7215648587875,container,0
605.9006102599518,731.6647063153979,603.4145764735437,727.4557584967588,616.2827068543132,719.8551399400664,618.7687406407214,724.0640877587055,container,0
604.9590629423981,737.7864828995674,602.4730291559899,733.5775350809283,627.0378015866879,719.068242770935,629.5238353730961,723.277190589574,container,0
607.3544638857802,743.2461073165906,604.6929600617611,738.7400821870649,624.9600670508569,726.7692251228563,627.6215708748759,731.275250252382,container,0
607.0864944982386,750.0214433824266,604.4249906742194,745.5154182529009,628.6005183417001,731.2360350969853,631.2620221657193,735.7420602265111,container,0
604.1877408607489,758.5327488749857,601.5262370367298,754.02672374546,625.7017647042104,739.7473405895445,628.3632685282296,744.2533657190702,container,0
607.6553589090628,765.0448569624548,604.9938550850436,760.5388318329292,629.6471866764304,745.9772316600079,632.3086905004495,750.4832567895335,container,0
604.5354638758124,772.5975600725528,602.3196900938508,768.8461725100937,615.9118216569002,760.8179194285499,618.1275954388618,764.5693069910091,container,0
607.8228935351591,777.883461967116,605.6071197531975,774.1320744046568,629.1012432474635,760.2551656603529,631.3170170294251,764.006553222812,container,0
607.4030614059128,785.1749213012449,605.1872876239512,781.4235337387857,628.6814111182172,767.5466249944818,630.8971849001788,771.298012556941,container,0
606.6980552929286,791.89602702985,604.482281510967,788.1446394673908,627.976405005233,774.2677307230869,630.1921787871946,778.019118285546,container,0
608.2744410498478,798.617132758455,606.0586672678862,794.8657451959958,629.5527907621522,780.9888364516919,631.7685645441138,784.7402240141511,container,0
605.8583910344362,807.6196529091558,603.6426172524746,803.8682653466966,627.1367407467405,789.9913566023927,629.3525145287022,793.7427441648518,container,0
609.4309946775206,813.4852282294748,607.215220895559,809.7338406670157,630.709344389825,795.8569319227117,632.9251181717866,799.6083194851709,container,0
609.2963365320122,819.9211571553178,607.0805627500506,816.1697695928586,630.5746862443166,802.2928608485547,632.7904600262782,806.0442484110139,container,0
609.4468523702418,825.7867324756369,607.2310785882802,822.0353449131777,630.7252020825462,808.1584361688738,632.9409758645078,811.909823731333,container,0
609.3121942247335,831.6523077959561,607.0964204427719,827.9009202334969,630.5905439370379,814.024011489193,632.8063177189995,817.7753990516521,container,0
610.2544898412187,838.7706401515707,607.9323796790743,834.8392211358547,631.3114077427434,821.03029402056,633.6335179048879,824.9617130362759,container,0
607.9766285637229,846.1930358674445,605.9925791164587,842.8339662366172,627.2052228540333,830.3046236781006,629.1892723012975,833.6636933089278,container,0
609.914607082766,853.2785937949612,607.6913090660834,849.5144674228007,630.732262308683,835.9052257072134,632.9555603253656,839.6693520793739,container,0
609.9686400190039,860.7277578723281,607.0483598118268,855.7836146852914,632.3101275634249,840.8626389828235,635.230407770602,845.8067821698602,container,0
613.1094234998767,867.6541595344927,610.1891432926996,862.710016347456,635.4509110442976,847.7890406449881,638.3711912514748,852.7331838320248,container,0
780.243161533562,595.5870583291367,776.88146068834,590.4651869860509,801.7091726418644,574.169709284964,805.0708734870864,579.2915806280498,container,0
779.7998506306485,601.9928809822918,777.3729902326277,598.2953280772022,798.5780327561702,584.3775615814484,801.004893154191,588.075114486538,container,0
781.2404802961495,608.2731631228984,778.8136198981286,604.5756102178087,800.0186624216711,590.657843722055,802.445522819692,594.3553966271446,container,0
783.9290415459418,613.305501343063,781.502181147921,609.6079484379735,805.4213247259727,593.908802599047,807.8481851239935,597.6063555041366,container,0
780.1283585574192,622.1567309179192,777.7014981593984,618.4591780128296,801.6206417374501,602.7600321739031,804.047502135471,606.4575850789927,container,0
780.9593042286103,628.7638907764281,778.5324438305895,625.0663378713384,801.314167184943,610.1137290442289,803.7410275829639,613.8112819493185,container,0
782.3999338941111,634.7335907118182,779.9730734960903,631.0360378067287,797.8985306022176,619.2708019645582,800.3253910002385,622.9683548696478,container,0
782.187758423296,641.457916175126,779.8223156130614,637.7207743275467,803.7796645898526,622.5568492744635,806.1451074000872,626.2939911220428,container,0
781.881283870789,647.7874707631235,779.5158410605544,644.0503289155441,803.4731900373456,628.886403862461,805.8386328475802,632.6235457100403,container,0
780.8402228881829,655.3386706605361,778.5699922102046,651.542936008827,802.9029566475048,636.9893785501035,805.173187325483,640.7851132018126,container,0
781.7816799199674,661.4186364644452,779.5114492419891,657.6229018127361,803.8444136792892,643.0693443540126,806.1146443572675,646.8650790057217,container,0
783.2223095854682,667.9977798365309,780.9520789074899,664.2020451848218,800.9708753523629,652.2287936286594,803.2411060303413,656.0245282803685,container,0
782.5840385937335,675.7236218142739,780.3138079157551,671.9278871625648,804.6606627673995,657.366021840498,806.9308934453778,661.161756492207,container,0
783.2759093086596,682.0547949330988,781.0056786306812,678.2590602813898,805.3525334823256,663.6971949593229,807.622764160304,667.492929611032,container,0
782.7198484392943,688.8851456201007,780.449617761316,685.0894109683917,804.7964726129603,670.5275456463248,807.0667032909387,674.3232802980339,container,0
782.9125465205041,695.7154963071025,780.6423158425257,691.9197616553935,804.9891706941701,677.3578963333266,807.2594013721484,681.1536309850356,container,0
782.8556582848554,702.0466694259276,780.585427606877,698.2509347742185,804.9322824585214,683.6890694521517,807.2025131364998,687.4848041038607,container,0
784.4015560195469,708.3814871012075,782.3008624354584,704.4893623160564,792.1013113726551,699.1997733794169,794.2020049567436,703.0918981645681,container,0
784.8438404176147,714.7365326277318,782.7431468335262,710.8444078425806,792.543595770723,705.5548189059411,794.6442893548115,709.4469436910923,container,0
785.0365384988244,722.0899332906093,782.9358449147359,718.1978085054582,792.7362938519326,712.9082195688187,794.8369874360211,716.8003443539699,container,0
784.4842007119595,730.1047220132488,782.0710799503746,726.3981876390083,805.8879299086005,710.8923459802421,808.3010506701854,714.5988803544826,container,0
784.4273124763108,735.6921582921907,782.0141917147259,731.9856239179502,805.8310416729519,716.479782259184,808.2441624345367,720.1863166334246,container,0
782.8729063395126,743.5258936279279,780.4597855779277,739.8193592536874,804.2766355361537,724.3135175949212,806.6897562977385,728.0200519691617,container,0
785.0622949555883,749.1133299068698,782.6491741940034,745.4067955326293,806.4660241522294,729.9009538738632,808.8791449138142,733.6074882481037,container,0
784.3816390618982,756.2635270147521,782.1180889357179,752.4638046954651,806.5337309409059,737.9190498692788,808.7972810670863,741.7187721885657,container,0
786.8206139948321,768.3402716799914,784.5570638686518,764.5405493607044,808.9727058738398,749.995794534518,811.2362560000201,753.795516853805,container,0
785.5157941748922,775.4252406634636,783.2522440487119,771.6255183441766,807.6678860538999,757.0807635179902,809.9314361800803,760.8804858372772,container,0
784.959733305527,782.5102096469357,782.6961831793467,778.7104873276487,807.1118251845347,764.1657325014623,809.3753753107151,767.9654548207493,container,0
782.1573955844374,791.5918889031146,779.893845458257,787.7921665838277,804.3094874634451,773.2474117576413,806.5730375896254,777.0471340769283,container,0
787.3418200028123,795.9313812616149,785.0782698766319,792.1316589423279,809.4939118818199,777.5869041161416,811.7574620080003,781.3866264354285,container,0
786.0370001828722,808.5073034950309,783.7734500566919,804.7075811757439,808.1890920618799,790.1628263495576,810.4526421880603,793.9625486688445,container,0
818.3775268594662,576.5363458272735,816.1799188260293,573.0042632755687,829.1354737038304,564.943514111213,831.3330817372673,568.4755966629177,container,0
821.2893838768097,582.3052059990349,819.0917758433727,578.7731234473301,832.0473307211738,570.7123742829743,834.2449387546108,574.2444568346791,container,0
812.2511943807827,595.7612645883851,809.3554825197511,591.3493718347714,832.4648836132452,576.1816942449302,835.3605954742768,580.5935869985439,container,0
811.5876708677293,601.6138660012199,809.5501880436492,598.3998690214559,832.8966142002915,583.5996241558531,834.9340970243717,586.8136211356172,container,0
811.8262417951332,609.0404634883442,809.681142300769,605.6567081924965,833.7893617496852,590.3735317129937,835.9344612440494,593.7572870088414,container,0
814.2235724645702,613.8916119339684,812.078472970206,610.5078566381206,836.1866924191222,595.2246801586178,838.3317919134864,598.6084354544656,container,0
810.8804178462673,622.4865921409179,808.7353183519031,619.1028368450701,832.8435378008193,603.8196603655673,834.9886372951835,607.2034156614151,container,0
811.7802306145547,629.3344508592489,809.6351311201905,625.9506955634012,833.7433505691067,610.6675190838984,835.8884500634709,614.0512743797461,container,0
811.9312844322674,643.4203843161422,809.7861849379032,640.0366290202944,833.8944043868194,624.7534525407916,836.0395038811836,628.1372078366394,container,0
811.8327519331218,636.0416823414369,809.6876524387576,632.6579270455891,833.7958718876738,617.3747505660863,835.940971382038,620.758505861934,container,0
812.0823382499801,649.2698878981198,809.9372387556159,645.886132602272,834.0454582045321,630.6029561227692,836.1905576988963,633.986711418617,container,0
809.2383562653937,657.8648681050694,807.0932567710295,654.4811128092216,831.2014762199457,639.1979363297188,833.3465757143099,642.5816916255666,container,0
814.6307227371299,661.2184838461634,812.4856232427657,657.8347285503156,836.5938426916819,642.5515520708128,838.7389421860461,645.9353073666606,container,0
813.0346723368347,669.5638752690246,810.8895728424704,666.1801199731768,834.9977922913866,650.896943493674,837.1428917857509,654.2806987895218,container,0
814.9328303725553,675.6629676350906,812.787730878191,672.2792123392428,836.8959503271072,656.99603585974,839.0410498214715,660.3797911555878,container,0
812.5880210216853,683.2595927056866,810.4429215273211,679.8758374098388,834.5511409762373,664.592660930336,836.6962404706015,667.9764162261838,container,0
813.4878337899728,689.8578626399292,811.3427342956086,686.4741073440814,835.4509537445248,671.1909308645786,837.596053238889,674.5746861604264,container,0
813.139714973969,697.4544877105252,810.9946154796048,694.0707324146774,835.102834928521,678.7875559351746,837.2479344228852,682.1713112310224,container,0
814.538700375973,704.0527576447679,812.3936008816088,700.6690023489201,836.501820330525,685.3858258694173,838.6469198248892,688.7695811652651,container,0
820.5055894774423,706.8312896571147,818.4507963987427,703.5899868736361,837.1520467819544,691.7345070195715,839.206839860654,694.9758098030501,container,0
818.7980690779866,714.6014167688732,816.7712692093652,711.4042714583226,836.0383024902471,699.190118916194,838.0651023588686,702.3872642267446,container,0
812.3515690686005,725.884310574949,809.7525292168361,721.7844938132406,833.9209846405396,706.463131310293,836.520024492304,710.5629480720014,container,0
813.6041571690807,730.8835699938749,811.4591018607872,727.4998843986873,835.4047524623584,712.3197668941249,837.5498077706519,715.7034524893124,container,0
817.498997487037,735.2162925512806,815.3539421787434,731.8326069560931,839.2995927803146,716.6524894515306,841.4446480886081,720.0361750467182,container,0
816.9853035519822,742.5956451039231,814.9015995322944,739.17383738854,839.117032578101,724.4278903999971,841.2007365977887,727.8496981153801,container,0
821.1297301867966,746.6787788772405,819.0460261671088,743.2569711618575,838.6896024953286,731.2950485873822,840.7733065150163,734.7168563027652,container,0
815.2907041472804,756.7159391878796,813.2070001275927,753.2941314724965,838.4832535193207,737.9021997288704,840.5669575390084,741.3240074442535,container,0
816.1905086629373,763.1695749209422,814.1068046432496,759.7477672055591,839.3830580349776,744.355835461933,841.4667620546653,747.7776431773161,container,0
811.5994142077125,772.6182760630651,809.5157101880247,769.196468347682,834.7919635797527,753.8045366040559,836.8756675994405,757.226344319439,container,0
816.9917724268184,776.3264351711557,814.9080684071307,772.9046274557726,838.885010432353,758.3039091707644,840.9687144520408,761.7257168861476,container,0
815.8948864076092,783.8758889306042,813.8111823879215,780.4540812152212,839.154169606988,765.0215120203294,841.2378736266758,768.4433197357124,container,0
815.2971730221166,791.0861043418284,813.2134690024288,787.6642966264454,838.5564562214954,772.2317274315536,840.6401602411831,775.6535351469366,container,0
816.9457364883484,796.7987870485224,814.8620324686607,793.3769793331394,840.2050196877273,777.9444101382476,842.288723707415,781.3662178536306,container,0
817.5959546871471,803.2602361074815,815.5122506674594,799.8384283920985,840.855237886526,784.4058591972067,842.9389419062137,787.8276669125897,container,0
817.7470002522294,810.7200403027941,815.6632962325417,807.2982325874111,841.0062834516083,791.8656633925193,843.089987471296,795.2874711079023,container,0
867.8150553397459,564.699816035654,864.6487802898198,559.4548850603117,890.0730103708242,544.1067125586115,893.2392854207503,549.3516435339538,container,0
869.6756417912168,571.163836570813,866.5093667412907,565.9189055954707,891.9335968222952,550.5707330937706,895.0998718722212,555.8156640691129,container,0
868.7663364493429,578.8320771713747,866.1618368047755,574.5177265083207,881.0652811139947,565.5207722879338,883.6697807585622,569.8351229509879,container,0
907.201462621374,553.1257909736797,904.8806688019816,549.2813986834399,918.5080107693122,541.0548056032225,920.8288045887047,544.8991978934623,container,0
868.5720438566755,585.1386108741013,866.4308938305793,581.5917983206598,891.2529890154208,566.6071243487542,893.394139041517,570.1539369021957,container,0
871.4822064667675,590.2843527453176,869.3410564406713,586.737540191876,879.941634192268,580.3381528581863,882.0827842183642,583.884965411628,container,0
869.4006427396945,598.0119034621555,867.2594927135983,594.4650909087138,891.313027799309,579.9443835128579,893.4541778254052,583.4911960662996,container,0
869.5653558643456,604.5654033415966,867.4242058382495,601.018590788155,886.5161454768621,589.4931136338083,888.6572955029583,593.0399261872499,container,0
869.2308963552804,611.7872883991563,867.0897463291842,608.2404758457146,891.621468199669,593.431095273233,893.7626182257652,596.9779078266747,container,0
871.641886331656,617.3982896373037,869.5007363055598,613.851477083862,894.0324581760447,599.0420965113805,896.1736082021408,602.5889090648221,container,0
871.0578405057323,624.0076460118046,868.9166904796361,620.4608334583629,893.448412350121,605.6514528858813,895.5895623762171,609.198265439323,container,0
870.723380996667,630.367413602217,868.5822309705708,626.8206010487753,893.1139528410556,612.0112204762937,895.2551028671518,615.5580330297354,container,0
872.1360257056094,637.2263587608061,869.9948756795133,633.6795462073644,894.5265975499981,618.8701656348828,896.6677475760943,622.4169781883245,container,0
871.5824567928166,644.7662813132224,869.7674869812872,641.7597859097278,890.9475159217754,628.9737649866206,892.7624857333049,631.9802603901152,container,0
870.9805092961328,652.6346691780948,868.6211546440207,648.7264009128443,893.5173935486353,633.6969676464637,895.8767482007473,637.6052359117142,container,0
870.688271048348,660.0353707559798,868.328916396236,656.1271024907293,892.7596412230093,641.3786921047235,895.1189958751214,645.286960369974,container,0
872.6423096522877,664.885808283481,870.2829550001757,660.9775400182305,894.713679826949,646.2291296322247,897.0730344790611,650.1373978974752,container,0
870.6029671864952,672.7313112200424,868.2436125343831,668.8230429547918,892.6743373611565,654.0746325687861,895.0336920132686,657.9829008340366,container,0
870.560315255569,680.8264029406923,868.2009606034569,676.9181346754419,891.2775919385589,662.9871673517191,893.636946590671,666.8954356169695,container,0
871.7655949089338,686.5170253689062,869.4062402568218,682.6087571036558,892.4828715919238,668.6777897799329,894.8422262440358,672.5860580451833,container,0
874.7179787803067,691.458881444855,872.3586241281946,687.5506131796046,895.4352554632966,673.6196458558818,897.7946101154087,677.5279141211322,container,0
873.1778089482308,698.6470365775991,870.8184542961187,694.7387683123487,893.8950856312207,680.8078009886259,896.2544402833328,684.7160692538763,container,0
873.8839159678791,705.0864253580781,871.5245613157672,701.1781570928277,896.0736660162115,686.3582828034495,898.4330206683235,690.2665510686999,container,0
872.2217607411853,712.7436874573326,869.9843914836914,709.0374878578434,883.9219983759285,700.6235931534069,886.1593676334224,704.3297927528961,container,0
873.7145479538458,718.8805001877506,871.1660677088772,714.6589455956453,895.525691414223,699.9534577395748,898.0741716591916,704.1750123316801,container,0
874.3403633823258,725.2761320391916,871.9087693746461,721.2481993646015,895.157613421051,707.2132701749091,897.5892074287307,711.2412028494991,container,0
875.8092072262626,730.9868704529669,873.377613218583,726.9589377783768,895.0819104230003,713.8564250784758,897.51350443068,717.8843577530658,container,0
873.5342563173258,739.7618461688428,871.1026623096461,735.7339134942528,896.8477759428974,720.192029084772,899.2793699505771,724.219961759362,container,0
874.0047548938296,746.7625263422012,871.5731608861499,742.7345936676112,896.428784115951,727.7296793888784,898.8603781236307,731.7576120634684,container,0
874.97442610405,752.9105397254156,872.5428320963704,748.8826070508255,897.3984553261714,733.8776927720927,899.8300493338511,737.9056254466827,container,0
874.6961657299792,759.05855310863,872.2645717222995,755.03062043404,897.1201949521005,740.0257061553071,899.5517889597802,744.0536388298972,container,0
877.394662622717,770.5586265049297,872.485483981945,762.4265777376961,897.3411072117461,747.4216634589633,902.2502858525181,755.5537122261969,container,0
881.2695323184043,783.0339498807236,878.1856146195792,777.9254437626741,903.0815924994859,762.8961680724417,906.165510198311,768.0046741904912,container,0
898.4756503741077,573.8893127286699,895.7525694168908,569.5315931853439,919.9770255121667,554.3940529108645,922.7001064693836,558.7517724541905,container,0
898.9895072561072,580.9888398660516,896.2664262988903,576.6311203227257,920.818712700616,561.2887232519756,923.5417936578328,565.6464427953016,container,0
906.2320465024495,581.7709553345503,904.5174590034961,579.0271179054319,921.5206044470945,568.4020785677892,923.2351919460478,571.1459159969077,container,0
899.5505193845073,592.784534981515,897.3534194031569,589.2685375955404,921.5515718144467,574.1474341431774,923.7486717957971,577.663431529152,container,0
900.9634667014559,598.3834277165856,898.7663667201055,594.867430330611,922.9645191313953,579.746326878248,925.1616191127457,583.2623242642227,container,0
898.3830329486719,607.4765634288933,896.1859329673215,603.9605660429187,920.3840853786113,588.8394625905557,922.5811853599618,592.3554599765304,container,0
900.566234337718,613.3594433785864,898.3476392348449,609.8090475620777,922.761285982134,594.5532845665952,924.9798810850072,598.1036803831039,container,0
901.9832378749176,619.732513290663,899.7646427720445,616.1821174741542,924.1782895193336,600.9263544786717,926.3968846222067,604.4767502951804,container,0
900.1556192929596,627.3535271231813,897.9370241900865,623.8031313066725,922.3506709373756,608.54736831119,924.5692660402487,612.0977641276987,container,0
901.8222091470171,633.2274194670811,899.603614044144,629.6770236505723,924.0172607914332,614.4212606550898,926.2358558943063,617.9716564715985,container,0
900.4937631987758,641.0980220836877,898.2751680959027,637.547626267179,922.6888148431918,622.2918632716965,924.907409946065,625.8422590882052,container,0
906.6529067562825,643.4776714503506,904.4343116534094,639.9272756338418,923.1845205986712,628.2105195610746,925.4031157015443,631.7609153775835,container,0
901.5806660551671,653.6755139169344,899.3620709522938,650.1251181004255,922.6597848934466,635.5666866664882,924.8783799963198,639.117082482997,container,0
900.5018064237838,661.1649383374722,898.2832113209106,657.6145425209634,921.5809252620634,643.056111087026,923.7995203649366,646.6065069035349,container,0
903.1667415452746,666.1584749171266,900.9481464424014,662.6080791006177,924.2458603835541,648.0496476666804,926.4644554864274,651.6000434831892,container,0
901.8382955970333,673.398310553576,899.61970049416,669.8479147370672,922.9174144353128,655.2894833031298,925.136009538186,658.8398791196387,container,0
902.2569538667998,680.1389686218488,900.0383587639266,676.5885728053399,923.3360727050793,662.0301413714026,925.5546678079526,665.5805371879114,container,0
904.1731300377156,685.6316827696797,901.9545349348424,682.0812869531709,925.2522488759952,667.5228555192335,927.4708439788684,671.0732513357424,container,0
901.8690772379799,693.2572623045155,899.8773300360261,690.0698889418853,924.5595958432456,674.6462694701956,926.5513430451994,677.8336428328258,container,0
901.9203553159447,701.0895943244534,899.5044221978524,697.2234004325026,924.6394116551497,681.5168799759854,927.055344773242,685.3830738679362,container,0
904.622528954686,707.0485465057595,902.2065958365937,703.1823526138087,925.9266677128956,688.3599953262456,928.3426008309879,692.2261892181964,container,0
903.3313215236952,714.088597281821,900.9153884056029,710.2224033898701,924.6354602819048,695.400046102307,927.0513933999971,699.2662399942578,container,0
913.7706709850431,714.8889284556735,911.3547378669507,711.0227345637227,925.3176459842362,702.297499076785,927.7335791023286,706.1636929687359,container,0
903.7138277923024,735.006849748439,900.8288367122038,730.3900270356411,925.3571011099372,715.0626409955403,928.2420921900357,719.6794637083382,container,0
904.7574104322978,727.4164633227037,901.8724193521992,722.7996406099059,926.4006837499326,707.472254569805,929.2856748300311,712.089077282603,container,0
909.0050511732935,738.6554373295469,906.11538673879,734.031135893882,926.0800608702413,721.5554766863822,928.9697253047448,726.1797781220471,container,0
904.7858834829412,747.0638270352564,902.1681249233417,742.8746538839247,925.9009333239856,728.0443377117771,928.5186918835851,732.2335108631088,container,0
903.5327613655016,753.6062021182897,900.9150028059021,749.417028966958,924.647811206546,734.5867127948104,927.2655697661455,738.7758859461421,container,0
903.5275708323535,761.6461099058531,900.9098122727539,757.4569367545214,924.6426206733978,742.6266205823738,927.2603792329974,746.8157937337055,container,0
911.0099698049534,764.1950644434726,908.3922112453538,760.0058912921409,926.8217320736643,748.4895289564633,929.4394906332639,752.6787021077951,container,0
906.0130529346399,775.3534469015312,903.3952943750403,771.1642737501996,928.5986882208136,755.4150083015375,931.2164467804132,759.604181452869,container,0
908.7533118869327,780.0725213230166,906.1355533273331,775.883348171685,931.3389471731065,760.1340827230229,933.956705732706,764.3232558743545,container,0
908.7481213537843,787.5370723694739,906.1303627941847,783.3478992181423,931.3337566399581,767.5986337694801,933.9515151995577,771.7878069208117,container,0
956.1463961010301,548.8895266873501,952.980121051104,543.6445957120078,978.4043511321084,528.2964232103077,981.5706261820345,533.54135418565,container,0
957.4950740577125,554.6754464702441,954.7813759981494,550.1802087584538,980.2056060791539,534.8320362567537,982.9193041387169,539.327273968544,container,0
957.7226609663669,561.6621532229133,955.456416695103,557.9081221963536,980.4929700492628,542.7939834986094,982.7592143205267,546.548014525169,container,0
957.0065138045096,568.5559930755159,954.9040907127916,565.0733316442911,975.9393541270923,552.3747031913255,978.0417772188104,555.8573646225502,container,0
957.4133198209489,574.5789355448112,955.3108967292309,571.0962741135866,979.9485050568311,556.2229716994514,982.0509281485491,559.705633130676,container,0
958.2955658693345,580.5472194003223,956.1931427776165,577.0645579690977,980.8307511052167,562.1912555549625,982.9331741969347,565.6739169861871,container,0
956.8742245742113,588.3014993624781,954.6981886662707,584.6968983859201,979.335796993871,569.8235959717849,981.5118329018117,573.4281969483429,container,0
957.7707142525517,595.9338397793005,955.5946783446111,592.3292388027423,981.9831686964524,576.3989588812232,984.1592046043929,580.0035598577813,container,0
959.6532519496667,600.7788452099293,957.5508288579487,597.2961837787046,982.1884371855489,582.4228813645694,984.2908602772669,585.9055427957941,container,0
958.1582978383207,608.4111856267516,956.0558747466026,604.928524195527,980.6934830742028,590.0552217813918,982.7959061659209,593.5378832126164,container,0
960.2291439665723,613.9040247504595,958.1267208748543,610.4213633192348,982.7643292024545,595.5480609050996,984.8667522941726,599.0307223363243,container,0
959.4473499031459,628.1925914125264,957.3449268114279,624.7099299813018,981.9825351390281,609.8366275671666,984.0849582307461,613.3192889983912,container,0
959.3787158876389,621.0861451434498,957.2762927959209,617.6034837122252,981.9139011235211,602.73018129809,984.0163242152391,606.2128427293146,container,0
958.1901158077729,635.5872094634472,956.0876927160549,632.1045480322225,980.7253010436551,617.2312456180873,982.8277241353732,620.713907049312,container,0
958.8346418401857,641.7932156848599,956.7322187484676,638.3105542536352,981.3698270760678,623.4372518395,983.4722501677859,626.9199132707247,container,0
959.9546079045447,648.4746666380757,957.8521848128266,644.9920052068511,982.4897931404269,630.1187027927159,984.5922162321449,633.6013642239405,container,0
960.8368539529305,654.2052281276852,958.7344308612124,650.7225666964606,983.3720391888127,635.8492642823254,985.4744622805307,639.33192571355,container,0
961.2436599693699,657.0831212264757,959.1412368776519,653.600459795251,983.7788452052521,638.7271573811158,985.8812682969701,642.2098188123405,container,0
962.5076885367425,760.7159404147137,942.7060986459213,652.6352490521462,984.2826828261218,645.0179544307068,1004.084272716943,753.0986457932744,container,0
994.3628098140097,749.8215248008013,966.3713181205818,597.0388547639061,1014.9291527520767,588.1425170810386,1042.9206444455046,740.9251871179338,container,0
984.0369070010981,575.6357594338049,978.082152625459,526.7139830135852,1009.6534611858403,522.8711260784703,1015.6082155614795,571.79290249869,container,0
