555.2280532243242,264.1921347293026,598.2032084281591,256.3141657851661,601.9773393195792,276.90244963960896,559.0021841157443,284.7804185837455,container,0
723.0550596848054,221.069506657228,720.8875331906162,207.81408278556822,745.0656562140114,203.86047686995343,747.2331827082006,217.11590074161322,container,0
681.2418087464864,207.36620965037207,680.6997391424131,202.8510007156728,705.0448011971209,199.92827480420493,705.5868708011942,204.4434837389042,container,0
639.4162539889819,330.01529276661086,632.6742430645057,295.92381629043865,657.5320624057842,291.00787521423763,664.2740733302604,325.09935169040983,container,0
700.3976427542128,290.1912580131511,698.6388504787882,277.4866928037851,722.8908135926018,274.1293039687059,724.6496058680265,286.83386917807195,container,0
985.1559180801684,86.3234442131745,1015.8540011066243,80.74238953434198,1019.6095043252573,101.39919299641303,988.9114212988013,106.98024767524555,container,0
605.6650014092048,340.60670226914874,604.2258703387226,331.7294907946432,630.5418696616063,327.46326683623965,631.9810007320884,336.3404783107452,container,0
554.1385240990536,347.96866691413993,551.5569841731726,335.5687126825063,575.8739594146472,330.5061744432619,578.4554993405281,342.9061286748955,container,0
500.23732446672483,353.69119166713136,496.1556021025431,329.11194109213557,521.8893720524255,324.83849491855705,525.9710944166073,349.41774549355284,container,0
175.60111886142363,881.4796007286092,169.1228955920649,839.7854216935639,211.23517932253498,833.242235505409,217.7134025918937,874.9364145404543,container,0
145.32366072663928,717.1441087239848,191.4964095596663,708.6510134775947,202.93148274395554,770.8178380224954,156.75873391092853,779.3109332688855,container,0
213.13711184304105,738.9637478854532,236.51539976013936,734.5598050796257,241.69880146965318,762.0758430705467,218.32051355255487,766.4797858763743,container,0
244.99690402476816,699.677690214842,257.73374613003125,699.677690214842,257.73374613003125,729.7829533727368,244.99690402476813,729.7829533727368,container,0
124.51607373948099,821.3784385769479,121.88018851033128,801.7665825562491,145.1578584389511,798.6380022592537,147.7937436681008,818.2498582799525,container,0
112.54090752502478,765.495348636802,108.61756273018264,738.5181346128586,130.0782879331121,735.397062717009,134.00163272795425,762.3742767409524,container,0
205.57919900260418,701.9243855235057,218.68202861144627,699.8683666562838,222.94092483640583,727.0099422745994,209.83809522756374,729.0659611418214,container,0
562.5339800552068,246.16824205104143,561.4567391259848,239.64497463543466,571.9091771172983,237.91887737511695,572.9864180465204,244.44214479072372,container,0
816.7685911251988,319.51034221981126,895.5063661616953,305.32538138224135,899.348271279951,326.65099971680706,820.6104962434545,340.835960554377,container,0
537.5778471300385,251.19792562198106,532.5072940627589,222.40396341935897,543.9584500536135,220.38744017310572,549.0290031208932,249.1814023757278,container,0
615.1733204695236,197.3074115960048,614.5626430274774,193.44085890584702,638.2918339306536,189.69310664077088,638.9025113726998,193.55965933092867,container,0
477.46496565082214,383.4049708938259,483.1751984726152,381.94169936789854,488.9498950302931,404.476725325332,483.2396622085,405.93999685125937,container,0
494.42812755842493,378.4291589548883,500.6690284041242,376.9188366278148,506.3884457410746,400.5524119615285,500.1475448953753,402.062734288602,container,0
515.1660310789971,380.0670418018092,520.901747908702,378.7070877999719,524.933040128434,395.70939125945415,519.1973232987291,397.06934526129146,container,0
789.998584095347,326.78619553462903,794.2284156709491,326.41532588984,795.6983011603088,343.1796206839037,791.4684695847068,343.5504903286927,container,0
795.0500869732987,326.90302934506633,800.1542871610638,326.1775754267478,802.5653517875432,343.1415151180713,797.4611515997781,343.86696903638983,container,0
745.9718763137292,336.18285574184887,751.7075931434341,334.82290174001156,755.9029681606329,352.5172377694367,750.167251330928,353.877191771274,container,0
734.3090007472337,338.0479579638964,740.0447175769385,336.6880039620591,744.4698822336969,355.35149652261197,738.734165403992,356.7114505244493,container,0
648.9777460148174,352.4050725271029,654.7134628445222,351.0451185252656,659.3657444787153,370.66649544663073,653.6300276490106,372.02644944846804,container,0
489.73717144788327,218.26749076734617,504.5081232580246,213.54082036551333,511.27730816546034,234.69467615856726,496.506356355319,239.4213465604001,container,0
695.2262136443543,344.7640197015681,701.0259475343838,343.7099754698041,704.1504357928274,360.90204378667755,698.3507019027978,361.95608801844156,container,0
724.5441018350314,345.74329677752684,730.3432861839003,344.6862332385161,732.5801261697914,356.9578204784303,726.7809418209224,358.01488401744103,container,0
223.88304693026927,793.1405042241191,223.28659204241936,789.0907048678466,234.13876383613066,787.4923958306048,234.73521872398058,791.5421951868773,container,0
236.27708781348224,869.2541110870768,230.42606569261247,828.8464201041586,252.16181801861808,825.6990893713294,258.0128401394879,866.1067803542476,container,0
398.31053352678254,526.4128998323279,404.21522526365936,522.2255801430642,417.00588829243617,540.2621591243255,411.10119655555934,544.4494788135892,container,0
412.38853331525127,575.1925100521571,417.26790793499066,569.8454796606333,433.60104440841735,584.7501062914287,428.72166978867796,590.0971366829525,container,0
418.08072517237946,594.3544010808023,422.96009979211885,589.0073706892784,439.29323626554554,603.9119973200739,434.41386164580615,609.2590277115977,container,0
107.62375840322824,727.1789695393919,106.81513297740037,722.2779300620264,128.5751799316718,718.6877269396695,129.38380535749968,723.588766417035,container,0
108.88546667587106,736.5241906577966,108.07684125004317,731.623151180431,129.83688820431465,728.0329480580741,130.64551363014252,732.9339875354397,container,0
128.1484462557592,784.158833928702,125.15333930516752,771.4983151749118,135.78460215478373,768.9832705804777,138.77970910537542,781.6437893342679,container,0
126.14835919041111,833.0466742788254,124.9647920965466,824.2405444902398,148.24246202516642,821.1119641932443,149.42602911903094,829.9180939818299,container,0
119.17588820744331,835.9175268068277,117.6413756325538,824.500246817595,122.42109052041624,823.8578405170813,123.95560309530575,835.275120506314,container,0
131.4360529895177,866.8498021029562,128.29151519590255,843.4534031330661,151.5691851245224,840.3248228360707,154.71372291813753,863.7212218059608,container,0
132.6425112500132,880.9210555169807,131.5580093200243,872.8520032419035,156.61099175714835,869.4848162565174,157.69549368713726,877.5538685315946,container,0
135.82091148704197,890.4595980207904,134.97518188739537,882.3620372461893,156.04956199375115,880.1609760196958,156.89529159339776,888.2585367942969,container,0
115.91849230343722,838.3305489560164,110.89682088941987,838.9895507793623,109.19815486085541,826.0455158231391,114.21982627487276,825.3865139997932,container,0
168.20547317097606,835.6766525268275,166.67620167085389,826.1947135255109,186.78803205116378,822.9510258144184,188.31730355128596,832.432964815735,container,0
166.30160893759904,821.9899387152009,164.09814058675153,808.327778338578,184.20997096706145,805.0840906274855,186.41343931790897,818.7462510041083,container,0
163.92581514443822,803.90184677478,163.00999998330735,798.2235198762338,183.12183036361728,794.9798321651414,184.03764552474814,800.6581590636875,container,0
190.5519106294005,832.2679337636304,190.19896625955093,829.7640922535116,211.66290335435528,826.7385110728329,212.01584772420486,829.2423525829516,container,0
189.6652876035998,825.5921922598736,189.12488522600697,821.7584948821242,210.58882232081132,818.7329137014456,211.12922469840416,822.566611079195,container,0
199.87050160317864,816.3999790720552,196.87558446917953,797.8306003997211,206.03383299518998,796.353534531662,209.0287501291891,814.9229132039961,container,0
190.15097924395917,816.5572298576781,186.90947820866037,794.9315414403645,194.49901201165102,793.7939368839179,197.74051304694981,815.4196253012315,container,0
226.98284530843318,840.3606782489339,229.77886327777782,839.9614342526611,234.03546424095595,869.7716077117084,231.2394462716113,870.1708517079812,container,0
236.01370353386417,793.5739579556381,235.41724864601426,789.5241585993656,258.61206243827,786.1080239116724,259.20851732612,790.1578232679449,container,0
974.6520267532211,744.1146922506956,1001.6591609327343,739.5027698172073,1007.9010973938317,776.0551659114657,980.8939632143185,780.667088344954,container,0
1007.1919492306337,756.4250852719232,1013.156279352973,755.4398636966598,1016.2819002564671,774.361734039115,1010.3175701341278,775.3469556143784,container,0
860.291336225762,766.8945871941089,886.0775355957257,762.4911599160326,892.3194720568233,799.043556010291,866.5332726868596,803.4469832883673,container,0
966.9576619863942,985.4859609145952,960.8305086268048,953.9820360802215,997.2300023980522,946.9027505080152,1003.3571557576416,978.4066753423889,container,0
976.931844836247,1018.9405312530426,971.3415161928365,990.1967928405195,1004.2537734197882,983.7957349247209,1009.8441020631988,1012.5394733372441,container,0
846.0727907302752,972.865837090537,852.0371208526145,971.8806155152736,860.1928166865349,1021.2535317731055,854.2284865641956,1022.2387533483688,container,0
995.0701840096283,799.3153298321508,1001.0345141319676,798.3301082568873,1005.284659337043,824.059618965349,999.3203292147036,825.0448405406125,container,0
445.2238076133347,225.43469308431284,450.8350256473189,224.6221836912057,453.9619333833169,246.21671690852557,448.3507153493327,247.02922630163272,container,0
459.16008220549713,224.63551598421077,464.719183798921,223.52091793433377,469.0086668427547,244.91488325355493,463.4495652493308,246.02948130343194,container,0
482.60306988920615,219.60657342538155,487.249689780442,218.6749276581198,491.57155626628014,240.2304066674709,486.9249363750443,241.16205243473266,container,0
511.69539177740955,224.57961990199772,515.8633374947681,223.7439481499188,517.9652076376059,234.22710812091367,513.7972619202474,235.0627798729926,container,0
528.5940279819878,259.8920779263013,527.793741178575,255.7171935192364,549.211346240102,251.61163633005032,550.0116330435147,255.7865207371152,container,0
561.0049236171756,235.34605018305447,559.6313774851332,227.02849699329994,570.0838154764467,225.30239973298225,571.4573616084891,233.6199529227368,container,0
570.0534705882901,211.78887029236452,568.6799244562477,203.47131710261,579.1323624475613,201.7452198422923,580.5059085796037,210.06277303204683,container,0
572.1998174131958,226.65302930258073,570.5175540362688,216.46602881504762,580.9699920275824,214.7399315547299,582.6522554045093,224.92693204226302,container,0
575.2566560908341,244.11513654850822,573.0419648993574,230.70400214663925,583.4944028906708,228.97790488632157,585.7090940821475,242.38903928819053,container,0
557.7123068457072,224.54249377651382,557.1628717262944,221.6762362011687,568.2875595108378,219.54373624236956,568.8369946302506,222.40999381771468,container,0
556.0149325875167,210.25877311792803,555.4654974681039,207.3925155425829,566.5901852526473,205.26001558378377,567.1396203720601,208.12627315912889,container,0
557.1771531483861,218.02783211463392,556.3443715779133,212.9848962814164,566.7968095692269,211.25879902109872,567.6295911396996,216.30173485431624,container,0
564.5885978517798,254.27293403803722,563.9759965803186,250.03092695071493,585.8190036456489,246.8765112165335,586.4316049171101,251.11851830385578,container,0
685.4464378114861,220.64692017466967,684.9043682074127,216.1317112399704,706.2455213067373,213.56961708700288,706.7875909108106,218.08482602170216,container,0
602.6140314291151,255.0959153557432,611.4402074649181,253.47794933850042,615.2143383563382,274.0662331929433,606.3881623205352,275.684199210186,container,0
614.7007109005644,253.21061337327689,621.183181095825,252.02228261246103,624.9573119872452,272.6105664669039,618.4748417919847,273.79889722771975,container,0
635.0032934178722,246.84956956185715,656.0967872277574,242.98282636175853,660.3424400905327,266.1433125242703,639.2489462806475,270.0100557243689,container,0
628.5377890721836,249.99217868627326,632.3946852506419,249.32321791568626,636.078239513698,270.56076574357746,632.2213433352397,271.2297265141645,container,0
719.046237482996,202.9931031996355,717.7549385357287,195.09621477084627,741.2508891331415,191.25415766885212,742.5421880804089,199.15104609764134,container,0
744.27165260171,197.90690466116612,742.4069550603983,186.5034194586591,764.1811228084591,182.94290823398617,766.0458203497708,194.3463934364932,container,0
749.2902165387306,217.36810464589692,747.043581305325,203.6288943600566,768.8177490533858,200.06838313538364,771.0643842867914,213.80759342122397,container,0
717.183734813343,189.30541935766848,716.3977419264075,184.82622675616818,741.8335290355043,180.36284473176937,742.6195219224397,184.84203733326967,container,0
781.4817332684717,201.1078494280388,779.61703572716,189.70436422553178,801.3912034752208,186.14385300085885,803.2559010165324,197.54733820336588,container,0
783.4211899453433,208.073798293537,782.6351970584078,203.59460569203668,803.9540684836668,199.8536454814545,804.7400613706022,204.33283808295482,container,0
809.7357947618707,203.77329868934473,808.9498018749351,199.2941060878444,830.1749598584645,195.5695903808062,830.9609527454,200.04878298230653,container,0
779.5337592824479,184.87079797832416,778.2860062001477,177.24021259106397,800.0601739482084,173.67970136639104,801.3079270305087,181.31028675365124,container,0
777.1623403400358,172.44310588666391,776.3763474531004,167.96391328516358,797.6952188783594,164.2229530745814,798.4812117652948,168.70214567608173,container,0
804.4292481770638,178.75626553693672,802.1838651843732,165.02471328042705,823.958032932434,161.46420205575413,826.2034159251245,175.1957543122638,container,0
807.9429946233856,194.59186809512286,806.5078730033791,185.81543771165724,828.2820407514398,182.25492648698432,829.7171623714463,191.03135687044994,container,0
845.2505355601379,201.94980779201762,844.4645426732023,197.4706151905173,866.6293704331486,193.58120955218112,867.4153633200841,198.06040215368145,container,0
842.1406093321862,183.16663679414322,841.3546164452506,178.6874441926429,864.1003056853028,174.69611103471195,864.8862985722384,179.17530363621228,container,0
843.2844854848845,146.9137981506836,842.4984925979489,142.43460554918326,852.3711049557178,140.70219442533943,853.1570978426533,145.18138702683976,container,0
835.0262005732368,151.84724251129225,844.2715673887747,150.0792386968364,848.3573259386096,171.4447675515182,839.1119591230718,173.21277136597405,container,0
857.848894850605,146.06563651414527,867.0942616661429,144.29763269968942,871.1800202159778,165.66316155437121,861.93465340044,167.43116536882707,container,0
875.4498903275264,140.78133516465985,884.6952571430643,139.013331350204,888.7810156928992,160.3788602048858,879.5356488773614,162.14686401934165,container,0
849.088633226058,148.0214778101496,853.5557670333485,147.1696170660069,857.6556103393037,168.66908016787525,853.1884765320133,169.52094091201795,container,0
869.1869299468153,144.24251029559653,873.6540637541058,143.39064955145383,877.753907060061,164.89011265332218,873.2867732527706,165.74197339746488,container,0
890.0311836390653,154.1394205917374,894.4983174463557,153.2875598475947,896.7747805966764,165.22526864538975,892.3076467893859,166.07712938953244,container,0
887.659406229885,148.25155402180206,886.6904223225464,143.80835457017184,898.5641703391202,141.2188982846493,899.5331542464588,145.66209773627952,container,0
895.2103409299746,201.60403540793027,899.677474737265,200.75217466378757,903.9826662595876,223.32847804255476,899.5155324522972,224.18033878669746,container,0
918.211255679854,274.2058871357516,917.7229665748773,269.68454608141724,943.8145556253883,266.86674523167085,944.302844730365,271.3880862860052,container,0
925.8358574395345,287.36314349037804,924.5872748315549,282.99027342019536,946.1959521204715,276.82036253527,947.4445347284511,281.1932326054527,container,0
678.6784123259654,238.9583253162192,682.5353085044236,238.28936454563217,686.692336680421,262.25672823973713,682.8354405019628,262.92568901032416,container,0
686.1839963600057,240.26582341132885,690.0713994481811,239.80619978918207,692.6315394862484,261.4593433845007,688.744136398073,261.9189670066475,container,0
692.6438257594872,239.34044447405543,696.5103600448149,238.72965051176072,699.9125308701019,260.26655321966115,696.0459965847742,260.8773471819559,container,0
698.2351507919848,233.70097977534104,705.7354348955371,232.3260689702554,710.4651646249301,258.12724572459445,702.9648805213778,259.5021565296801,container,0
709.8730782219768,234.24156703468816,719.2782599243736,232.51746088512314,723.0617333124949,253.15670904884018,713.6565516100981,254.8808151984052,container,0
728.438175230108,231.80239756931337,733.2991936561618,231.03450557970817,736.7013644814489,252.57140828760862,731.840346055395,253.33930027721382,container,0
738.8750232324693,229.9029097387024,743.0624393670662,229.2414262747298,746.4646101923532,250.77832898263026,742.2771940577563,251.43981244660284,container,0
745.9287695993913,227.74842912956657,750.1161857339882,227.086945665594,753.5183565592753,248.62384837349444,749.3309404246784,249.28533183746703,container,0
759.8614293577988,225.29431079321031,769.050932900656,223.82799352420903,772.5788243040657,245.9375132276289,763.3893207612085,247.40383049663018,container,0
773.1193009950819,223.2963945733033,777.3067171296788,222.63491110933074,780.7088879549658,244.17181381723117,776.5214718203689,244.83329728120373,container,0
781.5969015557042,220.26559527033635,785.7843176903011,219.6041118063638,789.1864885155882,241.1410145142642,784.9990723809913,241.80249797823677,container,0
790.4010725573133,219.47956570366952,799.5905761001706,218.01324843466824,803.1184675035803,240.1227681380881,793.9289639607231,241.58908540708939,container,0
803.8858927172721,217.45478128958564,811.5032229752813,216.2393268475786,814.6558221602165,235.99686635940827,807.0384919022073,237.2123208014153,container,0
821.5785502310616,214.62919800299278,825.7659663656585,213.96771453902022,829.1681371909456,235.50461724692065,824.9807210563487,236.1661007108932,container,0
838.7316679193085,210.6452094309065,877.0566253845549,202.8324567891703,881.0530649296799,222.43673489739263,842.7281074644335,230.24948753912884,container,0
881.0163385494,202.22356555648636,890.4422422210039,200.302043428827,894.9302490060554,222.31767313428972,885.5043453344515,224.23919526194908,container,0
564.8090354875897,326.02833976685656,564.1562181202247,322.16867836605246,575.2538936741523,320.2916340902318,575.9067110415173,324.1512954910359,container,0
604.1617762072786,325.960981256289,602.7226451367964,317.0837697817835,625.9931119367149,313.311272991258,627.4322430071971,322.18848446576357,container,0
668.0510863477139,319.5531026564242,663.6158924031153,289.960628519359,688.6752558395788,286.2048378931981,693.1104497841774,315.7973120302633,container,0
641.7103146613571,340.8924768592159,641.0574972939921,337.0328154584118,666.3739564173028,332.75082735644037,667.0267737846677,336.61048875724447,container,0
670.7538486738686,330.1500217990655,669.6089050554937,323.08749161319827,689.0012081661853,319.9437041733074,690.1461517845602,327.00623435917464,container,0
704.6314780533345,316.95472693173883,703.4865344349596,309.89219674587156,729.4151438200257,305.68877459156,730.5600874384006,312.75130477742726,container,0
714.4591658751754,323.22609226426437,713.6444694068708,318.9893473180743,737.2483265159667,314.4504904198229,738.0630229842712,318.687235366013,container,0
728.8982915931643,294.70394730730584,727.0773713819937,282.5544145184741,747.7365785630133,279.4581005649645,749.557498774184,291.60763335379625,container,0
733.1640794156671,312.25538094053144,731.3431592044964,300.1058481516997,752.002366385516,297.0095341981901,753.8232865966867,309.15906698702184,container,0
755.7415954635624,308.8913984575672,749.6021884849793,272.8771387301414,770.1950609838796,269.3666396643355,776.3344679624627,305.3808993917613,container,0
779.5517378888287,309.41709376375474,772.0313877828154,265.3021095472101,793.2394940069526,261.6867306295131,800.7598441129659,305.80171484605773,container,0
801.5096869620618,299.80490253315673,795.0062308354812,261.65510095042384,816.2143370596184,258.03972203272684,822.717793186199,296.18952361545973,container,0
853.8105298514585,262.3323353811323,851.6142071463412,249.4485280975841,861.0239599264431,247.84443287746478,863.2202826315604,260.728240161013,container,0
856.093953384936,274.79599601741893,854.8539791682423,267.5222066023989,864.2637319483442,265.91811138227956,865.5037061650379,273.1919007972996,container,0
833.6805974982901,294.18605425353434,832.1220784769343,285.04365515521033,842.1418237037287,283.3355735721212,843.7003427250845,292.4779726704452,container,0
845.1003955206302,287.47126415127775,843.5418764992744,278.32886505295374,853.5616217260688,276.6207834698646,855.1201407474246,285.7631825681886,container,0
858.6908131320959,286.4041703359654,857.7228242816318,280.7258691587541,867.7425695084262,279.01778757566495,868.7105583588902,284.6960887528762,container,0
847.2198727185727,295.89290069626753,846.6350862300501,292.5603370606596,856.4645810637206,290.8354920475546,857.0493675522432,294.16805568316255,container,0
859.4311649631687,293.30137423922434,858.8463784746461,289.9688106036164,868.6758733083167,288.24396559051144,869.2606597968393,291.57652922611936,container,0
886.1620859837215,293.8583005804978,885.2594530321911,289.0244403169241,908.4451619032859,284.6949430434205,909.3477948548162,289.52880330699423,container,0
883.7169582507817,287.46478711533786,882.4378146270884,280.61460341276944,909.0002499710864,275.654565656804,910.2793935947797,282.5047493593724,container,0
882.0651103500284,275.67677100834794,881.3439658664076,271.8148339299823,906.9359590573856,267.03600808687884,907.6571035410063,270.8979451652445,container,0
894.3834623900093,264.1537170180543,893.0548471203665,256.35995199064047,902.8326306413503,254.69311799660204,904.1612459109931,262.48688302401587,container,0
892.1368176122335,251.3398522139419,890.8082023425907,243.54608718652807,900.5859858635745,241.87925319248964,901.9146011332173,249.67301821990347,container,0
879.841518771182,260.2917200858378,878.8975334047547,254.75422529456577,888.6753169257385,253.08739130052732,889.6193022921658,258.6248860917994,container,0
881.2442480673051,267.07045151906044,880.6594615787825,263.7378878834525,890.488956412453,262.01304287034753,891.0737429009756,265.34560650595546,container,0
877.7900054674622,250.17777445948346,876.8560852152784,244.85557784230764,886.6855800489489,243.13073282920263,887.6195003011326,248.45292944637845,container,0
441.48992915829496,400.55532122887416,447.09611841343826,399.8288511374311,448.40651801883183,409.9412401734463,442.8003287636885,410.66771026488937,container,0
470.82526360420286,345.85277868296635,469.5132665924838,337.9522160215582,493.32565773120734,333.99784120614186,494.63765474292643,341.89840386755003,container,0
455.3993097205156,397.20786351047474,461.0054989756589,396.4813934190317,462.31589858105247,406.5937824550469,456.70970932590916,407.32025254648994,container,0
462.7579628980042,396.0439815869859,468.36415215314753,395.3175114955429,469.6745517585411,405.4299005315581,464.0683625033978,406.1563706230011,container,0
498.39993483263953,173.67856216233758,503.08131091247793,172.73994779063742,507.06364402942046,192.60199077409897,502.38226794958206,193.54060514579913,container,0
505.5910020654169,172.47181571720404,510.2723781452553,171.53320134550387,513.6819160459573,188.53840566891262,509.00053996611894,189.47702004061279,container,0
516.5118541556562,170.97369972168272,521.1932302354946,170.03508534998258,524.3182010630867,185.6210002086943,519.6368249832483,186.55961458039445,container,0
522.9569644169412,168.8335254601099,527.6383404967796,167.89491108840977,530.7633113243717,183.4808259471215,526.0819352445333,184.41944031882164,container,0
540.3427769267814,166.1960465508755,545.0241530066198,165.25743217917537,548.1491238342119,180.8433470378871,543.4677477543735,181.78196140958724,container,0
557.9772417604523,164.0558722893027,562.6586178402907,163.11725791760256,566.2075883629901,180.81788792492134,561.5262122831517,181.75650229662148,container,0
564.1736996979064,161.88272592786961,568.8550757777448,160.94411155616947,572.4040463004442,178.64474156348825,567.7226702206058,179.5833559351884,container,0
569.8728529876989,160.95284118559056,574.5542290675373,160.0142268138904,577.629964260632,175.3545770098816,572.9485881807936,176.29319138158178,container,0
529.1064486906366,377.62245363602705,534.1273689774639,376.43197983132075,537.7376381089682,391.6585841056986,532.7167178221409,392.8490579104049,container,0
534.0982028102042,373.9656302968564,539.1191230970313,372.7751564921501,543.508705264393,391.28857700394246,538.4877849775659,392.47905080864876,container,0
541.0205922407272,374.8102359124743,546.0893103829183,373.8433001331235,549.2154069340943,390.2304301179353,544.1466887919032,391.19736589728615,container,0
549.3384214339262,379.447736548904,554.4071395761173,378.4808007695532,556.4450319681389,389.1635186499566,551.3763138259478,390.1304544293074,container,0
567.5869753247266,369.1613272879948,572.7292005706378,368.7319231349177,574.1998258535286,386.3430393823148,569.0576006076175,386.772443535392,container,0
572.8631617268215,366.16839440000774,578.0053869727326,365.7389902469306,579.6452644131973,385.37694464054493,574.5030391672863,385.8063487936221,container,0
579.0030963777581,365.14869779917007,584.1037516949465,364.36755521192805,587.0869042737579,383.8467556954426,581.9862489565695,384.6278982826846,container,0
591.4195439470761,362.14278262202475,606.9085594938296,359.7707090499779,609.891712072641,379.24990953349237,594.4026965258876,381.62198310553924,container,0
610.287840598281,360.7118024945726,615.3884959154694,359.93065990733055,617.8949336374385,376.2970379573372,612.7942783202501,377.07818054457925,container,0
617.6439840438387,362.1163437477551,622.6870710444294,361.02357574363066,625.7415795512715,375.1200281341745,620.6984925506807,376.2127961382989,container,0
620.7564549407145,358.14941413629623,625.7995419413053,357.0566461321718,629.7397090416432,375.2403826699113,624.6966220410525,376.3331506740357,container,0
627.1115400511152,358.7478526216692,632.1546270517059,357.6550846175448,635.665010095304,373.85538241858495,630.6219230947132,374.9481504227094,container,0
634.9841850594731,357.5926485926803,640.0272720600639,356.49988058855587,643.5376551036619,372.70017838959603,638.4945681030712,373.79294639372046,container,0
757.9456308468893,331.43777218461713,763.7399737861961,330.354484439196,767.636418554788,351.195980457885,761.8420756154812,352.2792682033061,container,0
766.6709648165157,329.6479351981998,771.8569680370309,328.6783802727589,775.6609413363657,349.02526033438346,770.4749381158505,349.99481525982435,container,0
776.390994869047,327.6961821929244,781.5769980895622,326.72662726748354,785.3809713888969,347.0735073291081,780.1949681683817,348.043062254549,container,0
802.9517481656677,326.5033075419848,807.9152602750783,325.10950322138575,812.5476045339934,341.60586249095843,807.5840924245829,342.99966681155746,container,0
810.068773936195,327.7111525479803,815.0322860456056,326.31734822738133,818.9999411555444,340.44666601833376,814.0364290461339,341.84047033893273,container,0
975.2904739691838,7.98765652218967,974.8506122655316,4.168636829777485,987.2298108903898,2.7428428209646496,987.669672594042,6.561862513376834,container,0
973.830453835629,14.029322038152312,973.3905921319767,10.210302345740129,988.3380960662846,8.488699663523963,988.7779577699368,12.307719355936147,container,0
989.9575438877619,9.761125982456157,988.5063953662341,0.8867949536819739,999.3870243625997,-0.892427460962387,1000.8381728841275,7.981903567811797,container,0
994.7476437432665,107.7365316983357,1020.0807981744641,103.13084606167968,1023.8363013930971,123.78764952375072,998.5031469618995,128.39333516040674,container,0
924.491930552982,236.93237679275057,931.6686145260522,235.82972053909796,933.6538583865956,248.7507625677464,926.4771744135254,249.853418821399,container,0
921.0016004111502,224.21360452632723,920.3018112709937,216.98650698842437,933.313618866645,215.72659294942207,934.0134080068016,222.95369048732493,container,0
