307.7426015987244,378.89889913256184,367.5364370983364,372.7776466554437,369.6470938137469,393.39503842439467,309.85325831413485,399.51629090151283,container,0
303.6816602696897,342.60708033514885,364.33088235994313,336.39825967908536,366.78326354337753,360.35369651374714,306.1340414531241,366.56251716981063,container,0
383.5986182747455,368.9463931699484,454.4934857255343,361.68869880443276,456.7491615008141,383.72267089620976,385.8542940500253,390.9803652617254,container,0
376.35628320846877,266.3592237881923,436.1501187080808,260.23797131107415,438.2607754234913,280.85536308002514,378.46693992387924,286.9766155571433,container,0
378.70157125230406,297.7545087085743,438.4954067519161,291.63325623145613,441.1383274361662,317.44992777429917,381.34449193655416,323.57118025141733,container,0
375.94671214478933,335.3204611061256,442.3545357082283,328.5221172452378,444.5852365490805,350.3121282969557,378.1774129856415,357.1104721578435,container,0
350.73451134372255,311.2875360342986,367.4498116228777,309.57634670542177,368.9113566861368,323.8530630170695,352.19605640698165,325.56425234594633,container,0
300.84648758337465,86.12959065701213,349.7333064977136,81.12491820411746,351.31769454949716,96.60159375214138,302.4308756351582,101.60626620503605,container,0
364.7405972646263,80.7977721442904,427.21262448721984,74.40234612433932,428.98370660870233,91.70269330395541,366.51167938610877,98.0981193239065,container,0
382.08381284103837,147.1803988564928,424.07186539541374,142.88197129184016,425.6562534471973,158.3586468398641,383.6682008928219,162.65707440451672,container,0
452.3753103463541,277.5381428244416,474.4919965379233,275.08380286448494,487.4388950892171,391.7516227610008,465.32220889764795,394.2059627209575,container,0
741.6286083871121,159.02666207351913,774.1788323049267,155.69440989195493,775.7632203567102,171.17108543997884,743.2129964388956,174.50333762154304,container,0
305.33359640143937,418.42068709705217,304.6240320303418,411.25693061302326,463.4418620318666,395.5261511099316,464.15142640296415,402.6899075939605,container,0
903.1261294493701,105.89710594234933,910.2884681734442,105.17337079685382,915.7112607919884,158.83924263706908,908.5489220679142,159.5629777825646,container,0
891.4193089375493,3.0903037490941756,900.7046485351229,2.152045051270022,909.1791426295348,86.01863298349738,899.8938030319612,86.95689168132154,container,0
