899.4986420090286,712.7586823686933,912.9616214119712,712.1648229035967,913.6791680096915,728.4318282028852,900.2161886067488,729.0256876679817,container,0
931.3702346972362,710.1270993457263,932.1545551335906,715.7721924404473,917.1614534397878,717.8553106221095,916.3771330034334,712.2102175273885,container,0
935.4405491902584,716.0390552645026,936.2538342508767,721.892619276013,923.3377069184609,723.6871658769969,922.5244218578425,717.8336018654866,container,0
927.8006291968416,724.7594898206131,927.9285320382671,728.7531644164875,914.9838586717512,729.1677351245302,914.8559558303257,725.1740605286558,container,0
924.8982425396998,730.9908665964896,925.024207116153,734.9240202571403,910.3912258589057,735.3926613134905,910.2652612824526,731.4595076528398,container,0
918.2754057660522,737.6865440589343,917.7013310243724,741.9260170639351,904.0161711718013,740.0728847057514,904.5902459134811,735.8334117007506,container,0
914.3129729843921,742.7661760088283,913.5936234324815,748.0784860358469,900.7761715831635,746.3428515947944,901.4955211350741,741.0305415677758,container,0
930.828173677961,745.3415494113275,931.1166164309602,749.2907085240615,918.1623329541477,750.2368768304069,917.8738902011485,746.2877177176729,container,0
928.6880089616933,751.2222697855854,929.0287364309488,755.8872751503516,914.5009541034491,756.9483702872898,914.1602266341936,752.2833649225236,container,0
927.4497088036264,756.5767692605215,927.8111330559829,761.5251406961548,914.402303880114,762.5045085796904,914.0408796277576,757.5561371440571,container,0
927.8224040419116,765.4141748167046,926.9837511319005,769.9600397805656,914.4228687284408,767.6427204884806,915.2615216384519,763.0968555246196,container,0
932.426356544333,769.7883646177255,932.8190363137095,773.4877281541749,919.7860347513379,774.8711542482505,919.3933549819614,771.1717907118011,container,0
933.535764546194,774.774519486342,933.9880457906806,779.0353775049014,919.6305606414882,780.5593947856206,919.1782793970015,776.2985367670613,container,0
937.4097994489302,778.2531331979602,939.4734989024595,783.0046765970335,926.6494821061101,788.5744281981318,924.5857826525809,783.8228847990586,container,0
942.5154567214412,785.0379157479576,943.5787342324817,788.6705120126574,934.0998819233981,791.4450153585601,933.0366044123576,787.8124190938604,container,0
937.2747056144697,748.7097010969211,931.0210624839641,748.1610968235159,932.2421942849567,734.2411861175368,938.4958374154622,734.789790390942,container,0
