362.019888832798,537.7268202478456,493.7151599572121,662.8553592092946,478.5476100530314,678.8189004885512,346.8523389286173,553.6903615271021,container,0
507.81627124818266,675.666170715775,510.90551305536513,678.4850798267692,494.89061153876906,696.0358064926359,491.8013697315866,693.2168973816417,container,0
520.3226916939317,689.1555671898556,544.8026951426706,712.0936753943079,529.4231317863458,728.5070500565588,504.943128337607,705.5689418521065,container,0
381.76025857415357,517.7861061947698,490.2960323419918,620.2879131078035,474.36196462871305,637.1599704950175,365.8261908608748,534.6581635819838,container,0
495.84386981443913,630.8610127157151,515.678946541854,649.1119745238894,502.21277606677904,663.7469580061259,482.3776993393642,645.4959961979515,container,0
532.8434928435853,662.2869997400431,539.9062427481249,668.7703886839677,524.1945679955769,685.8860715958652,517.1318180910373,679.4026826519407,container,0
307.790243869312,596.9188652877333,485.60940861448194,772.8485654406107,471.20348773015667,787.4092042458251,293.38432298498674,611.4795040929476,container,0
287.462177955956,616.358341201888,422.32670530461746,748.1867518303048,414.09807068860687,756.6048986692373,279.2335433399454,624.7764880408205,container,0
437.1613800773056,764.6129220715516,438.7063447475317,766.0345818874023,431.7175547865346,773.6295307331013,430.17259011630847,772.2078709172506,container,0
453.64805806068887,781.3896177825031,455.49803327643957,783.0394026384562,449.8572511370445,789.3646559693227,448.0072759212938,787.7148711133697,container,0
460.3600520082824,787.4147333778454,461.54432655494946,788.542874188339,455.4239951624887,794.9677394337394,454.2397206158217,793.8395986232458,container,0
181.53462254739782,736.3942063594769,337.3118537475692,888.6645268428108,321.50489831602937,904.835529458513,165.72766711585794,752.5652089751791,container,0
252.52817655216595,656.1430068965851,305.6135713053053,708.0333249473525,289.80661587376545,724.2043275630547,236.72122112062607,672.3140095122873,container,0
315.9131009999811,717.8274146615411,344.9274844720745,746.1886163332084,329.1205290405346,762.3596189489106,300.1061455684412,733.9984172772432,container,0
352.91039340060814,755.2377181135276,379.6054575346884,781.3318137634642,364.3200782791304,796.9692278748765,337.62501414505016,770.87513222494,container,0
401.6433934903694,798.9628938816753,410.19985782334925,807.3267321406366,394.91447856779126,822.9641462520489,386.35801423481144,814.6003079930875,container,0
418.6456236975898,815.5726844774699,428.03821280701,824.753824383737,412.752833551452,840.3912384951493,403.36024444203184,831.2100985888823,container,0
233.4130993053754,676.288952269852,263.0239201970161,705.2331641563177,247.21696476547618,721.4041667720198,217.60614387383552,692.4599548855541,container,0
192.53436442029263,720.9358732606735,194.07932909051874,722.3575330765241,187.88904138404214,729.0847231528074,186.34407671381604,727.6630633369568,container,0
198.05914805225868,726.0351469513871,199.60411272248479,727.4568067672377,193.86822542046124,733.6901849180597,192.32326075023514,732.2685251022091,container,0
222.4325432317223,747.9618767800168,223.97750790194843,749.3835365958674,218.93026133130954,754.8685461224898,217.3852966610834,753.4468863066392,container,0
258.95483330562524,776.7320074282885,260.4997979758513,778.1536672441392,247.28878366491764,792.5105127712328,245.74381899469154,791.0888529553821,container,0
273.58339141246375,720.0783801652133,277.86557375424263,724.018798141607,264.654559443309,738.3756436687006,260.3723771015301,734.4352256923069,container,0
294.69894680882066,737.1466532824659,347.6744259495924,788.9295301790132,332.3890466940344,804.5669442904255,279.4135675532627,752.7840673938781,container,0
356.9508786469383,798.3552661407576,404.67568259134964,845.0056728505914,389.39030333579166,860.6430869620036,341.6654993913803,813.9926802521699,container,0
658.5025306793467,35.951369654567635,711.0641964084698,0.7617792881181416,723.404259980617,19.19377266459494,670.8425942514939,54.38336303104443,container,0
694.1930249577322,90.75805840719505,821.1737057523444,2.511527396597536,833.8322350264407,20.726279259084315,706.8515542318285,108.97281026968184,container,0
722.687309835387,103.94332166484833,865.8434513475702,2.965408104411871,878.6288951241514,21.09130053019326,735.4727536119683,122.06921409062971,container,0
760.342920898546,189.5861232935706,1008.90552774521,14.257749928721722,1021.6909715217912,32.38364235450311,773.1283646751273,207.712015719352,container,0
896.6286710096178,172.90015566008336,1007.4469717283033,94.73235459558245,1020.2324155048846,112.85824702136384,909.4141147861991,191.02604808586474,container,0
974.5863469540643,154.159393463098,1011.496028903661,128.12444564961288,1024.2814726802421,146.25033807539427,987.3717907306454,172.2852858888794,container,0
832.0951413324649,107.48255762579224,949.9078775673919,24.38109812720326,962.6933213439731,42.50699055298465,844.8805851090461,125.60845005157363,container,0
746.9470969179166,167.70070115650097,764.9394552105502,155.00944822644524,777.7248989871315,173.13534065222663,759.7325406944979,185.82659358228236,container,0
772.6942238521558,148.48230998437015,815.6850801335594,118.15788992375218,828.4705239101406,136.28378234953357,785.479667628737,166.60820241015153,container,0
966.5400347387873,11.510108024641019,981.6183918201627,0.874301401793856,994.403835596744,19.000193827575238,979.3254785153686,29.6360004504224,container,0
712.3196935938114,114.51943642481115,715.4190613307101,112.37968104109429,726.518257091402,128.45651370523547,723.4188893545033,130.59626908895234,container,0
3.580397247319162,900.3469703772569,57.80479989627413,846.9175993193862,83.49997696209098,872.9951218461613,29.275574313136005,926.4244929040319,container,0
84.1924547697688,820.9243210154972,98.23658376458715,807.0861053304561,108.16616902837472,817.1634432968261,94.12204003355637,831.0016589818672,container,0
63.73578141817443,843.0882688860795,78.65045531185542,828.3922721255144,82.8039466102266,832.6075675726172,67.88927271654562,847.3035643331823,container,0
80.25270633527086,854.0646632067693,95.16738022895184,839.3686664462042,105.06599423984923,849.4145723059629,90.15132034616825,864.110569066528,container,0
12.9506092271872,983.7822427798675,146.4019379764573,853.0470076239536,168.7917963744739,875.9020271614173,35.34046762520381,1006.6372623173312,container,0
159.07732483990193,899.3211469360241,173.99199873358293,884.625150175459,189.03279157141955,899.8897507284956,174.11811767773855,914.5857474890607,container,0
79.82501702060262,976.3084005478199,94.73969091428361,961.612403787255,118.68038301269266,985.9093345265801,103.76570911901166,1000.6053312871451,container,0
113.64963460090317,966.7571908435954,128.56430849458417,952.0611940830303,138.46292250548154,962.107099942789,123.54824861180056,976.8030967033541,container,0
159.5575576564611,930.526032760999,172.2054808081894,917.7013042386233,177.82843644131762,923.2467401992599,165.18051328958933,936.0714687216356,container,0
145.1028853132885,915.1354067205883,156.8067773414151,903.5688002708505,159.68103555053685,906.4771734299701,147.97714352241024,918.0437798797079,container,0
244.94782572130725,922.3632332270006,316.25855663218385,989.8826141892733,306.1469221821476,1000.5620373868674,234.83619127127102,933.0426564245946,container,0
227.49552921000821,940.197567830367,298.97805285942155,1007.879607893334,288.8664184093853,1018.5590310909281,217.38389475997195,950.8769910279611,container,0
209.61234536820214,957.5773569697307,261.5753218213698,1006.7776380250452,247.1581842133772,1022.0043271003361,195.1952077602095,972.8040460450216,container,0
188.54734327837252,979.9571462131318,221.01946380474286,1010.702834112657,210.90782935470662,1021.382257310251,178.4357088283363,990.6365694107258,container,0
616.115753146448,850.1925985195927,681.8585378396086,873.2664802932219,680.9243762907251,875.9281209386667,615.1815915975645,852.8542391650375,container,0
132.5644797338252,33.84960068880527,151.04059274257642,15.073965452620342,183.39136146261754,46.90865180397837,164.91524845386633,65.6842870401633,container,0
118.056808998334,54.87379612858019,126.37969171957089,46.41598847101315,132.25327992793876,52.195877041469,123.93039720670187,60.653684699036035,container,0
118.25954865728592,71.95354167554201,126.09520153890034,63.45634979992725,130.9767160514377,67.95781967570768,123.1410631698233,76.45501155132244,container,0
127.28425475984581,76.55198918549466,141.71374768860622,60.90426053595273,158.1592304421949,76.0693993505184,143.72973751343451,91.71712800006033,container,0
170.8489373199933,74.37732371466932,183.9637156269791,61.04993750639242,193.2599600019247,70.19788160883452,180.14518169493888,83.52526781711143,container,0
192.19968537582776,93.55324905203128,211.07074439536586,73.91990897144237,376.46110717417156,232.88885080459562,357.59004815463345,252.52219088518453,container,0
130.7978896988283,189.99341113577063,153.25800173346636,166.62604116635748,264.3132748540421,273.36949922733766,241.85316281940402,296.73686919675083,container,0
304.1460989470806,258.6835726372918,323.01715796661864,239.05023255670287,338.91867845644066,254.33436304250375,320.0476194369026,273.9677031230927,container,0
333.5131281654518,267.22348812866824,341.05544810779514,259.37650231450067,371.2668847463948,288.41495433192983,363.72456480405145,296.2619401460974,container,0
346.4808332313119,300.62401040312335,353.36395552406276,293.4628499907721,358.99009010007916,298.8705451256839,352.1069678073283,306.03170553803517,container,0
252.6227281391254,301.16313670251776,271.3073290513949,281.72378655259445,311.2574083612133,320.1227701894223,292.5728074489438,339.5621203393456,container,0
290.7617786230064,344.55505869685356,298.39985389719936,336.6084495921867,313.55202864968476,351.17232832371275,305.9139533754918,359.11893742837964,container,0
348.23243395242145,399.92537801859544,359.2773225236492,388.43434016817,368.1107546402397,396.92480679957475,357.0658660690119,408.41584465000017,container,0
550.8280923266801,440.2956970256247,572.2625124023472,417.99545100657144,578.2194551773474,423.7211104318967,556.7850351016804,446.02135645094995,container,0
545.6737463421705,495.29101633949847,562.2217070523809,478.07461423257854,576.7875153358266,492.07489266996686,560.2395546256162,509.2912947768868,container,0
491.06171395923707,534.8113402867531,512.0464362394405,512.9789572393904,519.1810240022876,519.8365385882652,498.1963017220842,541.6689216356278,container,0
524.4649344014714,566.9259305744393,545.4496566816748,545.0935475270767,552.5842444445219,551.9511288759514,531.5995221643185,573.7835119233141,container,0
384.2916446533709,432.8496040447185,405.2763669335743,411.0172209973557,412.4109546964214,417.87480234623047,391.426232416218,439.70718539359325,container,0
199.75920895967363,639.1967360734619,245.76245627384446,590.9715799155548,251.7502931010515,596.6835352597105,205.74704578688068,644.9086914176177,container,0
273.2272306738141,559.4010097334582,293.02153589126186,538.6506602281388,300.67822922518474,545.9545817726513,280.883924007737,566.7049312779707,container,0
544.0448786927017,584.8120722888501,554.201772052587,574.2448994931717,561.3363598154341,581.1024808420465,551.1794664555488,591.6696536377249,container,0
526.8898885590396,538.9051092123566,532.6066440322585,532.9574300573569,543.3584222411483,543.2917613688969,537.6416667679295,549.2394405238966,container,0
441.5899326626849,490.42592896940545,462.4358654088652,468.7379417462665,469.5704531717123,475.59552309514123,448.724520425532,497.2835103182802,container,0
465.75675321318175,512.7905190525286,488.37666404453086,489.2568953441467,495.51125180737796,496.11447669302146,472.89134097602886,519.6481004014033,container,0
466.23731190566525,495.0301082937956,478.7714163697573,481.9896988872879,485.9060041326044,488.84728023616265,473.37189966851236,501.88768964267035,container,0
493.5460580065486,437.8946967089423,505.86762015763634,425.07541508908446,521.0785675556092,439.69578456834756,508.75700540452146,452.5150661882054,container,0
-1.7883513649257985,59.04254016752771,16.853464513771833,38.826855677106636,34.692382972977484,55.276945880541824,16.050567094279856,75.4926303709629,container,0
42.770053242054885,14.554232627732848,55.31166658475909,0.9537711712560988,68.86866733358143,13.45530738916964,56.327053990877225,27.05576884564639,container,0
285.9920873272268,217.17158504854166,293.8254693445077,209.02177994395188,299.5775730480495,214.55055334829785,291.74419103076855,222.70035845288763,container,0
290.8453648225903,230.33408411838053,293.9984259706326,227.05365763302467,299.7505296741743,232.5824310373706,296.597468526132,235.86285752272647,container,0
405.38193607507685,106.14929457070457,471.030123594295,172.21857489454382,454.2217586679616,188.91981164431422,388.57357114874344,122.85053132047497,container,0
458.2484952184015,388.9740136610405,461.2958392412275,385.82238718516413,473.4482106626538,397.5726554030843,470.4008666398278,400.72428187896065,container,0
405.67319090709634,432.5822337548218,408.72053492992234,429.43060727894544,420.87290635134866,441.1808754968656,417.82556232852266,444.33250197274197,container,0
370.35816092917594,418.6562060706539,373.40550495200193,415.50457959477757,385.55787637342826,427.25484781269773,382.51053235060226,430.4064742885741,container,0
503.1253262454074,391.16853426739794,506.1726702682334,388.0169077915216,523.2722189672693,404.5506588308292,520.2248749444433,407.70228530670556,container,0
516.3034479660445,378.7525833359028,519.3507919888705,375.6009568600265,536.4503406879063,392.13470789933405,533.4029966650803,395.28633437521034,container,0
440.1762519568549,355.5580409399,443.22359597968097,352.40641446402367,450.06425372035403,359.0207254040415,447.016909697528,362.17235187991787,container,0
482.4318429782022,348.8878991180585,490.71557544718104,340.2695520220269,496.6725182221812,345.9952114473522,488.3887857532024,354.61355854338376,container,0
487.52954199084957,361.93511754278916,490.5768860136756,358.7834910669128,497.4175437543487,365.39780200693065,494.37019973152263,368.549428482807,container,0
496.9041078191399,350.759002285899,499.95145184196593,347.60737581002263,506.792109582639,354.2216867500405,503.74476555981295,357.37331322591683,container,0
433.98925211904833,317.90880472458593,437.0365961418743,314.75717824870964,458.0106819808963,335.0372639774639,454.9633379580703,338.1888904533402,container,0
442.72552006152847,304.9629645056037,445.77286408435447,301.8113380297273,469.035722969805,324.3044648393413,465.988378946979,327.45609131521763,container,0
383.16783766088884,268.42447727160106,386.2151816837149,265.2728507957247,393.05583942438795,271.88716173574255,390.0084954015619,275.0387882116189,container,0
743.6161787497696,292.25339107945996,760.635009613976,282.22660190651885,772.0750205106618,301.64414496813964,755.0561896464554,311.67093414108075,container,0
756.0503777943186,318.2795586692077,785.6612441422172,298.4155072042648,797.6365131865921,316.26675430654524,768.0256468386934,336.1308057714881,container,0
759.5669199115797,355.33987488186426,792.845072810046,333.0156735543242,805.0998893224377,351.2836353800815,771.8217364239714,373.6078367076215,container,0
794.2469171797039,320.115098632751,799.5942387938009,316.7317595923356,813.9150414500176,339.3655945878968,808.5677198359207,342.7489336283122,container,0
486.84724786423845,953.6158725005437,481.79855871391214,950.2436582902646,496.60758995866837,928.0724109405719,501.6562791089947,931.4446251508509,container,0
493.38359899620826,956.1950448924753,488.76180866033815,952.2580225521922,506.0511868590415,931.9614953381187,510.6729771949116,935.8985176784017,container,0
48.323183667533556,1018.4782830242259,45.03603377778482,1015.072199439041,60.078984829818026,1000.5545184557357,63.36613471956676,1003.9606020409205,container,0
53.75812517788174,1024.1128537007269,50.470975288133005,1020.706770115542,65.5139263401662,1006.1890891322366,68.80107622991493,1009.5951727174215,container,0
167.91580442640887,1000.646828174799,171.16817697451637,997.2075211813398,179.4294902511992,1005.0198126003662,176.1771177030917,1008.4591195938254,container,0
163.781977334279,1007.4542284529216,167.0343498823865,1004.0149214594624,175.29566315906933,1011.8272128784888,172.04329061096183,1015.266519871948,container,0
264.27314774466095,410.0952324956193,260.06374716817976,408.870486879739,266.4908930656891,386.7806493695561,270.70029364217027,388.0053949854364,container,0
475.3301374101281,520.5630357808243,478.3774814329541,517.4114093049479,490.5298528543804,529.1616775228681,487.4825088315544,532.3133039987445,container,0
488.53445431786906,508.8384106468841,491.58179834069506,505.68678417100773,503.7341697621214,517.4370523889279,500.6868257392954,520.5886788648043,container,0
510.17726169596443,552.7212739970753,513.2246057187904,549.5696475211989,525.3769771402168,561.3199157391191,522.3296331173908,564.4715422149955,container,0
417.8676175352346,982.6122441515305,412.4797440730427,977.5011164112005,421.15904389279575,968.3518696020734,426.54691735498767,973.4629973424034,container,0
645.3174380268115,982.9307012996481,639.9295645646196,977.8195735593182,648.6088643843725,968.6703267501911,653.9967378465644,973.781454490521,container,0
520.650513950642,975.4727275385101,518.380769717127,973.319567707126,524.4761362345336,966.8941631447763,526.7458804680485,969.0473229761603,container,0
518.1754573383938,973.570475485636,515.9057131048788,971.417315654252,522.0010796222854,964.9919110919022,524.2708238558004,967.1450709232863,container,0
867.8808441983119,506.5822256306611,864.5597579315257,501.66086907004774,885.6553713151272,487.4248853458813,888.9764575819135,492.3462419064947,container,0
890.9579846186126,490.55293961261566,887.6368983518263,485.6315830520022,904.6200913192387,474.1707900296766,907.941177586025,479.09214659029004,container,0
911.0249651178801,475.7004619904959,907.7038788510938,470.77910542988246,924.6870718185062,459.31831240755685,928.0081580852925,464.2396689681703,container,0
931.4593657821999,461.95024486353225,928.1382795154136,457.0288883029188,945.121472482826,445.5680952805932,948.4425587496123,450.48945184120663,container,0
953.3634471067278,447.4651874064645,950.0423608399415,442.54383084585106,967.0255538073538,431.08303782352544,970.3466400741402,436.0043943841389,container,0
999.1498391596372,417.5484830172117,995.8287528928508,412.62712645659826,1012.8119458602632,401.16633343427264,1016.1330321270495,406.0876899948861,container,0
975.8612401827658,432.08961859925404,972.5401539159794,427.1682620386406,989.5233468833918,415.707469016315,992.8444331501781,420.6288255769284,container,0
523.899574099967,651.6849559482495,526.9888159071495,654.5038650592436,510.97391439055343,672.0545917251103,507.88467258337096,669.2356826141162,container,0
433.7807753233181,952.0138627270682,430.65502171981115,949.0486620659113,435.8095506845512,943.615037388507,438.93530428805815,946.5802380496638,container,0
436.39519622439525,956.4021112979312,433.2694426208883,953.4369106367744,438.42397158562835,948.00328595937,441.5497251891353,950.9684866205268,container,0
442.05116410734513,956.3254610819333,438.9254105038382,953.3602604207765,444.67768547822334,947.2965243421083,447.8034390817303,950.2617250032652,container,0
446.1075055846621,959.4250729457468,442.9817519811551,956.45987228459,449.96092123974694,949.1028108400475,453.0866748432539,952.0680115012043,container,0
896.2245065937982,860.8323417118349,902.2905555251133,863.2722958848543,898.1910684544114,873.4641631908694,892.1250195230963,871.02420901785,container,0
900.8727282062141,855.2522203729012,906.1475469214727,851.3887227962616,912.6387993139399,860.2512052816356,907.3639805986813,864.1147028582752,container,0
908.6418766618999,865.600669110003,913.9166953771585,861.7371715333634,920.4079477696257,870.5996540187374,915.1331290543671,874.463151595377,container,0
891.2361869773168,877.2232970602158,892.9118295147708,873.9324445467383,902.7012907792035,878.9170610393528,901.0256482417495,882.2079135528303,container,0
903.52362280424,884.5477385708296,905.199265341694,881.2568860573522,912.9257243134405,885.1910591216049,911.2500817759865,888.4819116350823,container,0
967.9640484378854,364.9816357792739,976.2746363086932,364.9816357792739,976.2746363086931,380.82688401721055,967.9640484378853,380.82688401721055,container,0
987.2472681010677,370.2998212692998,983.7494293012714,365.13874640249355,994.3168285673296,357.97685471913775,997.8146673671258,363.137929585944,container,0
588.8891521477544,130.29280478148675,579.945539883877,136.65795956705176,555.5686970998504,102.40631331137024,564.5123093637278,96.04115852580522,container,0
512.3417041175048,682.4915975614324,515.4309459246873,685.3105066724265,503.7768062014916,698.0822755525328,500.6875643943091,695.2633664415387,container,0
85.15764725466029,123.39611410354941,90.90760662559032,116.95804071474534,111.23925682272348,135.1166039241644,105.48929745179345,141.55467731296847,container,0
