122.54870116220688,57.334414224227906,126.7871550476376,53.27868461898102,143.34034716952797,70.57765380433835,139.10189328409723,74.63338340958524,container,0
135.42750364653978,81.45733076757311,140.11036344761496,77.9240238104474,154.53132208628966,97.03680634575055,149.84846228521448,100.57011330287627,container,0
153.60766263319798,134.1782497511613,137.32541981862525,114.02819638471726,150.78392985455022,103.15305256538525,167.06617266912295,123.3031059318293,container,0
72.24551642157175,154.9180470093578,66.45399466124621,157.7107410856959,59.94826620737163,144.21908504409015,65.73978796769717,141.42639096775204,container,0
75.24926591551049,159.6475559142314,72.23934614044906,154.96192633759,80.58827636763498,149.5988028169664,83.59819614269641,154.2844323936078,container,0
79.3850413541315,238.25375289949832,82.31092260830343,244.93192285314908,58.05882558938792,255.55740206893526,55.132944335215996,248.8792321152845,container,0
55.905520150166204,260.5467930335049,56.73601990472657,262.4423650084479,47.419822152865954,266.5240353689673,46.58932239830559,264.6284633940243,container,0
78.65969351471679,250.1501998761273,80.87386887145794,255.20393858080604,60.71564710294706,264.0357837718203,58.50147174620591,258.9820450671416,container,0
18.2419207769165,263.10227728629906,18.00658910962433,267.4380575827008,-0.026544052961343212,266.4592793689673,0.20878761433082893,262.12349907256555,container,0
14.932587302547953,283.7357494414498,14.674094322094538,288.49825669049176,0.14679082870594762,287.7097631971301,0.40528380915936246,282.9472559480881,container,0
32.04994013644627,284.00200622724043,31.791447155992856,288.7645134762824,17.264143662604265,287.9760199829207,17.52263664305768,283.21351273387876,container,0
55.065199937455375,335.2826861900046,57.811090234888695,333.06066879065565,65.90516721737801,343.06304206613413,63.15927691994469,345.2850594654831,container,0
48.68866464253911,338.893232538642,53.04207266824904,335.33035604307094,66.84534283304315,352.1962977031749,62.491934807333216,355.75917419874594,container,0
42.91368432160565,337.6033644723439,47.589718516225105,334.4143668563504,66.77378564628131,362.5440065406596,62.09775145166185,365.7330041566531,container,0
47.045479274818746,355.7470080721519,51.64578027034241,352.609659563354,67.183798910732,375.3930903551206,62.58349791520833,378.5304388639185,container,0
31.027186790691243,354.95023143975914,35.85362208015268,352.07876469207673,42.82726377178875,363.80024131503853,38.000828482327314,366.67170806272094,container,0
39.65032189897705,381.61267773871305,52.96536253729085,381.54726060120333,53.11346487542186,411.69209307039364,39.79842423710806,411.75751020790335,container,0
157.7238092777074,407.64606359376535,158.19235421809685,403.3297205080736,182.59582277276934,405.9787503678982,182.1272778323799,410.29509345358997,container,0
159.82201931011028,417.2324171097521,160.29056425049973,412.9160740240603,184.6940328051722,415.56510388388494,184.22548786478276,419.8814469695767,container,0
169.94498329977708,428.77689532426785,170.47125482599094,423.9287617354566,195.50479366040022,426.64618658516025,194.97852213418636,431.4943201739715,container,0
180.37644763350227,444.80879801977466,181.18545243714783,439.9997573418492,206.01713340504364,444.17708719431533,205.20812860139807,448.9861278722408,container,0
182.05259200759602,438.0554973172098,182.86159681124158,433.24645663928436,207.6932777791374,437.4237864917505,206.88427297549183,442.23282716967594,container,0
188.9582498410332,465.1827624996423,190.2595188457572,453.73094878678086,221.9676605297588,457.33394329973294,220.66639152503478,468.7857570125944,container,0
254.69601636441314,542.159364142005,260.9365478919726,542.159364142005,260.9365478919726,583.4313399872501,254.6960163644131,583.4313399872501,container,0
249.62584333194957,567.5129067218166,254.7931457873466,567.5129067218166,254.7931457873466,582.1514518968619,249.62584333194957,582.1514518968619,container,0
248.86269813902547,541.0752008688607,253.83007458304732,541.0752008688607,253.83007458304732,559.6958123671179,248.86269813902547,559.6958123671179,container,0
241.93615824033793,540.1215082198328,247.02414128048446,540.1215082198328,247.02414128048446,555.5779070651699,241.93615824033793,555.5779070651699,container,0
242.18898145665986,560.6094918421103,247.27696449680636,560.6094918421103,247.27696449680633,580.9607952987755,242.18898145665983,580.9607952987755,container,0
272.37912152130457,641.8903908212214,273.0417588572668,636.8959232413855,291.1863551935876,639.3032442993801,290.52371785762534,644.2977118792161,container,0
276.35968009495434,655.1401568439555,276.87325832588135,651.2691859751777,294.40258260714313,653.5948762629373,293.8890043762161,657.4658471317151,container,0
267.337868692265,682.7915055260837,268.1168940484249,676.9197915823462,294.3809050860264,680.4043500517821,293.6018797298665,686.2760639955196,container,0
265.1144594093499,702.0794665301567,265.89348476550975,696.2077525864191,294.15088613229403,699.9567826609157,293.37186077613416,705.8284966046532,container,0
263.479535973848,741.461715877078,267.6667478985593,709.2045193777856,298.05809304245076,713.1495306188372,293.87088111773943,745.4067271181295,container,0
347.416702099029,725.6120208987957,336.1043314060334,708.6757275467326,359.32228090393966,693.1676086217865,370.63465159693527,710.1039019738496,container,0
367.2178378508896,838.1092943501827,385.73560098845326,838.1092943501827,385.73560098845326,859.6772282247103,367.2178378508896,859.6772282247103,container,0
119.70503443916925,666.3145297141732,119.73084187557419,660.7739612492429,145.82832421595117,660.8955208184625,145.80251677954624,666.4360892833928,container,0
119.12309651428941,602.4556187768173,130.43681854955963,602.4556187768175,130.43681854955963,622.6453748520041,119.1230965142894,622.645374852004,container,0
137.49905657017695,606.2278773095991,145.96949425737483,606.2278773095991,145.96949425737483,621.9796821697485,137.49905657017695,621.9796821697485,container,0
439.82957615640254,664.5058143087607,444.45441999667236,662.6589592689234,449.5643832900848,675.4551894828677,444.93953944981496,677.302044522705,container,0
401.1854930245605,628.6238227178616,407.05141579045005,639.2712457191269,395.97334789446893,645.374421169692,390.1074251285794,634.7269981684267,container,0
415.1631386376335,665.5961780325457,415.1934095762,661.9923101010987,428.47777965059817,662.1038930886183,428.44750871203166,665.7077610200653,container,0
411.00230552490007,712.891815337934,416.0940460117568,709.735591613359,429.5366926607529,731.421781873025,424.4449521738962,734.5780055975999,container,0
543.4556150071966,605.674010479084,539.2573348671525,609.635765171413,530.8290353854667,600.7042777179324,535.0273155255107,596.7425230256034,container,0
558.5756874512471,624.1393406593587,553.9675805729786,627.6158917340496,546.5715109279787,617.8125324072179,551.1796178062472,614.335981332527,container,0
575.1004651609755,645.2558763594064,570.4923582827071,648.7324274340973,563.707345747295,639.7390134839367,568.3154526255635,636.2624624092458,container,0
594.2055246061713,661.2646723772497,590.5031057831457,664.0579340090159,583.6969381373227,655.0364793346718,587.3993569603483,652.2432177029056,container,0
59.23746439803139,1011.3640043200693,58.964464372401345,1006.4873678788923,78.94725202907793,1005.3687071773544,79.22025205470798,1010.2453436185314,container,0
