1.4894128937652251,73.58579524685422,1.5285903445075402,61.85025993900603,27.108711757845548,61.935655612945446,27.069534307103233,73.67119092079363,container,0
28.187228084787865,69.6704734196996,28.22641060119676,57.93342070048669,53.80957888571818,58.018826545981355,53.77039636930928,69.75587926519427,container,0
54.437439088629944,83.85820966505739,54.49022674469957,68.04576169088246,79.608201576029,68.12961455280032,79.55541391995938,83.94206252697525,container,0
77.90005112019564,63.300050888249665,77.93716088964622,52.18388581365473,91.33914507173621,52.228626471951934,91.30203530228563,63.344791546546865,container,0
100.42567450307132,80.89443137228274,100.50782583554795,56.286146642184676,126.00259328533949,56.37125737380022,125.92044195286286,80.97954210389828,container,0
146.68730712303926,96.70869033102862,146.7896994685106,66.03724635587369,174.66907114343883,66.13031775669772,174.56667879796748,96.80176173185265,container,0
140.95924958042204,73.28164305348179,146.54251668540002,73.28164305348179,146.5425166854,97.54564131950303,140.959249580422,97.54564131950303,container,0
128.3312474097728,64.10684122420732,128.43549910726784,58.018678971302045,147.67497317932953,58.34812942738465,147.57072148183448,64.43629168028993,container,0
207.09333836152464,71.10595421484553,207.1261866477377,61.2663088231362,231.6676225148457,61.348236989990795,231.63477422863264,71.18788238170012,container,0
231.89932771592987,66.91864977417949,232.00357941342492,60.830487521274215,251.2430534854866,61.15993797735682,251.13880178799155,67.2481002302621,container,0
229.83392012369094,78.17278630064418,229.94974761071492,71.40861313807487,252.67408275285752,71.79773721437302,252.55825526583354,78.56191037694232,container,0
257.47838256451865,92.41402139207841,257.59269112422913,58.17309675164901,280.178325036392,58.248495745974054,280.0640164766815,92.48942038640345,container,0
279.6226440469744,11.953826011377583,279.6594002255771,0.9435784429262108,294.34367580023945,0.9925998525101614,294.3069196216368,12.002847420961533,container,0
294.1394839147868,30.61526802898233,294.2394629125937,0.666738030856191,366.975893082,0.9095584762284759,366.87591408419314,30.858088474354616,container,0
368.4434274250109,27.92569335168437,368.49042691853776,13.847079116065249,378.38259134195755,13.880102729753691,378.3355918484307,27.958716965372812,container,0
322.67187426695045,58.44463253555716,353.0899628071012,58.76649118602057,352.8263588563343,83.67906787897482,322.4082703161836,83.35720922851141,container,0
332.6077154094162,84.30849817819214,345.06680969985746,84.44032984371657,344.80489228134684,109.19351642109402,332.34579799090557,109.06168475556959,container,0
377.99506931978095,67.2099521246544,395.1772895757268,67.39175993996942,394.9361833403238,90.17813155220122,377.753963084378,89.9963237368862,container,0
-3.3552321043803452,166.3989006869947,4.331616302224521,131.99885177449661,25.422101360550872,136.71161720914745,17.735252953946006,171.11166612164553,container,0
23.324879705581534,162.9754735385447,32.03709037974563,118.2173765777018,54.48499701204007,122.5868852265081,45.77278633787598,167.344982187351,container,0
48.63099568696934,166.80662353250295,51.772794740655726,144.68839149226918,72.78012160186564,147.67239127728692,69.63832254817926,169.7906233175207,container,0
71.86065588402096,171.14659908563917,77.48031368151281,133.02386054673482,101.05957021211032,136.49966941828293,95.43991241461846,174.62240795718728,container,0
123.52153634269821,170.58010412043416,124.00988015396089,159.910171517331,143.6987899725861,160.81129785224698,143.2104461613234,171.48123045535013,container,0
98.07539381036707,169.62396188396144,103.63373756981629,131.91716665073443,126.55915942568808,135.29659401169556,121.00081566623886,173.00338924492257,container,0
144.42738126158125,170.9521475346098,145.71977032354454,154.33657975016052,170.7850473480366,156.28620255461576,169.49265828607332,172.90177033906502,container,0
168.60977523154878,171.27211399228452,174.26309179329527,128.7603859587565,199.76832540185586,132.1521361001944,194.11500884010937,174.66386413372243,container,0
194.26557096763696,172.6989872241885,194.81582110426766,161.13538626680153,216.03951240085814,162.14530861528038,215.48926226422745,173.70890957266735,container,0
217.86354012898178,136.87055043418164,218.59589230826043,121.48004383057393,244.90216534513408,122.73181915437887,244.16981316585543,138.1223257579866,container,0
238.8967654671139,172.52101937617516,242.2690559755268,134.59429443563914,269.374401490807,137.00439178920038,266.0021109823941,174.9311167297364,container,0
267.7466239882042,171.71365429054617,270.5333430132544,140.37260413903374,292.7126081552195,142.3446944115023,289.9258891301693,173.68574456301474,container,0
294.1409031639027,120.36963043036171,308.307491689034,120.51952936494962,307.7645605219329,171.83065084113787,293.59797199680156,171.68075190654997,container,0
426.8631714025521,171.5878769688284,428.63242144966654,155.53706618169178,454.23873681791713,158.35960114721595,452.4694867708027,174.41041193435257,container,0
457.93977602299424,169.26959060201702,460.0158621377426,150.1091162540897,484.7081636448096,152.78458990725366,482.6320775300612,171.94506425518097,container,0
483.42424600176633,170.25573026102256,484.95155450663214,156.15999732347095,506.82759027391825,158.5303214228383,505.30028176905245,172.62605436038993,container,0
419.417135216946,17.07947560666317,463.46334085807905,21.012686547171356,461.21315619757263,46.21146123439533,417.1669505564396,42.27825029388714,container,0
464.4742028187635,31.915955870437386,483.02944656893266,33.57289059749608,481.21494260155714,53.8926792110575,462.659698851388,52.23574448399881,container,0
497.26263128496385,38.33916484633258,522.6051973664246,40.602189702191396,520.443181163676,64.81360671137547,495.1006150822152,62.550581855516654,container,0
503.843821471483,64.56610615650473,518.9012884473534,65.91069856767322,514.6440535271096,113.58549852016361,499.5865865512391,112.24090610899512,container,0
457.25620175318136,84.23672592142002,468.60913222146837,84.28613252460279,468.51212913104007,106.57605471916666,457.15919866275306,106.52664811598389,container,0
463.5817828286028,82.7042909360133,463.66357649554203,77.92764818053541,474.0940768093041,78.10625665354605,474.0122831423649,82.88289940902393,container,0
503.9724816891392,115.23152291684802,509.62753445127373,115.20704164201065,509.66667674797674,124.24871755786334,504.0116239858422,124.27319883270071,container,0
443.04552421250224,6.741197747516782,463.94684750008787,8.607631240009457,463.1558241399683,17.465935082280854,442.25450085238265,15.59950158978818,container,0
49.49296079839012,205.60182580963516,60.22371107693422,206.1668847661617,58.8584166813577,232.09450355073346,48.1276664028136,231.52944459420692,container,0
74.7392180720417,207.19461655736652,88.34994280843058,207.43803281787427,87.8548521879137,235.1212374705398,74.24412745152482,234.87782121003204,container,0
146.20957594232362,214.0394882910977,204.16190766495373,215.0759165598962,203.66345115085204,242.94732659777077,145.71111942822193,241.91089832897228,container,0
7.317420613343705,261.563421166936,19.413478585777767,261.77974889786594,18.95402841285653,287.4701026181658,6.857970440422465,287.25377488723586,container,0
30.31252255840533,265.04058829666485,42.408580530839394,265.2569160275948,41.94913035791815,290.94726974789467,29.85307238548409,290.7309420169647,container,0
48.542089533162894,267.8369647163503,60.63814750559696,268.0532924472802,60.178697332675725,293.7436461675801,48.08263936024166,293.52731843665015,container,0
22.06639988173479,303.8635274233939,40.886593773123295,304.20011061846986,40.39870702425173,331.48050769453386,21.578513132863222,331.1439244994579,container,0
11.588378256547575,303.4223412385461,17.171645361525552,303.4223412385461,17.171645361525545,327.6863395045673,11.588378256547568,327.6863395045673,container,0
0.5243739746356293,304.5775486128533,6.107641079613607,304.5775486128533,6.1076410796136,328.8415468788745,0.5243739746356231,328.8415468788745,container,0
25.876611602044672,205.2239346429567,31.45987870702265,205.2239346429567,31.459878707022643,229.48793290897794,25.876611602044665,229.48793290897794,container,0
14.179123148885278,204.45316529643085,19.762390253863256,204.45316529643085,19.76239025386325,228.7171635624521,14.179123148885271,228.7171635624521,container,0
0.8830501091619136,202.08381136334106,7.844891146662421,202.08381136334106,7.844891146662414,228.92913915182663,0.8830501091619074,228.92913915182663,container,0
64.58546798893698,207.84059574528473,70.29936606247686,207.84059574528473,70.29936606247685,232.96900844884996,64.58546798893697,232.96900844884996,container,0
93.06394977523182,208.45068074434988,99.64482174129444,208.45068074434988,99.64482174129442,234.07965773219763,93.0639497752318,234.07965773219763,container,0
115.1280450238666,209.26938519445082,121.3728109205553,209.26938519445082,121.37281092055528,236.4564929077884,115.12804502386659,236.4564929077884,container,0
249.63943609119175,222.59633908962317,275.36173849957504,223.05636063771598,274.9038691108227,248.65832413237317,249.18156670243948,248.19830258428036,container,0
213.6597303159781,402.0627819123621,214.3901726889244,379.1552857523803,242.24354784542953,380.04343543499044,241.51310547248323,402.95093159497225,container,0
242.61088915017194,403.0606899266361,243.54787870473217,373.67564133415954,272.08329934649487,374.5855391344701,271.14630979193464,403.97058772694663,container,0
970.7454951771027,27.72222915655551,971.1770021594307,15.784133805346663,999.6547903308584,16.81347425503444,999.2232833485305,28.751569606243287,container,0
972.5074210336836,39.35568184520511,972.6255318608048,32.45816461894738,999.1372172549632,32.91214204119446,999.019106427842,39.80965926745219,container,0
985.5116980850387,45.687011775154694,985.581795817011,41.59339626517182,997.8880995332208,41.804125381612884,997.8180018012486,45.89774089159576,container,0
998.1465981620462,57.71948613886209,998.2576284965759,51.23546038337318,1010.546240349281,51.44588655013492,1010.4352100147513,57.92991230562383,container,0
972.8603980039486,55.79430747299853,972.9714283384783,49.310281717509625,985.2600401911834,49.52070788427137,985.1490098566537,56.004733639760275,container,0
938.1235350487426,339.2963163478623,938.6485418053858,324.7714512181672,966.595391380163,325.7816006909946,966.0703846235199,340.30646582068965,container,0
911.0344087973563,328.35518090197996,911.2893743701579,323.293156172969,936.4504421796173,324.56047634814996,936.1954766068156,329.6225010771609,container,0
911.6165222065935,340.3304828255926,911.6918345008394,335.2626006388436,936.8820171209185,335.63694447235883,936.8067048266726,340.7048266591078,container,0
995.8196251027028,325.75964760302713,995.886954646257,321.2289372079065,1018.4840269598343,321.5647455981697,1018.4166974162802,326.09545599329033,container,0
990.8731162607945,358.04844207355063,991.2741116162455,346.9544830304363,1017.9451153696535,347.9185165723636,1017.5441200142026,359.01247561547797,container,0
938.4371963989902,350.09156941728173,938.6017658970318,345.53858084471716,989.9245888432665,347.39366373713534,989.7600193452249,351.9466523096999,container,0
755.0888270732289,478.27038328558206,766.0534404277064,472.0084985032724,779.5290961514002,495.60448594874174,768.5644827969227,501.8663707310514,container,0
694.5803529676717,468.4507781640492,698.6590246613804,464.05986702217825,717.7527382722182,481.79581901849224,713.6740665785095,486.1867301603632,container,0
666.4796050813878,481.4010780198729,669.9036041468067,475.5268455189142,692.3717291546521,488.62316729644374,688.9477300892332,494.49739979740247,container,0
688.9099202050403,488.3647853984586,692.1000129444697,482.89184393644456,710.7477288358622,493.7613084620492,707.5576360964328,499.23424992406325,container,0
667.3998700100793,490.3664708794432,669.8623347695939,485.3103755954449,692.8089123913195,496.48602312008575,690.346447631805,501.5421184040841,container,0
666.73274316731,497.2221000807206,669.1952079268245,492.1660047967223,692.1417855485502,503.34165232136314,689.6793207890356,508.3977476053615,container,0
668.5246425597572,505.7683098187094,670.9871073192718,500.71221453471105,693.9336849409974,511.8878620593519,691.4712201814829,516.9439573433502,container,0
742.4183392302156,481.4598892981559,748.2585868078336,477.94119510099705,761.953562539676,500.6718003658742,756.113314962058,504.19049456303304,container,0
769.3810156810473,477.1976164614261,775.6214856880475,473.43779201745434,788.9791351637,495.6085109323977,782.7386651566998,499.36833537636943,container,0
658.4434354417277,557.0757535176723,658.6345900481135,551.455140372367,684.1431749493157,552.32267624082,683.9520203429299,557.9432893861252,container,0
716.3539549153559,579.7774309041929,716.5451095217417,574.1568177588877,742.0536944229439,575.0243536273406,741.8625398165581,580.6449667726458,container,0
746.0016864389709,584.7049928645743,747.2917426296975,577.2462864372001,776.5256868633344,582.3025828748171,775.2356306726077,589.7612893021912,container,0
819.6081249757283,558.4186837084093,823.241999398721,553.3099323872892,845.0309872121684,568.8085230489359,841.3971127891757,573.9172743700559,container,0
740.7289390134216,513.5335710200436,743.2947130929603,509.9449026712633,763.8057622709681,524.6095953121874,761.2399881914295,528.1982636609677,container,0
764.4292599329898,530.9714518500178,767.8339265428687,525.849801908847,789.4994015922667,540.2521371592303,786.0947349823879,545.3737871004012,container,0
747.7114921624295,558.7850734407876,751.4511899190326,553.1594351655075,769.9308744382276,565.4439851769858,766.1911766816246,571.069623452266,container,0
781.193734794525,552.5692806078235,797.2529622848895,535.209409295297,809.490975489801,546.5305207568746,793.4317479994365,563.8903920694012,container,0
833.837586835645,473.1508771852368,854.9131242579466,473.80270584681006,854.1182970279356,499.5018074940614,833.0427596056339,498.84997883248815,container,0
918.895914460783,573.7530566459735,918.7692161460972,579.3017415330659,893.5764090718682,578.7264905928051,893.703107386554,573.1778057057128,container,0
920.5606739873084,583.8562611349427,920.4339756726225,589.404946022035,895.2411685983935,588.8296950817743,895.3678669130794,583.2810101946819,container,0
827.4608903986403,625.5677273251368,834.7231069171646,617.7173407308296,854.6716284620467,636.1712704759499,847.4094119435224,644.0216570702571,container,0
826.038401628519,652.7213660201738,833.698007540131,644.4414052929199,852.3081930004913,661.6572703512135,844.6485870888793,669.9372310784674,container,0
825.4635818242399,672.865486685047,833.3572808876413,664.3324734997813,853.7757738967906,683.2211633028983,845.8820748333892,691.754176488164,container,0
821.8808826085238,720.6459799680417,829.2789001412358,712.6487937763179,847.5314671489249,729.5338340270534,840.1334496162129,737.5310202187773,container,0
713.0276232017496,774.0099651022373,723.3497277885064,767.6185973854704,737.0475865667528,789.7407373075347,726.7254819799961,796.1321050243016,container,0
729.3232901578895,774.166261534839,741.1747220625967,766.8279461131573,756.1335863739578,790.9866189925011,744.2821544692505,798.3249344141828,container,0
680.8975794230546,774.1205582666038,688.0792066631509,770.5378085258785,699.6567596054681,793.7450307996204,692.4751323653718,797.3277805403457,container,0
691.7868539428425,773.8404346264628,696.6079452627638,771.4353023216247,708.1854982050811,794.6425245953666,703.3644068851598,797.0476569002046,container,0
701.3470330668885,778.5537497594581,707.348235242662,775.5598871123898,717.9521534227334,796.8154570418532,711.9509512469599,799.8093196889215,container,0
752.9836240376223,774.400195574757,759.6160717799117,769.4800260664222,775.3223627623245,790.6522954342919,768.6899150200351,795.5724649426268,container,0
762.8547119155916,772.513755616485,768.5697724183298,768.2741343610367,784.1985322162344,789.341890758616,778.4834717134962,793.5815120140644,container,0
772.4231312108559,772.1218476568592,778.1381917135941,767.8822264014109,793.7669515114987,788.9499827989903,788.0518910087605,793.1896040544386,container,0
802.3734105014706,773.8810910159042,806.9440745950533,768.4271626442402,827.0492045913171,785.2762647058242,822.4785404977345,790.7301930774883,container,0
828.1479394765288,778.0118183157557,832.7186035701114,772.5578899440917,852.8237335663753,789.4069920056758,848.2530694727926,794.8609203773398,container,0
837.1089753222824,775.0318872881272,841.7216934579411,769.527778083104,860.8838588741388,785.586628778348,856.2711407384801,791.0907379833712,container,0
896.7252325735456,741.3471740584658,904.0838904486999,742.5499810378442,900.7990918694309,762.646064073651,893.4404339942765,761.4432570942727,container,0
900.7869955779067,763.1470303504639,908.1542832025702,760.6632923399678,916.8421729080121,786.4333945169524,909.4748852833486,788.9171325274484,container,0
886.1768271006044,867.8328293662532,886.9594630103187,894.3049211609324,859.5257198354377,895.1159878765161,858.7430839257235,868.6438960818369,container,0
912.6553841525471,860.9977305881857,913.45782473378,888.1397010274529,886.5066182377133,888.9365017554628,885.7041776564804,861.7945313161956,container,0
916.0177526111386,912.7052785145892,916.0826365798904,917.8077322495235,887.0397674184835,918.1770480166084,886.9748834497317,913.0745942816741,container,0
912.4117428139798,925.309319055956,912.4772513520481,930.4608887143255,884.8461664372799,930.8122519100199,884.7806578992115,925.6606822516504,container,0
912.1066918606647,944.9211888828086,912.1615258127425,949.233312647166,892.1130126133656,949.4882541266043,892.0581786612878,945.1761303622468,container,0
924.5036069632355,968.4042566135485,928.0062842477588,973.7700785940657,903.8937372093293,989.5101592546179,900.391059924806,984.1443372741006,container,0
941.7577063910999,851.0144999861716,1013.9316552240366,850.3137596378131,1014.1996717745133,877.9185819458037,942.0257229415765,878.6193222941622,container,0
945.0680387459532,880.4756974160368,1002.0262553222765,879.9226873456308,1002.2532545883988,903.3028644063727,945.2950380120756,903.8558744767787,container,0
946.8468733900197,909.0249615940871,1003.2561648816285,906.4427326290005,1004.4551463006842,932.6347137720305,948.0458548090754,935.2169427371172,container,0
997.3681506413164,970.7628428649907,1004.1749845411083,979.7260553227703,981.8276708259424,996.6970301024264,975.0208369261505,987.7338176446468,container,0
951.4166593147675,940.0238851031835,987.0221668631586,933.7633845004971,991.5158941109414,959.3206760967445,955.9103865625502,965.5811766994309,container,0
1010.5893082957008,988.2780446641679,1016.6973770161856,997.731280184797,993.1283250944615,1012.9600755004757,987.0202563739767,1003.5068399798465,container,0
1019.2498767058909,1000.7220332225069,1025.3579454263756,1010.175268743136,1001.7888935046516,1025.4040640588148,995.6808247841668,1015.9508285381855,container,0
849.8874055693901,1024.6792388403264,837.6054416132844,1020.0743995881015,846.199410205143,997.1526846912975,858.4813741612487,1001.7575239435224,container,0
457.6278783569127,751.8924080890615,457.23753537461357,763.257146415325,428.65452774341566,762.2754100900763,429.04487072571476,750.9106717638128,container,0
483.79356839694935,765.6713211217464,483.18973802992866,783.2516912726937,456.5423725339225,782.3364381608744,457.1462029009432,764.756068009927,container,0
464.47965278689486,792.9015368336435,463.8164537194123,812.2104118536791,437.26993115840133,811.2986223791967,437.9331302258839,791.989747359161,container,0
462.32356528828893,742.532593640396,462.15357495894546,748.315168458377,435.3807398785808,747.5281275300665,435.5507302079243,741.7455527120856,container,0
454.113744574509,785.9569181028845,453.9437542451655,791.7394929208655,427.17091916480086,790.952451992555,427.34090949414434,785.169877174574,container,0
486.64980823304705,787.0374803745327,486.4798179037036,792.8200551925137,459.70698282333893,792.0330142642032,459.8769731526824,786.2504394462222,container,0
176.930897722116,779.5004384812553,176.13442818262192,802.6894499702713,150.00924756275546,801.7921322649711,150.80571710224953,778.6031207759551,container,0
120.79080795004906,759.1892198513373,119.02737380291872,822.3298040137466,91.41134313940775,821.5585243031413,93.17477728653809,758.417940140732,container,0
149.84825523817736,772.9183972614875,148.43834932753091,823.4007376182947,121.00725379156219,822.634622904549,122.41715970220864,772.1522825477418,container,0
