490.094153984997,701.6548692778424,489.85837334733355,696.3428018223972,509.24973183516556,695.4820998626105,509.485512472829,700.7941673180558,container,0
40.520189480301596,54.699009430685386,1.9327795623044999,54.359726870331286,2.4047001362887848,0.6870812204551981,40.99211005428589,1.026363780809298,container,0
35.3785293539232,104.10921604853058,1.4305027353683109,103.8107255975107,1.8457506674865307,56.58359385951829,35.79377728604142,56.882084310538175,container,0
90.05061835500281,123.68253402141113,56.58707212640954,117.95988763619198,76.94498198213184,-1.084311798194257,110.40852821072511,4.638334587024893,container,0
364.49728620997854,43.76249524153422,364.4082399365651,37.93886192336226,391.1210749004103,37.53040928290907,391.2101211738237,43.35404260108103,container,0
361.6830441571755,86.95155296418358,361.5939978837621,81.12791964601162,396.0254695711797,80.60144517991884,396.11451584459314,86.4250784980908,container,0
422.65541091194467,71.57942176037858,403.99234993872795,72.44234535014753,402.8640655541713,48.040138116773335,421.527126527388,47.17721452700439,container,0
550.9976146501704,38.92499886239971,397.1393025213913,46.03894266875024,395.8077775461056,17.24110692089328,549.6660896748847,10.127163114542757,container,0
494.0107789855169,68.76364035346356,475.4570565003201,69.62150846167364,474.3082397255865,44.775232652190596,492.86196221078325,43.91736454398052,container,0
548.0332879364645,67.22007898149302,539.7103885271657,67.53624282874698,538.7640904214944,42.62528601594436,547.0869898307932,42.3091221686904,container,0
341.7042388900656,212.7519510689217,166.28135794522848,211.95936881834228,166.42775755433223,179.5566230094317,341.85063849916935,180.3492052600111,container,0
666.0167346434271,83.90355500330021,661.9576874852296,88.329399606051,638.3062138959795,66.63807167285593,642.3652610541769,62.21222707010515,container,0
658.5493260776424,67.7893331121246,654.4902789194449,72.21517771487538,639.1279034485732,58.12597845572184,643.1869506067707,53.700133852971064,container,0
659.958148661305,50.82219776194891,656.8368748850098,54.22552671037593,639.339269108653,38.17805704602343,642.4605428849482,34.77472809759641,container,0
658.1611521892319,43.39385237435345,655.1369520953062,46.883725109811,637.1943969500226,31.33534238389496,640.2185970439482,27.84546964843741,container,0
658.0173445590631,34.259380337726824,654.9931444651373,37.74925307318438,639.867754457918,24.64212586600895,642.8919545518437,21.1522531305514,container,0
657.4682459282667,25.565048830861773,654.4440458343411,29.054921566319322,636.3487228681504,13.374155658162405,639.372922962076,9.884282922704855,container,0
657.9390911538344,16.850462879548033,654.9148910599088,20.340335615005582,636.3681993341904,4.268429528271419,639.392399428116,0.7785567928138697,container,0
660.3513080866763,9.937286245368416,657.3271079927506,13.427158980825965,640.1473406095257,-1.4602188900345068,643.1715407034515,-4.950091625492057,container,0
693.6147317115324,102.07868193253319,690.2362792652835,98.93049880789998,702.1078801662679,86.19056675280592,705.4863326125168,89.33874987743913,container,0
689.8745433682767,78.82934978266307,686.4960909220279,75.68116665802987,705.2819609181878,55.521231250576776,708.6604133644366,58.66941437520998,container,0
691.8580536942003,67.42088566330956,688.4796012479515,64.27270253867636,705.9428874475415,45.53208941521892,709.3213398937903,48.680272539852126,container,0
689.3327953221498,60.62306261445427,685.9543428759009,57.47487948982106,703.4176290754909,38.73426636636363,706.7960815217398,41.882449490996834,container,0
689.3963121824901,52.431283671234695,686.0178597362412,49.28310054660149,703.4811459358313,30.542487423144056,706.8595983820801,33.69067054777726,container,0
689.4598290428304,33.4861306857764,686.0813765965815,30.337947561143192,703.5446627961716,11.597334437685763,706.9231152424204,14.74551756231897,container,0
687.858764838936,26.313271079928864,684.4803123926872,23.165087955295657,704.0064527691876,2.210736156439655,707.3849052154364,5.358919281072861,container,0
689.3405127542302,16.10078808449508,685.9620603079813,12.952604959861873,701.2820578407994,-3.4879517333913643,704.6605102870483,-0.33976860875815884,container,0
687.0143909385175,8.590304488558308,683.6359384922687,5.442121363925104,692.4901132741844,-4.0596792833810955,695.8685657204333,-0.9114961587478909,container,0
746.3357029976031,-0.87093396208558,747.0953790828181,81.84232838004644,724.1827534409682,82.05276831744848,723.4230773557532,-0.6604940246835369,container,0
788.9569465621641,0.5918858686781618,789.7751944905554,89.68242969272386,763.3791666038246,89.9248627749456,762.5609186754334,0.8343189508998989,container,0
868.7589907508747,22.149572837854365,869.3209976199861,83.34068113730788,842.9249697332554,83.5831142195296,842.3629628641439,22.392005920076095,container,0
831.7989127633043,50.25472092962743,826.5314268725544,55.94388057915189,807.4371223302476,38.26482321982977,812.7046082209974,32.575663570305316,container,0
832.3530813939424,77.40531490055844,827.0855955031925,83.09447455008291,807.9912909608856,65.41541719076079,813.2587768516355,59.72625754123633,container,0
829.4371040500123,31.606570094210053,825.4281965989508,35.93639934905593,806.3338920566439,18.25734198973382,810.3427995077054,13.927512734887937,container,0
825.1976298859147,19.875144260507344,821.1887224348532,24.204973515353227,805.1547122641318,9.359385142125713,809.1636197151934,5.02955588727983,container,0
908.500329925807,19.62755378109074,904.4914224747455,23.957383035936623,888.4574123040242,9.111794662709109,892.4663197550857,4.781965407863225,container,0
908.6480906542225,10.754849915643298,904.639183203161,15.084679170489183,892.1962413518901,3.5639933963660937,896.2051488029516,-0.7658358584797913,container,0
909.9016351500782,2.9879298176357176,905.8927276990167,7.317759072481603,897.6441218535415,-0.31946990087476745,901.6530293046029,-4.649299155720652,container,0
913.8380189526916,48.29130640658586,909.8291115016301,52.62113566143175,888.6051730324397,32.97029031348127,892.6140804835012,28.640461058635385,container,0
910.2889231685417,63.159893229798236,906.2800157174803,67.48972248464412,887.6471499934155,50.23790264619867,891.6560574444769,45.90807339135279,container,0
912.2059379248611,57.07408875138225,908.1970304737997,61.40391800622813,889.5641647497349,44.15209816778268,893.5730722007963,39.8222689129368,container,0
952.8987805666475,72.55506149554016,948.889873115586,76.88489075038605,930.2570073915213,59.6330709119406,934.2659148425827,55.303241657094716,container,0
956.2640449452392,0.46204407126765545,956.8260518143506,61.653152370721166,930.4300239276199,61.895585452942896,929.8680170585085,0.7044771534893854,container,0
992.903045837371,16.813476904613005,993.5479040885687,87.02541425907086,967.1518762018378,87.2678473412926,966.5070179506401,17.05590998683474,container,0
1024.0317582409275,30.849984835430796,1024.4144504530773,72.51737697254174,1010.8443778580024,72.64201066891886,1010.4616856458526,30.974618531807913,container,0
990.6431893880183,6.756933575372247,986.6342819369568,11.086762830218131,974.644542424295,-0.014311424569512177,978.6534498753565,-4.344140679415397,container,0
1027.281814441949,6.40049862976195,1023.2729069908877,10.730327884607835,1011.2831674782259,-0.37074637017980905,1015.2920749292874,-4.700575625025694,container,0
864.6582046032189,2.505555628344209,860.6492971521574,6.835384883190094,853.3681231503384,0.09388285382052874,857.3770306014,-4.235946401025356,container,0
1009.3184287986085,172.06395351404709,1009.025033545178,119.19681955668221,1022.5954694989923,119.12150808814219,1022.8888647524228,171.98864204550705,container,0
1012.1024617767825,185.39522797851237,1016.2200814488134,181.16864915352863,1027.717365864423,192.36953915108586,1023.5997461923922,196.5961179760696,container,0
975.1869142984831,217.4004757621498,964.8985335828219,206.5656427209705,987.4385119281121,185.1624630265775,997.7268926437733,195.99729606775682,container,0
984.0157226818907,387.2183135509793,972.6837828647898,374.55174826165467,995.8492286807581,353.8271530910833,1007.181168497859,366.4937183804079,container,0
986.5671616122384,442.29044368855443,975.2352217951375,429.6238783992298,998.4006676111057,408.8992832286584,1009.7326074282066,421.56584851798306,container,0
981.950596205204,362.13101114328606,976.5558841908049,356.19462602165595,998.0923904378913,336.6232460288038,1003.4871024522903,342.5596311504339,container,0
985.8762502548896,478.62326113122975,980.4815382404905,472.68687600959964,1002.0180444875768,453.1154960167475,1007.4127565019759,459.0518811383776,container,0
1010.6145523611768,335.07509107986107,1010.3364526108807,284.9640665131355,1023.9068885646951,284.8887550445954,1024.1849883149912,334.999779611321,container,0
1015.2368379884138,434.1537974905236,1014.7818833070231,352.1751362668649,1024.0908262167343,352.1234746869812,1024.5457808981248,434.10213591063984,container,0
557.7373796846045,287.10768629405527,557.8877611561734,293.35494070821414,532.665979026888,293.96206961008716,532.5155975553191,287.7148151959283,container,0
413.093819507584,403.0829059867278,394.80716862773244,390.9448860937996,412.37664658765783,364.47541970401477,430.6632974675094,376.61343959694295,container,0
467.58937968652634,398.430522730882,450.8635468721852,387.32851762561955,469.1615349734869,359.76150725952766,485.887367787828,370.8635123647901,container,0
498.53658215404545,399.46598517745,481.8107493397044,388.36398007218764,501.98172155203275,357.9752074381158,518.7075543663739,369.07721254337815,container,0
538.0662484722,406.22513750496694,512.6220075049918,389.3361672364571,535.9752860351232,354.15306034195817,561.4195270023314,371.04203061046803,container,0
383.1494819126052,447.9341872235776,371.52695965709717,440.2195757690113,389.0964376170226,413.7501093792265,400.71895987253066,421.4647208337928,container,0
509.7361456002134,443.76480213260237,498.11362334470533,436.0501906780361,515.6831013046308,409.58072428825125,527.3056235601388,417.29533574281754,container,0
421.28317998076784,542.5039311900317,327.42734615084805,540.634266256929,328.0244209854618,510.6615393424132,421.8802548153816,512.531204275516,container,0
459.13805533926416,589.584781055218,310.4825953179551,586.6234744493893,311.1506888764462,553.0856587165324,459.8061488977553,556.0469653223611,container,0
353.7170078503844,634.7270281909556,294.55193135522074,633.5484241098518,295.1191578970501,605.0740600078797,354.28423439221376,606.2526640889835,container,0
555.6153700682534,633.7079090767731,367.2683350991587,631.9379968959254,367.60178580549757,596.4534951636467,555.9488207745923,598.2234073444945,container,0
495.71573867811156,581.8544700506922,490.01634459920035,577.5609225902311,507.1381116776652,554.832933950035,512.8375057565764,559.126481410496,container,0
531.7131053878437,574.0279403748308,525.7499275222997,570.1089925050771,536.2607244210641,554.1154775365097,542.2239022866081,558.0344254062634,container,0
553.840653826322,576.1357894006657,547.8774759607779,572.216841530912,561.6943114061074,551.1927682240547,567.6574892716515,555.1117160938084,container,0
552.1359568963823,528.6741390335128,546.1727790308382,524.7551911637592,559.9896144761677,503.7311178569019,565.9527923417118,507.6500657266555,container,0
532.7099677878854,531.8184799016981,527.6274391399999,528.1608916475698,542.3224314502703,507.7409552829158,547.4049600981558,511.39854353704413,container,0
500.55524966741103,534.3342632789693,495.4727210195255,530.676675024841,510.16771332979584,510.256738660187,515.2502419776814,513.9143269143153,container,0
446.9048611192273,535.2378713741622,441.8223324713418,531.5802831200339,456.5173247816121,511.1603467553799,461.5998534294976,514.8179350095082,container,0
546.9583441942893,482.99517635434756,542.2259693224415,478.8946059835799,558.7007187691952,459.8814728698053,563.433093641043,463.982043240573,container,0
582.630896242032,478.1426272544306,577.5922647352079,474.42479968557353,592.5292788929936,454.1812276641754,597.5679103998177,457.89905523303247,container,0
532.2048582580046,440.89142034043977,527.1662267511805,437.1735927715827,542.1032409089662,416.9300207501846,547.1418724157903,420.64784831904166,container,0
499.24405249649107,484.7863692910513,494.2054209896669,481.06854172219425,509.14243514745255,460.82496970079615,514.1810666542767,464.5427972696532,container,0
605.8074607916619,451.97848849236624,599.5456984801019,451.9589424738164,599.6242279843352,426.8012312652747,605.8859902958952,426.8207772838245,container,0
483.65969143640194,434.27154378593457,478.62105992957777,430.5537162170775,493.5580740873634,410.3101441956794,498.5967055941876,414.02797176453646,container,0
439.7765369472001,391.61423496915916,434.7379054403759,387.8964074003021,449.849433111995,367.4163237944149,454.88806461881916,371.13415136327194,container,0
384.19837890138405,393.72093208818393,379.1597473945599,390.0031045193269,395.93034868346496,367.2745410026923,400.96898019028913,370.9923685715493,container,0
399.87152748256256,444.3734061379849,394.8328959757384,440.65557856912784,411.60349726464347,417.92701505249323,416.64212877146764,421.6448426213503,container,0
447.7881817053049,442.6301835202446,442.74955019848073,438.91235595138755,459.5201514873858,416.18379243475295,464.55878299421,419.90162000361,container,0
419.3952059096795,490.0583070058893,414.3565744028553,486.34047943703223,431.1271756917604,463.6119159203976,436.16580719858456,467.32974348925467,container,0
430.9966324444967,443.3471955784257,420.6253671719112,435.6946065962535,437.3959684608163,412.9660430796189,447.7672337334018,420.6186320617911,container,0
431.9764809109949,535.203726966185,426.8939522631094,531.5461387120566,441.5889445733797,511.1262023474027,446.6714732212652,514.783790601531,container,0
468.1267404605952,162.71002891438818,476.4521927961019,162.47032583801337,477.10253185208387,185.05813277975946,468.7770795165772,185.29783585613427,container,0
490.63541125533874,163.16343058290886,503.8155115494107,162.7839544343345,504.46585060539275,185.3717613760806,491.2857503113208,185.75123752465495,container,0
509.41501290968927,162.41262222026594,520.0538605058483,162.10631279765283,520.7041995618304,184.69411973939893,510.0653519656713,185.00042916201204,container,0
525.8330164321832,162.56497138099581,543.9255988894364,162.04405702105495,544.5759379454183,184.63186396280105,526.4833554881651,185.1527783227419,container,0
98.42541971215532,627.8195316679373,103.79324802974277,627.8195316679373,103.79324802974277,652.728122045213,98.42541971215532,652.728122045213,container,0
356.41306056624256,732.7166240913781,356.4757489651553,724.3523393790842,382.1269327307554,724.5445891285598,382.0642443318427,732.9088738408536,container,0
356.1747290075165,745.2235620831348,356.2374174064292,736.8592773708409,381.8886011720293,737.0515271203165,381.8259127731166,745.4158118326103,container,0
367.8524709066876,791.7789251397608,366.14887372092113,767.4986253479696,386.93772098322825,766.0400016079377,388.6413181689947,790.3203013997289,container,0
