92.15133414924118,200.10017132756207,99.6313202946659,196.90667414584465,108.14005146094534,216.8362960046893,100.66006531552063,220.02979318640672,container,0
109.50474320648856,193.14151233206383,116.98472935191327,189.9480151503464,125.49346051819272,209.87763700919106,118.013474372768,213.07113419090848,container,0
109.74771323946148,219.83371606247897,122.01266307922835,214.59733166474066,131.45216669332254,236.70706035256745,119.18721685355565,241.94344475030576,container,0
117.0699662235903,245.0519075606964,144.336583372876,233.4107275734216,153.1709015811311,254.1029574524174,125.90428443184541,265.7441374396922,container,0
100.46741878284404,195.17361354891895,103.7626500122061,193.63291322200388,108.9998377682111,204.83414706750804,105.70460653884903,206.3748473944231,container,0
107.67535676488389,201.54330631097866,110.97058799424595,200.0026059840636,116.20777575025095,211.20383982956776,112.91254452088889,212.74454015648283,container,0
101.67487033323269,222.86211228408257,105.94597702976773,221.06778492088762,114.9190718791638,242.42678901680637,110.64796518262875,244.22111638000132,container,0
126.09275554797404,212.63106231046334,130.36386224450908,210.83673494726838,139.33695709390514,232.19573904318713,135.0658503973701,233.99006640638208,container,0
102.88658547848463,262.2871409168595,107.73406364772147,260.25067511547644,112.3565443704771,271.2537444408038,107.50906620124026,273.2902102421869,container,0
101.95574508548144,251.0406204186982,111.26305960838073,247.06696563908116,120.10832389521157,267.78483403016395,110.80100937231228,271.758488809781,container,0
149.325384246609,243.80340230322633,154.11117051614414,241.79285378080334,158.91473735741087,253.2269693852473,154.12895108787572,255.23751790767028,container,0
113.76090751377211,274.3936228340043,158.69328481547794,255.2102423449068,167.52760302373304,275.9024722239026,122.59522572202722,295.0858527130001,container,0
118.36134568919348,299.4576860658824,146.35304102910965,287.5069419813907,155.4686940639419,308.8581298883033,127.47699872402573,320.808873972795,container,0
152.20374446910859,286.6648847200335,168.49394508040953,279.7099641185266,177.39636890626855,300.56171475082675,161.1061682949676,307.51663535233365,container,0
161.10436918666792,310.320409037088,178.89640518181315,302.72429646376924,187.966779876946,323.96943093322204,170.17474388180077,331.5655435065408,container,0
127.67736872484852,323.46716528142156,157.0631454047992,310.92123361985017,166.2864632534126,332.5246000225019,136.9006865734619,345.0705316840733,container,0
154.25682595271758,340.6453482375863,187.41062361832698,326.4907017783661,196.797453784742,348.47705579684055,163.6436561191326,362.63170225606075,container,0
154.8647758731151,368.2911354956333,188.46523876196255,355.2321458833827,197.12547043841852,377.514711510099,163.52500754957106,390.5737011223496,container,0
156.98995468139077,394.6054766741938,208.39454700110764,373.9130220408016,236.74800800862744,444.3492331992651,185.34341568891057,465.0416878326573,container,0
212.9574256862137,493.6024767540901,226.981368758367,487.95726505788724,235.906371895623,510.1289288769528,221.8824288234697,515.7741405731557,container,0
401.58647864387086,402.1388486301828,435.84450571167497,379.2416277264143,449.0674243350754,399.02529955364764,414.80939726727127,421.9225204574161,container,0
393.8643228951542,390.18220656903617,398.68958462867903,387.18127027975703,405.46437842728136,398.07458827044655,400.63911669375653,401.0755245597257,container,0
441.1062265093933,375.613432279399,447.6474933503904,371.5452747109459,459.35217859513455,390.3654576039269,452.81091175413746,394.43361517238003,container,0
446.8668054082615,469.41671092108396,452.60943246601227,465.8452449809739,464.4179112893851,484.8323195153842,458.6752842316343,488.40378545549424,container,0
458.13937516224473,490.4594108840321,504.5052588635124,460.9380358198661,517.285503164913,481.01051955968387,470.9196194636454,510.53189462384984,container,0
448.3716712350711,405.0681353707538,464.26966478151127,394.945808504819,477.04990908291194,415.01829224463677,461.1519155364718,425.14061911057155,container,0
507.9613273477968,523.6615297052662,516.725013600698,518.0816496692581,528.3015985179574,536.2636817990227,519.5379122650561,541.8435618350308,container,0
502.2487185285981,558.4008249103609,549.3796188286215,528.3923601988221,576.6836791315568,571.2757584763971,529.5527788315335,601.2842231879359,container,0
534.4534985532425,603.969874689229,539.5355987135699,600.7217374364907,552.3700918746251,620.8028407508692,547.2879917142977,624.0509780036075,container,0
576.7400462372543,577.8789405795654,581.8221463975817,574.6308033268272,594.6566395586369,594.7119066412057,589.5745393983095,597.960043893944,container,0
748.966896705317,878.7911600576152,752.1338750932155,876.8545860640565,763.7782673385233,895.8972555947647,760.6112889506248,897.8338295883234,container,0
766.1508813592175,878.396212185441,770.090893597001,875.9869361186542,777.6308269460271,888.317374326533,773.6908147082436,890.7266503933198,container,0
753.8326505874222,874.8743517395883,759.5950505399185,871.3258900527217,771.1766625738151,890.1334428807438,765.4142626213188,893.6819045676104,container,0
316.9914545317969,31.25179385449577,310.15652649610684,19.89191080616543,350.08917238460015,-4.134459866960494,356.9241004202902,7.2254231813698455,container,0
321.6450134381367,37.54246068862077,318.670063318753,32.60215568644242,337.511859793063,21.256013161651985,340.4868099124467,26.19631816383033,container,0
309.6789224601942,19.263678996560383,306.70397234081054,14.323373994382035,325.54576881512054,2.977231469591594,328.5207189345042,7.917536471769942,container,0
352.65091741326404,83.23640383148685,345.5269702415352,71.3961611411842,385.24022820268493,47.50179012764216,392.3641753744138,59.34203281794481,container,0
376.33498105418346,117.80573485995197,372.7622716344708,111.86777019350954,412.4755295956205,87.97339917996752,416.0482390153332,93.91136384640994,container,0
390.2807052999598,141.3123119336668,386.7311553984402,135.36047419442653,426.5371968215476,111.62099462465753,430.08674672306717,117.5728323638978,container,0
370.3450182433763,110.64768865027072,367.3700681239926,105.70738364809237,386.2118645983026,94.36124112330192,389.1868147176863,99.30154612548027,container,0
383.5459409533433,128.25881133044047,381.0014859153252,124.03340134113179,418.96615878276776,101.17185574231584,421.51061382078586,105.39726573162451,container,0
380.19955231917936,122.7073505633709,377.65509728116126,118.48194057406221,405.7078502018817,101.58914941769869,408.2523052398998,105.81455940700738,container,0
388.07203743779286,133.3253258506295,385.09708731840925,128.38502084845115,402.6282121665035,117.82813783479699,405.6031622858871,122.76844283697534,container,0
430.6531124212927,33.43866153825252,423.89292869579265,22.65478023384689,460.6844587108401,-0.4090402425857249,467.44464243634013,10.374841061819904,container,0
456.6105607737029,32.19973770822748,450.3848443934027,22.268441576910416,487.2929394483449,-0.8684510210909533,493.5186558286451,9.062845110226114,container,0
521.8107776776482,91.27101992251743,477.8269323007882,21.10775408312564,516.0174406553066,-2.8330558867794764,560.0012860321665,67.33020995261231,container,0
548.118501146355,45.57625699011549,531.8176290386823,19.5730184532167,570.0081373932006,-4.3677915166884205,586.3090095008733,21.635447020210368,container,0
589.2367916255192,22.98337540994407,578.232067847202,5.428581068261359,594.1483083314714,-4.548968466612063,605.1530321097887,13.005825875070649,container,0
531.3631185738191,17.46425023273237,528.2894569493434,12.561128738678473,544.2056974336128,2.5835792038050513,547.2793590580885,7.4867006978589465,container,0
553.0122370604057,53.05551530295824,549.8841069309922,48.06550535794947,568.9360044812798,36.12227971184272,572.0641346106934,41.112289656851495,container,0
562.5329639424933,66.6002958810262,559.4048338130798,61.610285936017426,578.4567313633675,49.66706028991068,581.584861492781,54.65707023491945,container,0
449.7004926843166,61.54619980116069,442.9536130594837,51.215022957501105,478.82772325065605,27.787072127642325,485.57460287548895,38.11824897130191,container,0
465.0666131427088,59.9987850101098,461.93352850269815,55.20124106654123,486.8918217040151,38.90197502755986,490.02490634402574,43.69951897112843,container,0
468.52930569065336,66.65752473919046,465.3962210506427,61.859980795621894,490.3545142519596,45.56071475664052,493.48759889197026,50.35825870020909,container,0
479.74473043949047,108.84560309714021,457.74580916467966,75.15969810140034,494.0799063229431,51.431348126030855,516.0788275977538,85.11725312177073,container,0
466.1907420005483,261.54295120290243,448.54429298837545,233.2235077820501,487.88000814378347,208.71258496722686,505.52645715595634,237.0320283880792,container,0
510.9255988553801,331.4344634395601,485.74606763468825,291.02574952345856,506.06331020629506,278.36564248040077,531.242841426987,318.7743563965023,container,0
569.3717954248729,370.92723585718596,556.9424623881544,352.5102324561358,574.2716175230481,340.8150703428316,586.7009505597666,359.23207374388176,container,0
563.960706648005,409.2434075910076,551.5313736112865,390.82640418995743,588.7803000683305,365.6877156577918,601.209633105049,384.10471905884197,container,0
519.6967296708043,294.9521392429494,512.5210941008543,283.43650766224573,529.0752305772645,273.12127226265346,536.2508661472145,284.6369038433571,container,0
497.0959374302135,259.44294015499605,490.2599088956517,248.47231806698778,507.13833036707894,237.95501377271643,513.9743589016407,248.9256358607247,container,0
474.87468198328344,272.58053480201573,472.1688336537502,268.237979125831,490.6766790309185,256.70573262598435,493.3825273604517,261.0482883021691,container,0
481.78903744048796,284.8727557706501,478.95303128328834,280.32131269779813,497.33173927320286,268.86953176008524,500.1677454304025,273.4209748329372,container,0
505.6190405480675,277.82301803990856,502.7830343908679,273.2715749670566,521.1617423807824,261.8197940293437,523.997748537982,266.37123710219566,container,0
527.8189814149326,303.7963363655919,525.2850427932046,299.7296747479443,539.1043184714287,291.1188780656242,541.6382570931567,295.1855396832718,container,0
535.9773851873305,356.3641274298971,533.4434465656025,352.29746581224947,547.2627222438265,343.6866691299294,549.7966608655545,347.753330747577,container,0
539.5708240111237,370.5302656801509,536.995435445095,366.39708197073065,554.3972256654533,355.55401891989294,556.972614231482,359.68720262931316,container,0
549.0936830515545,373.1714790110242,546.1652974305418,368.4717781956501,557.4439655960757,361.4440351588855,560.3723512170884,366.14373597425964,container,0
548.7969477994831,382.8400992358707,545.1471858750973,376.98267766923095,560.5574549500787,367.38053230978886,564.2072168744645,373.2379538764286,container,0
604.4411831810676,471.2531604731196,592.1287297798649,452.7578144299884,629.5361065151535,427.8555183691087,641.8485599163562,446.3508644122399,container,0
637.0621152677288,522.0983172783244,607.4489747893573,477.614471311619,645.8366146742853,452.05960869033515,675.4497551526568,496.54345465704057,container,0
637.1150224967906,456.0985020872243,634.5111839447845,451.8394472223137,643.2004054922407,446.5271582826728,645.8042440442468,450.7862131475834,container,0
660.4825498114272,514.4879641129287,657.6837363025137,509.9099919948294,675.9524611283097,498.741126716923,678.7512746372232,503.31909883502226,container,0
692.2107623981159,543.1602964237265,689.6703282331446,539.0049510468136,699.2708181195572,533.1355442236379,701.8112522845286,537.2908896005508,container,0
655.8444429687538,552.7490260747836,640.5792333847285,530.5237424085703,659.4753113743232,517.5451638149593,674.7405209583485,539.7704474811726,container,0
677.2317074242694,538.9751235013466,665.422848409388,521.7820912055626,683.1615435097287,509.5984492543253,694.9704025246101,526.7914815501093,container,0
675.2743970161926,581.4657868270176,664.0730117471037,563.5146868544491,703.0287839995058,539.2065043965024,714.2301692685946,557.1576043690709,container,0
680.7387289331195,592.5722833522503,677.451838624439,587.3047833857225,716.7528871541995,562.781150475554,720.03977746288,568.0486504420818,container,0
698.5099479127736,590.8053163073045,695.223057604093,585.5378163407767,722.0574292661662,568.7933195745546,725.3443195748467,574.0608195410824,container,0
714.3520930552129,643.8934726214545,703.2885638318469,626.1632977933344,742.1700544879684,601.9014666330581,753.2335837113344,619.6316414611782,container,0
726.0097951425124,661.189441184998,719.3254629430329,650.4772736556978,758.2069535991544,626.2154424954215,764.8912857986339,636.9276100247217,container,0
744.3882955107747,688.8315301699836,731.5518022479193,668.260041169011,770.4332929040409,643.9982100087348,783.2697861668962,664.5696990097074,container,0
767.996636230447,723.8430124979187,761.3123040309675,713.1308449686185,800.193794687089,688.8690138083422,806.8781268865686,699.5811813376424,container,0
757.7374311616522,705.9137842213876,754.0238526977265,699.9624829617239,791.1148867463376,676.8178866393661,794.8284652102633,682.7691878990297,container,0
780.9668107031421,746.4914583034786,770.6853527755686,730.0146141732312,810.833976810211,704.9620989221846,821.1154347377844,721.438943052432,container,0
750.5481743042819,694.0142839635495,746.8910212503845,688.15340885673,783.2120172285388,665.4893119529166,786.8691702824362,671.3501870597361,container,0
732.8112101687702,664.3867386839871,730.5170009283142,660.7925091012537,746.0191051339186,650.8974620831492,748.3133143743746,654.4916916658826,container,0
754.4524492866652,698.9219648029924,752.1582400462092,695.327735220259,767.6603442518136,685.4326882021545,769.9545534922696,689.0269177848879,container,0
800.3528408440502,710.591189015323,797.8923765136833,706.7364954121767,807.2717981835035,700.7495779463565,809.7322625138704,704.6042715495028,container,0
805.1156131351596,773.4548764127762,797.8411970704173,761.7970531272399,833.7413777026969,739.3955426289108,841.0157937674393,751.0533659144471,container,0
815.0129498997742,790.1136743750685,812.4433969413262,785.9957638725884,848.3435775736059,763.5942533742593,850.9131305320539,767.7121638767394,container,0
828.2099416516875,810.9536115137555,820.416370720745,798.463801765784,856.3165513530247,776.0622912674548,864.1101222839671,788.5521010154264,container,0
837.4273851983501,767.2707177818173,832.1216022788084,758.767783784513,841.5786526838322,752.8666376008395,846.8844356033738,761.3695715981438,container,0
818.6830629759029,797.7261494026221,815.3215484490083,792.45982288702,831.602308074808,782.0677574066766,834.9638226017025,787.3340839222788,container,0
899.3407828694097,927.2273314875949,868.7347079801657,876.4201719586634,907.1033118432191,853.3070443184604,937.7093867324631,904.1142038473919,container,0
866.5884265792672,874.8138815739857,863.390752851143,869.5056308487882,892.2932251252569,852.0948714379593,895.490898853381,857.4031221631568,container,0
944.5956635391826,997.2230418298649,918.0589149249873,953.1711068757885,955.9608093155289,930.3391235703535,982.4975579297242,974.3910585244299,container,0
975.6987929811448,1043.702150771372,951.0477990484104,1002.7806348363996,988.949693438952,979.9486515309646,1013.6006873716864,1020.8701674659372,container,0
929.8762241357363,927.2065138385979,923.1963162079988,915.9887677190007,940.7071220878038,905.5614884981565,947.3870300155412,916.7792346177536,container,0
921.4941047670582,942.1789802805214,918.1560290334904,936.9493742186918,948.4019819219186,917.6432773192674,951.7400576554863,922.872883381097,container,0
969.4089095745635,991.4791939664997,966.3281168212932,986.6526610344494,983.6807810188461,975.5763951387466,986.7615737721164,980.402928070797,container,0
918.6126795764733,998.6368527356342,936.947495463353,986.7652911707488,950.0238302150235,1006.9607969461849,931.6890143281438,1018.8323585110703,container,0
892.5156991195136,952.7978338076562,904.7225243637399,944.894068736182,916.709966071124,963.4078535873423,904.5031408268976,971.3116186588164,container,0
558.333761309987,197.07109091174982,554.6062648844579,191.52262023720743,584.4455254416125,171.47642307921308,588.1730218671416,177.02489375375546,container,0
595.4349598444131,172.63248838688799,592.1218307935953,167.45005561833128,630.0415114351594,143.20800538015965,633.3546404859771,148.39043814871636,container,0
640.135520895971,144.13802444955007,636.8223918451532,138.95559168099336,671.4396655736527,116.82477004335065,674.7527946244705,122.00720281190739,container,0
554.8310137291189,228.97761900358046,545.1075547388548,213.7680778954779,637.7732093775664,154.52692878510248,647.4966683678306,169.73646989320505,container,0
585.6965738928834,282.6277137090743,553.3639313871219,232.05263998095344,611.0199042497161,195.19317895654697,643.3525467554776,245.76825268466783,container,0
645.8893381114585,246.3519647185655,616.483645294241,200.35525776854644,748.9452485257702,115.6725603977323,778.3509413429878,161.66926734775137,container,0
632.3874289232098,187.60806679258292,629.5274888273909,183.082107796257,648.753752948554,170.93308839560524,651.6136930443729,175.45904739193116,container,0
646.2316318769132,163.2644734809989,643.3716917810943,158.738514484673,662.5979559022575,146.58949508402128,665.4578959980763,151.11545408034718,container,0
741.5923532420181,103.98488407305632,738.7324131461993,99.4589250767304,757.9586772673624,87.30990567607867,760.8186173631813,91.8358646724046,container,0
749.3366806683377,114.02274723725382,746.4767405725189,109.4967882409279,765.703004693682,97.34776884027617,768.5629447895009,101.8737278366021,container,0
757.0810080946572,125.16968964260559,754.2210679988384,120.64373064627966,773.4473321200015,108.49471124562794,776.3072722158204,113.02067024195387,container,0
765.6571367292564,136.8711716685345,762.7971966334376,132.3452126722086,782.0234607546007,120.19619327155685,784.8834008504195,124.72215226788278,container,0
722.620582178116,91.0243943568499,719.8270739841828,86.60356625624512,729.3235670459354,80.60276039410208,732.1170752398687,85.02358849470686,container,0
741.9976904024577,79.39333989005857,739.2041822085245,74.97251178945379,748.7006752702771,68.97170592731075,751.4941834642103,73.39253402791553,container,0
643.5978365258137,156.36854327061715,640.7646936910102,151.93691020112857,677.6485979581072,128.35703175555946,680.4817407929107,132.78866482504804,container,0
712.1712839533837,137.33907268517513,698.1713867888557,115.44028012109862,735.0552910559528,91.86040167552952,749.0551882204809,113.75919423960602,container,0
691.4596847208078,150.2581593181864,681.6051128425655,134.84352999389426,701.3773165171723,122.20316101689937,711.2318883954146,137.6177903411915,container,0
652.9990499658772,174.23415729025106,646.9083541362168,164.70702412797567,683.398427974857,141.37892145874332,689.4891238045175,150.9060546210187,container,0
780.0169098984541,159.23250004952072,769.1566454215027,142.24475534134143,785.8288073081224,131.5862429489308,796.6890717850737,148.57398765711008,container,0
600.4960162716085,284.18135904207685,596.6765305191889,278.0680382175604,635.7356513256717,253.66464770284819,639.5551370780913,259.77796852736464,container,0
624.0923680303271,276.5258062704902,621.140175733491,271.8006417284333,648.7769392624599,254.53372124904945,651.729131559296,259.25888579110637,container,0
647.4402752532865,252.47658654052708,644.7744529654616,248.20977473312712,673.6949600179687,230.14079588994014,676.3607823057936,234.4076076973401,container,0
661.2571105111018,252.33633366738454,658.5912882232769,248.06952185998455,678.681996338583,235.5172322607385,681.3478186264078,239.78404406813848,container,0
690.2150716123657,232.31299873341703,684.450098639211,223.246234301497,797.9911019017651,151.0528052046642,803.7560748749198,160.11956963658423,container,0
712.7115054096244,226.5527957245749,709.7111290130283,221.834004132367,804.8899260562328,161.31592221995734,807.8903024528288,166.03471381216525,container,0
612.0324911728425,315.9303554829027,598.3043901359023,294.33971511405116,692.0605825576389,234.72617607973524,705.7886835945791,256.3168164485868,container,0
628.4752978534714,346.13361271841234,614.1766596294334,323.6456695696251,707.9328520511701,264.0321305353092,722.2314902752081,286.5200736840964,container,0
669.0842858429022,287.3462355554959,666.4603234859959,283.21944282306174,685.9976734116873,270.7968972573966,688.6216357685936,274.9236899898308,container,0
623.419085206308,316.28917000617287,620.7951228494017,312.1623772737386,657.5365929288921,288.8008370470469,660.1605552857984,292.92762977948115,container,0
698.3084200319464,268.18849453363123,695.7439011559534,264.1300503392869,705.3145002358325,258.0824171035964,707.8790191118255,262.1408612979407,container,0
637.1994533268094,359.35118469356524,629.7161825574157,347.58199625811005,666.392110217349,324.26213024499015,673.8753809867427,336.03131868044534,container,0
671.2819575163044,328.326365432643,668.058836074611,323.25725531133196,702.6366753527448,301.2714289004523,705.8597967944381,306.34053902176333,container,0
715.8885209760672,304.7049245336933,710.8196586850718,296.73295648730226,726.7821300242285,286.5834465330098,731.850992315224,294.55541457940086,container,0
688.6993777792135,398.3520410425921,659.8962157408612,353.0523516403622,831.947007460975,243.65630724944197,860.7501694993273,288.95599665167185,container,0
665.990952407363,406.700885515401,648.358250096442,377.0532084253546,666.091375533369,366.5065837801297,683.72407784429,396.1542608701761,container,0
642.6499912255925,370.7240373019873,639.8121867744251,366.2069379909309,657.97735867411,354.79492286277707,660.8151631252774,359.3120221738335,container,0
702.5365338392132,464.284521105237,668.7241845082286,411.1485557871522,879.9518285324859,276.7367154196219,913.7641778634705,329.8726807377067,container,0
712.1124312346192,465.73371373278167,709.5506853250489,461.70794076822955,752.2242832891977,434.55317670332033,754.786029198768,438.57894966787245,container,0
765.397157612959,432.41612393700814,762.8354117033888,428.390350972456,800.3024905463134,404.54868458576607,802.8642364558835,408.5744575503182,container,0
716.0157246098945,471.4569933614995,713.1573482395607,466.9650668705796,764.4568478478568,434.32132753363646,767.3152242181906,438.81325402455633,container,0
719.550227127356,477.9426309769739,716.67548468685,473.4249852753434,779.1534838556149,433.6679596760315,782.0282262961209,438.185605377662,container,0
722.407703052925,484.41930656658,719.532960612419,479.9016608649495,811.6984357519837,421.2534134299021,814.5731781924896,425.7710591315326,container,0
790.7992448682947,430.7430788489528,784.8522817254793,421.3974511845954,803.609769703637,409.46137865269486,809.5567328464524,418.80700631705224,container,0
730.7233219976512,503.44159520422903,723.9625693645095,492.81710076516407,778.8697154459859,457.8776846284555,785.6304680791276,468.50217906752044,container,0
760.8113957948223,468.7734829823745,757.4977086326538,463.56603748959367,814.8316550063058,427.0823599708932,818.1453421684743,432.28980546367404,container,0
804.8049350499031,495.9330691999717,784.1444733032913,463.4652401213937,823.2393017934954,438.58777737026895,843.8997635401072,471.05560644884696,container,0
805.5950883992432,448.64335379477944,802.5581754137851,444.12712463872964,819.2067190360049,432.9319047842286,822.243632021463,437.4481339402784,container,0
765.7770848043103,506.3035963924167,758.7102028257056,495.1980209694738,790.3458387557228,475.06711402216877,797.4127207343275,486.17268944511164,container,0
784.2800524421203,503.5965692895944,781.543514665106,498.89225985396286,798.8853939509737,488.804337611699,801.621931727988,493.50864704733056,container,0
757.7613307760092,526.7458640287267,755.1525301124307,522.2611440733002,785.1456095402797,504.8139085063479,787.7544102038582,509.29862846177446,container,0
786.4926362141823,525.9837593240117,779.0696541141115,513.9140219903339,845.2738130231032,473.19795063387915,852.6967951231741,485.26768796755687,container,0
706.9145919494351,256.11360627937097,696.2577661421861,239.35326245186863,752.0313307691081,203.89043609247494,762.6881565763571,220.65077991997728,container,0
771.2254071658035,231.20295856535628,760.0250857544903,213.58784115352313,817.0322979813757,177.34061754574074,828.2326193926889,194.9557349575739,container,0
773.3158809996285,195.63465131636957,770.8431230190972,191.74566272769312,807.9812938468399,168.13188598275093,810.4540518273711,172.02087457142738,container,0
758.908277015634,213.33758084635178,756.0483369198151,208.8116218500259,775.2746010409783,196.66260244937416,778.1345411367971,201.18856144570006,container,0
795.5950905209438,189.44231198405197,792.735150425125,184.91635298772607,811.9614145462881,172.76733358707435,814.8213546421069,177.29329258340024,container,0
714.8263286595776,268.2149366967056,707.4521960956706,256.61739354116366,762.6380881900735,221.52823038791988,770.0122207539805,233.12577354346186,container,0
396.97754581488124,150.92549473171695,391.4146252879635,142.40634722822932,411.94236360055453,129.0019336077867,417.5052841274723,137.52108111127433,container,0
766.4294033264798,267.30859083142457,752.9627345241324,246.12911361927831,829.519190294631,197.4517820583454,842.9858590969784,218.63125927049163,container,0
733.7337390302499,271.11125063666316,727.7241691621318,261.659800545723,749.594578423549,247.7538124448273,755.6041482916671,257.2052625357675,container,0
724.6382657610367,286.93591875953354,720.0046259111878,279.64843949873375,757.3689918805229,255.8908397960285,762.0026317303718,263.1783190568283,container,0
828.8479007640731,234.97016751963042,825.9879606682542,230.44420852330452,845.2142247894174,218.2951891226528,848.0741648852362,222.8211481189787,container,0
851.0496308178165,269.74447151346413,836.1853750935201,246.36696293960117,853.9330536984751,235.08235438248485,868.7973094227715,258.4598629563478,container,0
858.1187822357443,280.0160966054634,855.7485731939547,276.2651547757572,872.3671758318536,265.76390894936094,874.7373848736432,269.51485077906716,container,0
852.9551877313985,483.6350633116549,801.8019832574894,403.1847199947862,915.9603016316274,330.59877988027733,967.1135061055365,411.04912319714606,container,0
885.0626061027696,743.0108230443213,777.0613104205058,573.1535989336307,874.3562286069583,511.2900115445598,982.357524289222,681.1472356552504,container,0
888.6039550782259,745.2006063672299,980.3232193210501,685.5692676178763,994.210381175166,706.9291816227307,902.4911169323418,766.5605203720842,container,0
955.9892211632656,555.5954912359488,935.8785945089793,523.9668408846316,1009.3224326930832,477.2686228648157,1029.4330593473696,508.89727321613293,container,0
976.1671638842927,586.4857542056315,957.7562338250908,557.5302731311051,1011.5932474011765,523.2987751637783,1030.0041774603783,552.2542562383046,container,0
993.3499607634815,615.7553175826284,975.6795718402778,587.9645101437823,1012.9347518629888,564.2763347694648,1030.6051407861926,592.067142208311,container,0
1003.2847300778748,625.7126007800828,996.9929171597021,615.8172576718972,1011.5840444358083,606.5396973000325,1017.875857353981,616.435040408218,container,0
1014.9430620112065,652.9527930505334,1000.255337165431,629.8529204513683,1022.4797845591014,615.7218222487123,1037.167509404877,638.8216948478774,container,0
1011.728662327365,481.57951932739894,1008.411324847186,476.1218809448004,1023.5326451557686,466.93063024387567,1026.8499826359475,472.3882686264742,container,0
920.3446807764983,800.5184656776999,1014.0161287950896,739.617913388587,1028.130063547878,761.3266279377976,934.4586155292868,822.2271802269105,container,0
965.8101523719381,861.5988596149183,944.747028067141,828.4721845791222,1011.2111856169499,786.2118970382656,1032.274309921747,819.3385720740617,container,0
997.5735860612116,916.0207801600712,972.2315372938679,876.164498532094,1011.5912436346283,851.1381900855048,1036.933292401972,890.9944717134821,container,0
978.5817094642387,862.5286702296802,975.4352208216768,857.5698566102637,986.078527233554,850.8164181238584,989.2250158761159,855.7752317432748,container,0
991.1933510615874,860.982279211485,988.6184900444132,856.9327097865521,1023.4588037943028,834.7799927227635,1026.033664811477,838.8295621476964,container,0
1008.1357922810158,925.8248089893608,1005.0485983459,920.9594428398847,1023.3507883197209,909.3462552296161,1026.4379822548367,914.2116213790922,container,0
