15.850356116217087,5.840648050061131,36.4139726636274,5.840648050061136,36.4139726636274,15.729005155685929,15.850356116217084,15.729005155685922,container,0
24.21482562292229,18.47522133348055,44.7784421703326,18.475221333480558,44.778442170332596,28.36357843910535,24.214825622922284,28.363578439105343,container,0
20.93355755677056,30.867175084132118,43.652844727212766,30.867175084132125,43.65284472721276,40.75553218975691,20.933557556770552,40.75553218975691,container,0
15.19904169247564,44.714846031390806,37.10286202517347,44.714846031390806,37.10286202517347,54.6032031370156,15.199041692475637,54.6032031370156,container,0
14.649566742325614,69.21149705833392,44.028947627213725,68.77988362868997,44.174202125503186,78.66717382262516,14.794821240615068,79.0987872522691,container,0
20.702746771574134,57.51860852961379,25.981332754609724,57.5186085296138,25.981332754609724,65.95124843863147,20.702746771574134,65.95124843863147,container,0
28.748320363369913,80.87559221068192,42.26653592557296,80.67699567100911,42.41179042386241,90.5642858649443,28.893574861659367,90.7628824046171,container,0
25.00527760300261,93.75278502686925,39.82630443575736,93.53504884491245,39.97155893404681,103.42233903884764,25.150532101292065,103.64007522080443,container,0
70.18532270864466,2.7233092830611874,96.04048860681678,2.7233092830611945,96.04048860681678,24.423100716787044,70.18532270864466,24.423100716787037,container,0
68.88892677417624,26.486426842772676,94.74409267234836,26.486426842772683,94.74409267234836,48.186218276498536,68.88892677417624,48.18621827649852,container,0
77.78255121595762,49.76430533694847,96.98667158976431,49.764305336948475,96.98667158976431,60.06956035298539,77.78255121595762,60.069560352985384,container,0
70.24080147539202,61.22747074756981,99.33235108330655,61.22747074756982,99.33235108330653,82.65342827092186,70.240801475392,82.65342827092186,container,0
69.94402975188964,86.6504723409833,87.7880176831417,86.6504723409833,87.7880176831417,107.64201787506127,69.94402975188964,107.64201787506127,container,0
136.09453735087146,3.4375712298266627,151.35390143891783,3.4375712298266663,151.35390143891783,23.89886718928316,136.09453735087146,23.898867189283155,container,0
127.67307291619416,26.83421970934337,149.6782450761824,26.834219709343376,149.67824507618238,47.295515668799865,127.67307291619416,47.295515668799865,container,0
125.0112981321758,50.716107254395766,149.93780603003836,50.71610725439578,149.93780603003836,71.17740321385227,125.0112981321758,71.17740321385226,container,0
136.9661106999083,74.84061433221603,146.06160199950085,74.84061433221603,146.06160199950085,83.6032802552707,136.9661106999083,83.6032802552707,container,0
124.28896599486778,85.66428176800348,150.40423298552264,85.66428176800348,150.40423298552264,94.42694769105815,124.28896599486778,94.42694769105815,container,0
180.8067505923539,4.027983629165201,196.06611468040026,4.027983629165204,196.06611468040026,24.4892795886217,180.8067505923539,24.48927958862169,container,0
177.2376768130336,26.696773510378332,201.56021132453918,26.69677351037834,201.56021132453918,47.15806946983483,177.2376768130336,47.15806946983483,container,0
182.5813646573984,50.821280588198604,202.28421245267145,50.821280588198604,202.28421245267145,59.340464222954495,182.5813646573984,59.340464222954495,container,0
177.75830251942583,62.10583886069184,190.6613925324348,62.10583886069185,190.6613925324348,72.65721834679346,177.75830251942583,72.65721834679346,container,0
192.15006629019084,74.32147531662324,206.21829904918422,74.32147531662324,206.2182990491842,84.87285480272485,192.1500662901908,84.87285480272485,container,0
178.02923946894754,86.53711177255461,195.29556476242885,86.53711177255461,195.29556476242885,96.01831592706354,178.02923946894754,96.01831592706354,container,0
232.06969121856832,4.618396028503739,254.97420712727939,4.618396028503746,254.97420712727939,48.908819253909996,232.06969121856832,48.90881925390999,container,0
238.35435277966903,51.263237052650716,258.61649727091714,51.26323705265072,258.61649727091714,94.74189204799904,238.354352779669,94.74189204799903,container,0
232.8593617129904,96.12856452441699,260.5188725250098,96.12856452441699,260.5188725250098,119.0061676874185,232.85936171299036,119.0061676874185,container,0
286.8180342082093,2.6226525303109707,299.0788605016896,2.6226525303109742,299.0788605016896,28.855886019166725,286.8180342082093,28.855886019166725,container,0
301.3881911397892,6.325086910322544,311.6935652741363,6.325086910322546,311.6935652741363,21.46129818464935,301.3881911397892,21.461298184649348,container,0
286.10316057541445,31.07227925264353,315.1089904875736,31.072279252643536,315.1089904875736,51.33502140287071,286.10316057541445,51.335021402870694,container,0
287.06278730448753,53.96383328570157,310.7763018895089,53.96383328570158,310.7763018895089,96.71566719556039,287.06278730448753,96.71566719556037,container,0
286.52270436977545,100.69743491106172,313.6690551432279,100.69743491106172,313.6690551432279,120.98835190077145,286.52270436977545,120.98835190077145,container,0
351.45634459929965,6.052063520235654,369.90347796361306,6.052063520235658,369.903477963613,27.890466398962268,351.4563445992996,27.890466398962268,container,0
342.82191860222275,29.462878355471204,356.7469738222216,29.462878355471204,356.7469738222216,51.301281234197816,342.82191860222275,51.301281234197816,container,0
346.63268704733997,53.60833490047487,360.5577422673388,53.60833490047487,360.5577422673388,74.17470430874064,346.63268704733997,74.17470430874064,container,0
340.770403799988,76.62325050831795,365.56018707816565,76.62325050831797,365.56018707816565,97.18961991658374,340.770403799988,97.18961991658372,container,0
351.30914587338265,99.06272494272856,355.48915112134904,99.06272494272856,355.48915112134904,121.68671896875703,351.30914587338265,121.68671896875703,container,0
410.80197632985323,5.817640884991011,420.70115360912894,5.817640884991015,420.70115360912894,26.031761315916132,410.80197632985323,26.03176131591613,container,0
424.275034091698,34.00761459399976,428.4550393396644,34.00761459399976,428.4550393396644,75.72883450023414,424.275034091698,75.72883450023414,container,0
406.95536821154616,53.78604846731203,419.35623262629014,53.78604846731203,419.35623262629014,74.00016889823715,406.95536821154616,74.00016889823715,container,0
411.3776318350724,77.41119099450486,415.5576370830388,77.41119099450486,415.5576370830388,94.55298079073438,411.3776318350724,94.55298079073438,container,0
396.10414003743404,101.75445604963305,433.3047888758151,101.75445604963306,433.3047888758151,126.77018768888696,396.10414003743404,126.77018768888695,container,0
470.1781991746109,1.6710608389158779,477.0095613040086,1.6225898282743856,482.4940419134823,774.5892071757413,475.66267978408456,774.6376781863828,container,0
3.7940539864712832,149.95434378730525,3.8039856008631645,144.91980280911173,26.260366120674718,144.9641024012545,26.250434506282836,149.99864337944803,container,0
32.037987227038286,149.59124803812995,31.983991237005522,136.9326725103378,52.97534580253995,136.8431325009263,53.02934179257271,149.50170802871844,container,0
57.75518140745747,148.197356147035,57.70118541742471,135.53878061924286,78.69253998295913,135.44924060983135,78.7465359729919,148.1078161376235,container,0
84.8158549896085,149.75911893975012,84.78166988770428,141.744918364539,105.7730244532387,141.65537835512748,105.80720955514292,149.66957893033862,container,0
110.60599921024894,149.708706450387,110.57181410834473,141.69450587517588,131.56316867387915,141.60496586576437,131.59735377578335,149.6191664409755,container,0
137.76338840590626,151.19934919835595,137.705437730717,137.6136551806173,158.69679229625143,137.52411517120578,158.7547429714407,151.10980918894444,container,0
280.7246991097802,152.2237202303783,280.6914835389493,144.43681213207262,301.6828381044837,144.3472721226611,301.71605367531464,152.13418022096678,container,0
302.7080021303562,154.59240932184576,302.7708812021276,150.41287703995587,355.70325334905846,151.20921935837276,355.64037427728704,155.38875164026265,container,0
333.6325818118086,149.4609691462154,333.6154873493163,145.45342072577716,354.3165144723486,145.36511912724825,354.3336089348409,149.3726675476865,container,0
357.5497420848181,152.90443298169237,357.51111557093026,143.8490078820167,381.9637690925686,143.74470347328366,382.00239560645645,152.80012857295932,container,0
383.73476675906244,155.85580732698892,383.79764583083386,151.67627504509903,407.78628644298675,152.03717271331092,407.72340737121533,156.2167049952008,container,0
46.45234513452812,167.86675312049687,46.47075319274131,158.53532725693867,68.68263186724664,158.57914452148572,68.66422380903344,167.9105703850439,container,0
82.22857545297367,166.1754661995088,82.23850706736556,161.14092522131526,103.77854906959112,161.1834171569411,103.76861745519923,166.21795813513464,container,0
105.7056932470443,164.38892661075434,105.71859873974354,157.84686514174612,116.7795635935906,157.86868505307595,116.76665810089135,164.41074652208417,container,0
120.88232824731952,167.2045762478383,120.8481431454153,159.1903756726272,142.05511056523798,159.09991595234413,142.08929566714218,167.11411652755524,container,0
143.94977456405704,167.90405702953205,143.91558946215284,159.88985645432095,165.1225568819755,159.79939673403788,165.1567419838797,167.813597309249,container,0
181.70331849818987,166.47168493128132,181.66913339628567,158.4574843560702,202.87610081610833,158.36702463578715,202.91028591801253,166.38122521099825,container,0
212.58755870805712,166.93429317075905,212.55337360615292,158.92009259554794,235.37871384546006,158.8227295991073,235.41289894736425,166.8369301743184,container,0
258.98781516094795,163.54269973088947,258.96499260098267,158.19228206316333,281.51696781322454,158.0960851233018,281.5397903731898,163.44650279102794,container,0
242.46803875569935,163.90293743101194,242.4452161957341,158.5525197632858,253.1504263137228,158.50685598243143,253.17324887368804,163.85727365015757,container,0
1.5750659200157155,194.83575509506082,16.63781308242897,194.8614629466761,16.60040408074196,216.78014920805637,1.537656918328702,216.75444135644108,container,0
1.5513861589082723,219.97697698076053,16.61413332132153,220.00268483237582,16.576724319634515,241.92137109375608,1.5139771572212588,241.89566324214078,container,0
1.4322017411193286,244.11257672493713,16.494948903532585,244.13828457655242,16.45753990184557,266.0569708379327,1.3947927394323152,266.03126298631736,container,0
1.3130173233303752,269.67045513096537,13.739482355013262,269.6916635941821,13.72819597269213,276.3045819284554,1.3017309410092421,276.28337346523864,container,0
53.470643992801826,197.8403575774413,72.26903853639958,197.87244112317978,72.23511988963915,217.74605825342087,53.4367253460414,217.71397470768238,container,0
50.067736869587726,222.9905461065246,76.12863165050636,223.0350246872752,76.09222331754901,244.36739901976253,50.031328536630376,244.3229204390119,container,0
48.88131347950831,246.9657413399617,53.76781200388548,246.9740812116749,53.73102643874772,268.5274834635753,48.844527914370545,268.51914359186213,container,0
107.55224751565174,191.43007660032444,124.61927425113973,191.4592051906207,124.60153943031818,201.85039329934258,107.5345126948302,201.82126470904632,container,0
103.20625084827145,204.96509746993465,119.82659771853011,204.99346370396407,119.79168202693714,225.45126944891402,103.17133515667848,225.4229032148846,container,0
100.3775736974773,229.4644523163652,111.44209707464255,229.4833363301581,111.40458168205207,251.4643591610554,100.34005830488682,251.4454751472625,container,0
115.73716420618508,228.9290795565717,130.18299770439444,228.95373451094537,130.14548231180396,250.93475734184267,115.6996488135946,250.910102387469,container,0
101.87452453871764,255.4828682153822,114.58037130477987,255.50455350424664,114.54432649063888,276.62393485304784,101.83847972457664,276.6022495641834,container,0
119.5459805315916,255.83757341198955,129.56482400472478,255.8546727457689,129.52871247029384,277.0131468539948,119.50986899716064,276.9960475202154,container,0
48.86604307210948,271.65269753966373,75.10876507677703,271.6974864480881,75.07272026263605,292.8168677968893,48.8299982579685,292.77207888846493,container,0
101.47392127596495,279.23159523903564,130.16879927738276,279.2805692845949,130.13093522542908,301.4658786467928,101.43605722401128,301.41690460123357,container,0
59.76692057993495,295.65092256474156,75.1948113010726,295.6772536131964,75.15876648693163,316.7966349619976,59.73087576579397,316.77030391354276,container,0
45.68983621737641,319.8259381758705,74.50129063723465,319.8751111844233,74.463732295,341.88129907541514,45.65227787514176,341.8321260668623,container,0
47.98524051751848,346.0421190305833,68.25191746064642,346.076708519338,68.2167804431747,366.6641935467969,47.950103500046744,366.6296040580422,container,0
45.7164453510984,369.773448040069,74.10500955110636,369.82189929455507,74.06987253363462,390.409384322014,45.68130833362666,390.3609330675279,container,0
46.40757299949862,395.6525099557822,72.76237554697431,395.69749015401135,72.72723852950259,416.28497518147026,46.372435982026886,416.2399949832411,container,0
1.6947394855674762,353.0906318890394,1.9016025507638101,329.29206299471923,23.906991197654023,329.48333929232126,23.700128132457685,353.28190818664143,container,0
2.1222018183488762,324.83249630398564,2.2206210315383137,313.5098543263536,10.07103151934771,313.57809204198134,9.972612306158272,324.90073401961337,container,0
49.62880243072959,420.75057808741275,61.84809301354094,420.7714329624073,61.812955996069206,441.35891798986614,49.59366541325786,441.3380631148716,container,0
1.402436263624356,424.46029856180536,24.34447852401338,424.4994541429104,24.309341506541646,445.08693917036925,1.3672992461526228,445.0477835892642,container,0
1.366964410146915,459.98171810849834,24.309006670535936,460.0208736896033,24.29109941197909,470.5130965346014,1.3490571515900651,470.4739409534964,container,0
1.119703518406812,472.8911280638379,19.691762253359325,472.92282531832944,19.673854994802475,483.4150481633275,1.1017962598499622,483.383350908836,container,0
1.494388828974099,497.8725132001496,20.066447563926612,497.90421045464115,20.048540305369762,508.3964332996392,1.4764815704172491,508.3647360451477,container,0
4.834120675218733,523.2774764129864,31.551208007444735,523.323074928936,31.533300748887882,533.815297773934,4.816213416661883,533.7696992579845,container,0
50.0846962385679,444.06685717416616,72.54283914795501,444.10518687586296,72.50256353548154,467.7034780352196,50.04442062609443,467.6651483335228,container,0
56.53220322668926,531.6040520116651,71.40520041774245,531.6294360137159,71.36847120064482,553.149822815928,56.495474009591625,553.1244388138772,container,0
4.946557912821634,573.0761706579473,10.227658940854683,573.0761706579473,10.22765894085468,588.50769417768,4.94655791282163,588.50769417768,container,0
55.27115740839925,557.1170493064599,67.62215270054068,557.1381289641643,67.58709009950398,577.6820119060635,55.23609480736255,577.6609322483591,container,0
1.3315133533753691,597.9019481361671,17.74074735142591,597.929954060199,17.703940322899186,619.4959321432503,1.2947063248486455,619.4679262192185,container,0
1.2414667389131706,622.7775618902303,17.138364051239602,622.804693400362,17.118955787850126,634.1763851571038,1.2220584755236947,634.1492536469722,container,0
1.1001863812597774,636.2479111018735,16.99708369358621,636.2750426120051,16.977675430196733,647.6467343687469,1.0807781178703015,647.6196028586153,container,0
1.1752775741282866,650.800118066126,13.02979905687694,650.8203503833761,12.99221447976712,672.8419098152273,1.1376929970184682,672.8216774979771,container,0
53.26068547863422,580.1594809933705,71.02716025030321,580.1898033437514,70.99152547948187,601.0689320669452,53.22505070781287,601.0386097165643,container,0
53.30636313920797,604.3172950598465,71.87581120874027,604.3489878586702,71.84260384860636,623.8058478527856,53.27315577907406,623.774155053962,container,0
54.73056754964787,627.9001389452261,66.04236213477321,627.9194449810748,66.00505598748336,649.7778667830981,54.69326140235801,649.7585607472495,container,0
54.77989090304694,652.1558824622136,68.85594922425479,652.1799063148846,68.81864307696492,674.0383281169079,54.74258475575708,674.0143042642369,container,0
102.82881240169291,304.38551376173746,130.07071732646483,304.43200799296716,130.03285327451115,326.617317355165,102.79094834973922,326.5708231239353,container,0
105.76937841231464,328.2412029813078,130.07299247773864,328.2826823806081,130.03512842578496,350.46799174280596,105.73151436036096,350.4265123435057,container,0
101.9249683933995,352.74600685244394,125.08170647298722,352.78552885862416,125.04384242103353,374.97083822082203,101.8871043414458,374.9313162146418,container,0
101.21144386669363,378.11629692566754,128.13058867269717,378.16224029660924,128.093925779729,399.6437664578081,101.17478097372546,399.5978230868664,container,0
100.65778901007982,401.6852361721142,129.20628370452806,401.73396038274666,129.1696208115599,423.21548654394553,100.62112611711166,423.16676233331305,container,0
114.98033481510566,426.55240472169226,129.24516683224607,426.57675075770146,129.2085039392779,448.05827691890033,114.9436719221375,448.0339308828911,container,0
105.15549946726884,449.904972417617,129.44653439282337,449.9464303478813,129.4083949024674,472.29312460815396,105.11735997691287,472.25166667788966,container,0
100.44434533044708,475.9405156557186,123.36946694950427,475.9796423580718,123.32913498242652,499.61095281318023,100.40401336336933,499.57182611082703,container,0
100.14040222499841,502.3208922509228,123.58440473635548,502.3609045362869,123.54660122206471,524.5107436645724,100.10259871070764,524.4707313792081,container,0
101.61931968852707,526.6057775429796,127.66481329265355,526.6502298382749,127.64563523064697,537.8870419761764,101.6001416265205,537.8425896808811,container,0
102.06015733709297,540.062638773094,128.10565094121944,540.1070910683893,128.08864764882,550.0696619659602,102.04315404469351,550.0252096706649,container,0
101.41913723304933,552.9593325925459,128.54699619213935,553.0056321795497,128.52999289973988,562.9682030771207,101.40213394064986,562.921903490117,container,0
100.88635382214213,566.7215126140856,124.6537833146555,566.7620768978834,124.63678002225603,576.7246477954544,100.86935052974266,576.6840835116566,container,0
98.7192976720191,580.0509495345814,119.45967370295331,580.0863474937782,119.42131056556754,602.5640810456111,98.68093453463332,602.5286830864143,container,0
99.49510899269437,607.6141975745774,124.01844689099897,607.656051980351,123.98319235810258,628.3123916579669,99.45985445979798,628.2705372521933,container,0
103.2456756573357,632.6152189061356,113.64737909902406,632.6329716736582,113.63071796921683,642.3950626286696,103.22901452752846,642.3773098611471,container,0
118.1336267498536,632.7259432213401,126.41974545415577,632.7400852837288,126.40400682594127,641.9616640070727,118.1178881216391,641.947521944684,container,0
103.59985974005232,645.3321661649262,111.88597844435449,645.3463082273149,111.87023981613999,654.5678869506588,103.58412111183782,654.5537448882701,container,0
115.53716814359065,645.7082362526548,121.81828428970238,645.7189563424314,121.80162315989516,655.4810472974427,115.52050701378343,655.4703272076662,container,0
123.72241393859014,645.3321661649261,128.38534454251914,645.340124469395,128.37266988261143,652.7664625553659,123.70973927868245,652.758504250897,container,0
99.50467128282212,656.853909644477,109.31385423925711,656.8706511470191,109.29319506258572,668.975278147419,99.48401210615073,668.9585366448769,container,0
115.41522799312713,657.1988879053968,125.22441094956213,657.2156294079389,125.20375177289074,669.3202564083388,115.39456881645575,669.3035149057966,container,0
100.16334540371066,671.9036743846759,113.83351798436169,671.9270055051195,113.81779483225652,681.1395164648216,100.1476222516055,681.116185344378,container,0
117.97460249242101,672.3921837213501,126.19580161397928,672.4062149843619,126.18056126279828,681.3358431750524,117.95936214124,681.3218119120406,container,0
104.54358704243717,685.7810483862895,125.36642726662465,685.8165870885541,125.35118691544363,694.7462152792448,104.52834669125615,694.7106765769802,container,0
99.98742693287691,698.1936708211256,125.94676034337445,698.2379760653254,125.92579733279429,710.5206254619775,99.96646392229675,710.4763202177777,container,0
159.448931206123,191.6396105026084,192.7829718461955,191.69650228743845,192.76523702537395,202.0876903961603,159.43119638530146,202.03079861133025,container,0
165.08337785503767,205.33314304865758,189.90327658473242,205.37550359994148,189.8674044575941,226.39370416171977,165.04750572789933,226.35134361043586,container,0
163.62483583836232,229.2116097436037,176.00364548376166,229.2327368725468,175.96777335662333,250.2509374343251,163.58896371122398,250.229810305382,container,0
160.29999328478362,253.71226625505233,171.40285311805454,253.7312156983392,171.36747968490943,274.4572214223765,160.2646198516385,274.4382719790896,container,0
175.92804327023765,254.12569700206953,183.9434144374539,254.13937697494478,183.90870604524315,274.4757218437347,175.8933348780269,274.4620418708595,container,0
159.1008700867768,278.1433746339095,189.29624872958635,278.1949096099167,189.26050564095868,299.1375039137523,159.06512699814914,299.0859689377451,container,0
158.59467005532164,302.6364705085524,189.88287425428572,302.68987062887464,189.84713116565806,323.63246493271026,158.55892696669397,323.579064812388,container,0
163.17527127066634,327.5443595941971,190.11772322964887,327.5903427438607,190.0819801410212,348.53293704769624,163.13952818203867,348.48695389803265,container,0
162.13638149155793,353.9040249183479,190.94924714398684,353.9532003354758,190.91350405535917,374.89579463931136,162.10063840293026,374.84661922218345,container,0
162.32151638171322,379.2267072149942,189.29348163157366,379.27274073550274,189.257738542946,400.2153350393383,162.28577329308555,400.16930151882974,container,0
161.9077677524937,404.13459630063875,188.87973300235413,404.1806298211473,188.84398991372646,425.12322412498287,161.87202466386603,425.0771906044743,container,0
162.11620893977678,429.45727859728504,189.08817418963721,429.5033121177936,189.05243110100955,450.44590642162916,162.0804658511491,450.3998729011206,container,0
162.117253521559,454.3651676829296,189.08921877141944,454.41120120343817,189.05467750339022,474.64962465394956,162.0827122535298,474.603591133441,container,0
166.6810234243604,478.78784636968186,189.29062325988488,478.82643456553916,189.25608199185567,499.06485801605055,166.6464821563312,499.02626982019325,container,0
157.74257000382053,503.6253182674367,169.405542882236,503.64522366536437,169.36692182216214,526.2740793061336,157.70394894374667,526.2541739082059,container,0
161.16748915054714,528.1315493481047,187.5801361230055,528.1766282704165,187.54235222028453,550.3149765856183,161.12970524782617,550.2698976633066,container,0
156.9646697131103,553.7812038255431,183.37731668556867,553.8262827478547,183.36022960186364,563.837948656146,156.94758262940528,563.7928697338343,container,0
156.90978238569093,566.8113749935627,187.61276375222295,566.8637763039351,187.59567666851788,576.8754422122262,156.89269530198587,576.8230409018538,container,0
156.4543427005373,580.463735978085,183.04355917099824,580.5091162546188,183.02647208729317,590.5207821629099,156.43725561683223,590.4754018863761,container,0
154.9653361101284,593.2865105406037,178.7040637570982,593.3270258384642,178.68697667339316,603.3386917467554,154.94824902642335,603.2981764488949,container,0
158.79098857073697,607.9758545526303,187.6155631401748,608.0250499535697,187.59847605646976,618.0367158618609,158.77390148703194,617.9875204609215,container,0
153.79237921677665,621.2134223261506,185.3538817522135,621.2672888894799,185.31926685000505,641.5488560861635,153.7577643145682,641.4949895228342,container,0
156.74113746156587,646.0552086048053,187.61767107870594,646.1079061198113,187.60058462899747,656.1192005567527,156.7240510118574,656.0665030417467,container,0
173.30957467782133,659.7075324421386,181.22234065230361,659.7210372969533,181.20583213486327,669.3937095976765,173.293066160381,669.3802047428618,container,0
155.6425545381397,671.4594245670239,168.95258491314567,671.482141026524,168.93491373821976,681.8360377252734,155.6248833632138,681.8133212657733,container,0
173.56528795423733,671.8726259283801,186.8753183292433,671.8953423878802,186.8576471543174,682.2492390866296,173.54761677931143,682.2265226271295,container,0
156.43799504068775,685.5592100417921,169.74802541569372,685.5819265012922,169.7303542407678,695.9358232000416,156.42032386576184,695.9131067405415,container,0
172.90895221827927,685.7650147976475,186.21898259328523,685.7877312571476,186.20131141835932,696.141627955897,172.89128104335336,696.1189114963969,container,0
155.7816593047297,698.6220124890558,186.79471553101175,698.6749430095648,186.77704435608584,709.0288397083143,155.76398812980378,708.9759091878053,container,0
244.8376069892006,204.61404237077403,256.0847981672493,204.6332381468683,256.046809585577,226.8915119750779,244.7996184075283,226.8723161989836,container,0
227.13800284968607,231.28985820435727,254.74412207900932,231.3369740464523,254.70959586557632,251.56657670633527,227.10347663625308,251.51946086424024,container,0
236.22560797160642,255.30710031228966,245.7111894563341,255.32328951859213,245.67328918930414,277.5298180221432,236.18770770457647,277.5136288158408,container,0
227.51853173754566,281.56367718305415,255.1246509668689,281.6107930251492,255.09091489109707,301.3774381422715,227.48479566177383,301.3303223001765,container,0
223.78800116548894,305.8266142774185,253.67378837818129,305.87762086836676,253.64005230240946,325.6442659854891,223.7542650897171,325.59325939454084,container,0
243.88168556777742,330.6613404733008,254.55634362834388,330.6795590972016,254.51844336131393,352.8860876007527,243.84378530074747,352.8678689768519,container,0
220.71818082483307,354.9722796818029,253.47656330820035,355.0281889808809,253.39720697447765,401.52466050593716,220.63882449111037,401.46875120685917,container,0
221.83030833901572,404.4108445642808,243.72698826223285,404.4482160073691,243.68950350843213,426.41128695530614,221.792823585215,426.3739155122178,container,0
222.04667988953761,428.8608297732568,252.43315931223097,428.9126909042767,252.35767829132604,473.13853872952143,221.97119886863268,473.0866775985015,container,0
241.48102497233234,478.2576517121027,250.1226426828439,478.27240051080605,250.08515792904316,500.235471458743,241.4435402185316,500.22072266003966,container,0
246.80910528264678,540.9556425136639,251.92111138708992,540.9556425136639,251.92111138708992,552.097316164236,246.80910528264678,552.097316164236,container,0
246.46144723572874,553.5785158873769,251.57345334017188,553.5785158873769,251.57345334017188,564.720189537949,246.46144723572874,564.720189537949,container,0
254.3588322994894,553.6620528635992,259.47083840393253,553.6620528635992,259.47083840393253,564.8037265141713,254.3588322994894,564.8037265141713,container,0
220.3393395139832,567.3455410182114,236.8120923252909,567.3736553509026,236.79367443101455,578.1650699311701,220.32092161970684,578.136955598479,container,0
245.9621717797726,581.4283746705876,251.87490615179712,581.4384660368063,251.78764469074,632.5667106134235,245.87491031871548,632.5566192472048,container,0
218.32932920665456,648.6818371095733,249.13957087410625,648.7344214829601,249.1211529798299,659.5258360632276,218.3109113123782,659.4732516898408,container,0
252.09094042352945,637.5700201805774,273.9694020176102,637.6073605301276,273.93461427057207,657.9902009878543,252.0561526764913,657.9528606383042,container,0
250.21513644983008,663.9902271124474,273.78331999864344,664.0304513397402,273.7471914431486,685.1988984315242,250.17900789433526,685.1586742042314,container,0
250.1337662455325,690.0826294901847,273.70194979434586,690.1228537174775,273.66582123885104,711.2913008092614,250.0976376900377,711.2510765819686,container,0
163.13299333564385,715.8190402045434,185.1571366706793,715.8190402045434,185.15713667067928,724.790904167399,163.13299333564382,724.790904167399,container,0
222.02337147723512,715.0907652729985,232.30745079666042,715.0907652729985,232.30745079666042,718.5038934632522,222.02337147723512,718.5038934632522,container,0
236.66501802975785,714.4161647621298,248.7068238004095,714.4161647621298,248.7068238004095,721.3766330111131,236.66501802975785,721.3766330111131,container,0
295.12999719973703,185.88624970790917,331.8767126096505,185.9489659639096,331.83633189078665,209.60884107072738,295.0896164808732,209.54612481472697,container,0
312.7768598706816,211.8974781349923,331.92241972568,211.93015419378403,331.8852612925418,233.70202730426257,312.73970143754343,233.66935124547084,container,0
287.5524107379095,237.3689837369108,349.8153098709631,237.47524890585981,349.778151437825,259.2471220163384,287.51525230477137,259.14085684738933,container,0
288.124749738874,262.6143309396066,326.2908423358503,262.6794696712496,326.25368390271217,284.45134278172816,288.0875913057359,284.38620405008515,container,0
288.44444014321255,288.5372029284419,347.77363010310336,288.6384610851047,347.7364716699652,310.4103341955833,288.4072817100744,310.30907603892047,container,0
314.8796185417736,313.93733062330597,322.6849262514624,313.93733062330597,322.6849262514624,334.6595047268244,314.8796185417736,334.6595047268244,container,0
301.0823957574486,337.64958925153934,344.39780789264415,337.72351641607446,344.360649459506,359.49538952655297,301.04523732431045,359.42146236201785,container,0
297.4898193064286,361.5673249932645,345.00289933260603,361.6484163903336,344.9657408994679,383.42028950081215,297.4526608732905,383.33919810374306,container,0
288.4247129424869,387.72007006075654,318.3973442130181,387.7712248699633,318.36018577987994,409.5430979804418,288.3875545093488,409.49194317123505,container,0
301.9874790657749,412.2473538004182,343.7926543990249,412.31870341763147,343.757513088637,432.90870375097734,301.95233775538696,432.83735413376405,container,0
283.81790943010793,438.07872875208534,342.9730557223523,438.1796898654045,342.9379144119644,458.76969019875037,283.78276811972006,458.6687290854312,container,0
283.8411353615448,463.3005557058162,344.58327101901995,463.40422536138703,344.54754359400346,484.3376420404866,283.8054079365283,484.2339723849158,container,0
297.53976641664207,488.4570494056817,328.17658186181075,488.8155769523041,327.9326943437998,509.6561984026506,297.29587889863114,509.29767085602816,container,0
302.6354843973209,512.6881648422896,332.9405464766135,513.0428100428319,332.8206821950759,523.2854257261454,302.5156201157833,522.930780525603,container,0
305.6862587608842,526.6668176352132,320.60570202611524,526.6668176352132,320.60570202611524,537.3243876038828,305.6862587608842,537.3243876038828,container,0
306.07256344200044,540.735791119031,314.4272831447126,540.8335622846762,314.307418863175,551.0761779679896,305.9526991604628,550.9784068023444,container,0
312.19084193414955,554.7638134432345,320.5455616368617,554.8615846088798,320.4256973553241,565.1042002921931,312.07097765261193,565.0064291265479,container,0
310.9945444510615,567.775922437544,331.22073785476664,568.0126196070497,331.1008735732291,578.2552352903632,310.8746801695239,578.0185381208574,container,0
310.98547562441644,580.9912140978323,331.2116690281216,581.2279112673381,331.09180474658405,591.4705269506516,310.8656113428789,591.2338297811458,container,0
310.3668587998349,595.4256017539935,329.61847012819135,595.650893869959,329.4986058466538,605.8935095532725,310.24699451829736,605.668217437307,container,0
309.8539597605398,609.2504414122184,331.4472054051313,609.5031365201165,331.3273411235937,619.7457522034299,309.73409547900224,619.4930570955318,container,0
311.40388418031387,634.6566930312352,327.17251011234123,634.8412254862855,327.0526458308036,645.0838411695989,311.28401989877625,644.8993087145487,container,0
310.3394800867128,648.4815326894601,331.2368828047501,648.7260846906526,331.11701852321255,658.968700373966,310.21961580517524,658.7241483727736,container,0
312.22618078121394,663.1191030116001,331.09766671250753,663.3399467074528,330.9989155847332,671.778405914074,312.1274296534396,671.5575622182214,container,0
310.6593532695244,675.5444186728643,330.8526262826864,675.7807305912698,330.7333948595687,685.9692673989235,310.5401218464067,685.732955480518,container,0
311.45972284232766,688.9574847412764,318.66723515999263,689.0418307044895,318.559314184007,698.2638697223624,311.35180186634204,698.1795237591493,container,0
310.5550620975352,701.054798417035,317.76257441520016,701.1391443802481,317.65465343921454,710.361183398121,310.4471411215496,710.276837434908,container,0
310.0567666847005,715.5903040845394,330.84472170274813,715.8335752732587,330.73680072676245,725.0556142911316,309.9488457087148,724.8123431024123,container,0
357.90662833780453,690.1290120772147,356.9016583983791,684.948232474244,380.33933869227366,680.4017807912343,381.3443086316991,685.582560394205,container,0
364.91609502088505,704.821115300709,382.1373898324459,705.0226476234631,382.02946885646026,714.244686641336,364.80817404489943,714.043154318582,container,0
389.3589432047918,702.0731314515758,424.07480430807686,702.4793940584882,423.96688333209124,711.7014330763611,389.25102222880616,711.2951704694487,container,0
389.33528997766774,714.5304727432516,402.43442656646164,714.6837654806269,402.32650559047596,723.9058044984998,389.22736900168206,723.7525117611245,container,0
383.9283952254108,735.2353966050298,383.91134667038267,731.6749206154249,395.03281876666324,731.6216678959624,395.04986732169135,735.1821438855674,container,0
385.6826377235562,729.1818286241091,385.6655891685281,725.6213526345041,396.2097485401244,725.5708642498621,396.2267970951525,729.1313402394671,container,0
371.7007295480995,729.0070547719159,371.6836809930714,725.446578782311,382.80515308935196,725.3933260628486,382.8222016443801,728.9538020524535,container,0
362.2976866898096,750.450256463795,363.1089219094383,746.983387942461,373.93800252507987,749.5173552785592,373.12676730545115,752.9842237998931,container,0
361.7205950448456,745.5111162338625,361.99931947077545,724.7198334294263,372.35961984545145,724.8587218665447,372.0808954195216,745.6500046709808,container,0
410.0030678414798,744.8580383991147,410.110704270076,736.8289630156522,420.471004644752,736.9678514527706,420.3633682161558,744.996926836233,container,0
394.7008591926534,693.7256364869229,390.10807332312754,693.5316584158319,391.19328431390284,667.8373019566004,395.7860701834287,668.0312800276914,container,0
402.3736999477877,691.8577228650588,398.34750596897,691.7513953539619,398.9583518756433,668.6211246830844,402.98454585446103,668.7274521941813,container,0
409.52957198626035,688.4629123979253,405.5033780074426,688.3565848868283,405.9995588135942,669.5682190770547,410.02575279241194,669.6745465881517,container,0
415.7897851401285,688.3899195849314,411.7635911613108,688.2835920738344,412.25977196746237,669.4952262640608,416.2859659462801,669.6015537751578,container,0
422.4685831615866,684.6000339965676,418.44238918276886,684.4937064854706,418.77961656747266,671.72426561566,422.8058105462904,671.830593126757,container,0
429.6875231703698,685.178327888034,425.66132919155206,685.072000376937,425.99855657625585,672.3025595071264,430.0247505550736,672.4088870182234,container,0
437.0275831359954,666.267669024573,433.0013891571777,666.161341513476,433.5670442894253,644.7422631954864,437.59323826824306,644.8485907065834,container,0
379.0941785472455,192.99202229876582,424.7886818904998,193.07000989949472,424.7532266358878,213.84395646611384,379.05872329263354,213.76596886538493,container,0
383.257270204748,217.62269590467818,429.0685623073358,217.70088283080656,429.03310705272384,238.47482939742568,383.22181495013604,238.3966424712973,container,0
379.71109944799866,242.0501868446117,424.18581003930143,242.12609260391218,424.1503547846895,262.90003917053133,379.67564419338674,262.82413341123083,container,0
380.50128899698944,266.0713124525876,432.71939471304376,266.1604339985384,432.6839394584318,286.9343805651575,380.46583374237747,286.8452590192067,container,0
380.033992526447,290.0924380605635,424.79224010052684,290.16882773734613,424.75678484591486,310.9427743039653,379.998537271835,310.86638462718264,container,0
380.2429878170745,315.73902499636984,422.5681434817282,315.81126207302583,422.5316670236767,337.1835522679859,380.20651135902295,337.1113151913299,container,0
427.5502347354564,316.45397846676207,436.4116207568456,316.4691023478501,436.37514429879405,337.84139254281007,427.51375827740486,337.82626866172205,container,0
380.6884481231838,340.3317558587385,426.4108052586284,340.4097909980173,426.3743288005768,361.7820811929773,380.6519716651322,361.7040460536985,container,0
386.2766038258136,365.8349945785453,422.95714243567613,365.8975978894543,422.94167809783164,374.9584643699027,386.2611394879691,374.8958610589937,container,0
389.7414803631248,377.7129465091075,422.5508002430006,377.7689427439229,422.53533590515616,386.8298092243713,389.7260160252804,386.7738129895559,container,0
381.7477813898816,390.6453125991761,422.95670241015654,390.7156445788205,422.9374301486893,402.00765007475025,381.7285091284144,401.93731809510587,container,0
426.6452787523794,391.7745147933831,433.87241768460365,391.78684947664306,433.83615370801505,413.03464251012076,426.6090147757908,413.0223078268608,container,0
425.3946566979688,366.02380165381487,429.07070636406877,366.02380165381487,429.07070636406877,387.9306776273753,425.3946566979688,387.9306776273753,container,0
431.6727468388919,366.35690819638677,435.34879650499187,366.35690819638677,435.34879650499187,388.2637841699472,431.6727468388919,388.2637841699472,container,0
377.59400024970677,417.78064956036087,432.30315173914727,417.8740226173022,432.26561131827356,439.86971002258827,377.55645982883306,439.7763369656469,container,0
377.5584083718864,442.8534376367997,431.510843154823,442.94551919222437,431.4733027339493,464.9412065975104,377.5208679510127,464.84912504208575,container,0
376.82536346715096,467.4595927115978,425.3024052340153,467.5423293188749,425.26486481314157,489.538016724161,376.78782304627725,489.4552801168839,container,0
371.19499908441145,495.2531526450669,375.8444844424443,495.26108800230173,375.80935848273094,515.8420940667917,371.1598731246981,515.8341587095568,container,0
431.4677112228104,498.8146767454148,436.47119537492017,498.8146767454148,436.47119537492017,508.8919392751385,431.4677112228104,508.8919392751385,container,0
429.0535790969907,505.187040614781,429.0445189803662,515.2465640516137,391.6510091700253,515.212885561573,391.6600692866498,505.15336212474034,container,0
367.33925315196564,523.3605844178563,434.8349181940936,523.3282084516177,434.84093406713157,535.8697755053303,367.34526902500363,535.9021514715689,container,0
403.26103855368063,540.5720585464067,434.37007275295923,540.5571363282119,434.38032251659075,561.92528972115,403.27128831731216,561.9402119393447,container,0
382.3238999253528,566.0698296117841,437.5709139695058,566.0433290141477,437.5822057591658,589.5838419674417,382.3351917150128,589.6103425650781,container,0
425.9147888489179,592.6230464845769,438.11423579680275,592.617194717915,438.12552758646274,616.157707671209,425.9260806385779,616.1635594378708,container,0
376.98439251012985,619.1987430998146,422.29816077984816,619.1770072293593,422.30244815346987,628.1150920960225,376.98867988375156,628.1368279664778,container,0
33.09605050183123,752.7151703214527,40.30350118749395,752.727471402441,40.26443741801597,775.6157193845261,33.05698673235325,775.6034183035378,container,0
33.81679662012014,781.4645311622412,41.02424730578286,781.4768322432295,40.98518353630488,804.3650802253146,33.77773285064216,804.3527791443263,container,0
22.55114757961228,808.1784664100265,40.35340118918666,808.2088498247701,40.31793511884081,828.9891335473536,22.51568150926643,828.95875013261,container,0
45.460339934655885,770.7849495905194,45.42061626127934,752.9827143723995,66.20087851581445,752.9363455686868,66.240602189191,770.7385807868067,container,0
69.40409101221935,767.8874962064066,69.38229091559224,758.117743941681,90.16255317012734,758.0713751379682,90.18435326675446,767.8411274026937,container,0
93.9015421900597,764.7638844230712,93.87974209343258,754.9941321583457,114.66000434796769,754.9477633546328,114.6818044445948,764.7175156193583,container,0
171.1393140685588,782.6709704985993,171.0721002901342,752.5489955726781,191.8523625446693,752.5026267689653,191.9195763230939,782.6246016948866,container,0
171.24207875010086,833.7516179057253,171.1442460918205,789.9077372501847,191.9245083463556,789.8613684464718,192.02234100463596,833.7052491020124,container,0
119.16091150778476,775.1069526666957,119.21549171146683,769.9929281581428,142.10246958972277,770.2371929073971,142.0478893860407,775.35121741595,container,0
146.35903419185112,780.5619983875584,146.4136143955332,775.4479738790055,169.30059227378914,775.6922386282598,169.24601207010707,780.8062631368127,container,0
195.18660629187082,837.5031101017357,195.86528883380686,752.3033467878726,215.6892430105744,752.461260038903,215.01056046863835,837.6610233527662,container,0
276.46832852410034,839.9760131323745,277.11139084359854,759.2479053177627,301.3642996058395,759.4410986451604,300.7212372863413,840.1692064597722,container,0
242.8874926851405,838.9574924806134,243.56617522707654,753.7577291667501,267.8190839893175,753.9509224941478,267.14040144738146,839.1506858080111,container,0
322.12634317184376,842.7007521108551,322.7267520165827,767.3272331201044,344.55894909812224,767.5011435916249,343.9585402533833,842.8746625823755,container,0
325.514729727532,764.8772298219507,325.64103476040367,759.5867793504441,346.7018379212446,760.0895882227431,346.57553288837295,765.3800386942497,container,0
346.6494230711812,843.1557532182802,347.0000645905635,799.1372723919425,368.8322616721031,799.3111828634629,368.4816201527208,843.3296636898007,container,0
372.90546208753744,842.2284573685159,373.3394170522264,787.7510574122681,395.17161413376596,787.9249678837886,394.737659169077,842.4023678400364,container,0
7.802689367797342,886.9618814420581,7.762965694420799,869.1596462239382,29.655256274899905,869.110796054854,29.694979948276448,886.9130312729739,container,0
46.21846676949369,885.7544424915307,46.178743096117145,867.9522072734107,68.07103367659626,867.9033571043265,68.1107573499728,885.7055923224464,container,0
71.77540893449385,886.0027207376102,71.73568526111731,868.2004855194903,93.62797584159641,868.151635350406,93.66769951497295,885.9538705685259,container,0
96.3618729684226,886.2509989836897,96.32214929504606,868.4487637655698,118.21443987552516,868.3999135964855,118.2541635489017,886.2021488146054,container,0
123.13191279726199,886.2566576970014,123.09218912388545,868.4544224788815,144.98447970436456,868.4055723097972,145.0242033777411,886.2078075279171,container,0
148.4462354294943,885.5344578120096,148.40651175611777,867.7322225938897,170.29880233659688,867.6833724248054,170.3385260099734,885.4856076429253,container,0
174.48841666003014,887.2384532546963,174.46079732625242,874.8607994607534,196.35308790673153,874.8119492916691,196.38070724050925,887.189603085612,container,0
224.00747214169425,887.4867315007759,223.99088256651993,880.0520837373926,245.88317314699904,880.0032335683084,245.89976272217336,887.4378813316916,container,0
35.6322929951337,912.4843870973839,35.59917329193728,897.6417329181426,80.19378547752538,897.5422250874062,80.2269051807218,912.3848792666475,container,0
434.03911382188375,830.6660905418505,443.40899584825434,830.6660905418505,443.4089958482543,854.3995760602606,434.0391138218837,854.3995760602606,container,0
537.2873230326718,3.4738985370421,576.5286123250687,3.473898537042107,576.5286123250687,49.85943025427393,537.2873230326718,49.85943025427393,container,0
608.1324114455385,15.692004403497204,613.4433600615159,15.425597163168074,615.6968153173752,60.3492450996398,610.3858667013978,60.61565233996893,container,0
615.6504457522249,60.065660411994834,615.5635738938373,1.60078738653867,626.254660235393,1.5849017018426963,626.3415320937805,60.04977472729886,container,0
629.1866686032264,47.86330071503466,629.1182896891975,1.844203155477203,639.6819586192036,1.8285067979234881,639.7503375332325,47.84760435748095,container,0
643.1967486429417,20.088354687025237,643.1689928308682,1.4086572716383952,662.7593341920344,1.379548350804006,662.7870900041079,20.05924576619085,container,0
667.7952565040223,26.98972476283762,667.7559774392986,0.5548634135889792,687.3463188004648,0.5257544927545901,687.3855978651885,26.960615842003232,container,0
691.232904917321,41.92118791554316,691.1711353425267,0.35018420710529696,710.7614767036929,0.32107528627090787,710.8232462784872,41.89207899470877,container,0
716.8107933789441,42.36562336062519,716.7490238041498,0.7946196521873361,736.339365165316,0.765510731352947,736.4011347401104,42.336514439790804,container,0
742.8365613014993,52.78047703202365,742.7596553668169,1.022683546747487,764.0824434062619,0.9910004158838746,764.1593493409442,52.748793901160035,container,0
791.8698853532114,8.840579794088685,791.858865184944,1.4239923003839032,801.8316523457022,1.4091739229698086,801.8426725139697,8.82576141667459,container,0
870.1770313771389,52.09281368581969,855.1163989225798,52.61171542863105,854.7198302126079,41.101683584246516,869.780462667167,40.58278184143516,container,0
855.9061766893261,39.78985596063063,851.0527913699561,39.88734130371644,850.8221679909803,28.40557300508205,855.6755533103503,28.30808766199624,container,0
851.3319337567383,80.35984428842468,838.8016444573528,80.5703770746033,838.443842777258,59.275078395614884,850.9741320766435,59.06454560943627,container,0
857.5151756848492,91.21251411459222,857.4117966050229,70.04567013806115,880.8937651778296,69.93098396631738,880.9971442576558,91.09782794284845,container,0
852.2388186384674,106.66414870794722,847.3854333190974,106.76163405103304,846.9266001783906,83.91826130743883,851.7799854977605,83.820775964353,container,0
987.2670335920601,99.52349049692383,974.1113305117611,99.74453142881752,973.7535288316664,78.44923274982911,986.9092319119653,78.22819181793541,container,0
992.8318751512256,128.135696845964,982.895947545749,128.30263940188345,982.5381458656543,107.00734072289505,992.474073471131,106.84039816697556,container,0
534.8932635040819,149.5502479199643,534.866140005616,105.33313488986295,558.9251097458898,105.3183767253397,558.9522332443557,149.53548975544106,container,0
542.3643509477007,102.94026991972844,542.4613168798342,98.42999737417765,554.389130138626,98.68643232778005,554.2921642064925,103.19670487333084,container,0
562.136252437094,132.07023738012873,562.1112707561277,91.3447457053282,586.1702404964016,91.32998754080495,586.1952221773678,132.0554792156055,container,0
603.0239635221404,139.13723999878192,602.990601414977,84.74985832584747,614.0536701667662,84.74307205899841,614.0870322739296,139.13045373193285,container,0
587.7091211049623,139.7918279884506,587.7024579311454,135.28051815324105,599.6330143938613,135.26289680282488,599.6396775676782,139.77420663803443,container,0
616.8205743183903,141.69010178309023,616.8134083023186,130.00796044675235,641.3819858518129,129.9928896804855,641.3891518678846,141.67503101682337,container,0
643.0883345413772,143.18421780315464,643.0552374728802,89.22890593437833,691.9831324502077,89.19889276541696,692.0162295187047,143.15420463419326,container,0
695.9785684770305,141.67322821238253,695.973041350715,132.66282826964755,719.4173905285803,132.64844712340386,719.4229176548959,141.65884706613883,container,0
748.2911553876456,145.6859272769546,748.2822043648036,131.0938425118842,771.7265535426689,131.0794613656405,771.7355045655108,145.6715461307109,container,0
775.1876013967915,146.42941763356427,775.1786503739495,131.83733286849386,796.1239248904544,131.82448469541598,796.1328759132964,146.4165694604864,container,0
827.1655191079839,146.56723492096302,827.1565680851419,131.9751501558926,848.1018426016468,131.96230198281472,848.1107936244888,146.55438674788513,container,0
721.9647230989781,144.08600471898075,721.9555532165563,129.13713195356837,745.3999023944216,129.12275080732468,745.4090722768434,144.07162357273705,container,0
800.6609851817079,146.21146936490555,800.6553566087015,137.03568958341978,821.6006311252063,137.02284141034187,821.6062596982127,146.19862119182764,container,0
574.8388044262915,190.43909239692414,574.8187334729337,157.71913872412267,832.186159443711,157.5612653464841,832.2062303970688,190.28121901928557,container,0
564.4561438250838,168.91743763977212,569.9832680604186,168.9161751959927,569.9883656298235,191.23392103105476,564.4612413944888,191.23518347483417,container,0
925.2050788723099,180.87967251792955,850.4838211026868,180.69555327197992,850.5154786252943,167.8479560807527,925.2367363949174,168.03207532670234,container,0
917.2860729775766,219.50197384464866,888.6058508611002,219.4313034487349,888.6682096492609,194.12418761559832,917.3484317657374,194.19485801151208,container,0
917.0829179733933,248.55688190632637,844.7408602501215,248.37862520246412,844.804227392649,222.66228812704364,917.1462851159207,222.84054483090588,container,0
917.8153003963148,277.5422699981909,845.473242673043,277.3640132943287,845.5366098155705,251.64767621890817,917.8786675388423,251.82593292277042,container,0
832.1652665652009,336.31729981288487,802.3256137778669,336.24377248566105,802.3815363870694,313.54865619933975,832.2211891744034,313.62218352656356,container,0
551.134322920874,264.3117711370942,551.1104708757665,225.4278279082435,572.1623962447327,225.41491431379285,572.1862482898401,264.29885754264353,container,0
545.2670659606725,246.3880203492561,551.6030010693349,246.3880203492561,551.6030010693349,283.37392930033656,545.2670659606725,283.37392930033656,container,0
575.1652402927087,286.76623875324924,575.1269634610229,224.3668032520944,596.178888829989,224.35388965764375,596.2171656616748,286.75332515879865,container,0
599.256816047405,277.72694262127425,599.2334217237037,239.58918333997087,609.1407046835614,239.58310605098143,609.1640990072626,277.7208653322848,container,0
612.3273649078013,269.59675615363807,612.3196927374838,257.08947496560035,622.2269756973416,257.0833976766109,622.2346478676591,269.5906788646486,container,0
622.8874281972326,289.9369894659274,622.8429154597245,217.37169158791707,646.6779357224129,217.35707079765677,646.722448459921,289.9223686756671,container,0
649.8136987680491,282.2456965582881,649.7752273451316,219.5290356633946,670.3959475193512,219.51638657724487,670.4344189422687,282.23304747213837,container,0
674.8487288617561,277.723950882532,674.818041750045,227.69738484778395,695.4387619242647,227.6847357616342,695.4694490359757,277.71130179638226,container,0
699.2965542332214,285.18909402725836,699.2703216278603,242.42432760962828,719.8910418020799,242.4116785234785,719.917274407441,285.1764449411086,container,0
722.5847458428748,285.41057705548076,722.5441046088955,219.1566593020786,743.1648247831151,219.14401021592886,743.2054660170944,285.397927969331,container,0
745.9278142484266,285.6448694493848,745.9052191732072,248.81005641261325,768.341681585428,248.79629352055372,768.3642766606473,285.63110655732527,container,0
770.6519433770454,277.0466668993718,770.6209645457205,226.5445354005007,782.4026291722989,226.5373083352193,782.4336080036238,277.0394398340904,container,0
782.4950652062458,281.1171709440305,782.455930622431,217.31941572057974,806.8032469221822,217.304480679573,806.8423815059971,281.1022359030237,container,0
834.1792663290566,219.31424556374117,829.3258810096867,219.41173090682696,828.8670478689799,196.56835816323274,833.7204331883498,196.47087282014695,container,0
835.7612464877354,377.47543762811034,796.9379071635975,377.37977376785193,796.9976499534184,353.13431058957957,835.8209892775564,353.229974449838,container,0
835.2827505656269,416.07458971422324,800.8202528821696,415.98967132183503,800.8799956719904,391.74420814356273,835.3424933554477,391.82912653595093,container,0
834.667983876101,447.08769421512636,813.5704627188604,447.03570821003456,813.598750270737,435.5557488796653,834.6962714279775,435.6077348847571,container,0
835.3471166368621,500.2433773487077,813.1898286971135,500.1887799922187,813.242806357924,478.6888144181003,835.4000942976726,478.74341177458933,container,0
836.0060821689751,459.73408341441507,808.89169282633,459.6672713575899,808.9237568146607,446.6547178636315,836.0381461573058,446.72152992045665,container,0
836.0373159916837,514.0390345709512,823.3452957854346,514.0077604026662,823.3740858512949,502.323865428711,836.0661060575441,502.3551395969959,container,0
835.9179030138029,553.389202735831,823.2258828075538,553.357928567546,823.2863413296831,528.8219991860832,835.9783615359321,528.8532733543682,container,0
836.9121437241157,597.9604104365726,796.2286738803214,597.860163063685,796.2857473005839,574.6980122236887,836.9692171443783,574.7982595965763,container,0
818.5852433332582,622.0611360608617,818.4337120266744,616.6000107719101,841.5822686828394,615.9577015682127,841.7337999894232,621.4188268571643,container,0
834.2718155344248,647.9831693128218,806.7050330990387,647.9152425226853,806.7578866448612,626.4656466313326,834.3246690802473,626.5335734214691,container,0
841.1771000927139,675.4301726167168,808.8643100424075,675.3505512784769,808.91716358823,653.9009553871242,841.2299536385364,653.9805767253641,container,0
858.8840905752977,632.7227259518381,844.5796358924687,632.6874786140853,844.6041849812048,622.7247027076469,858.9086396640338,622.7599500453997,container,0
897.9682351904985,675.8113810952932,883.6637805076695,675.7761337575404,883.6832845829088,667.8607796293034,897.9877392657378,667.8960269670562,container,0
852.8719858167686,757.8294810302896,820.5591957664623,757.7498596920497,820.5869428732725,746.4892296061801,852.8997329235789,746.56885094442,container,0
852.6147757843862,786.6089747265396,820.3019857340798,786.5293533882997,820.3562868796098,764.4922769740272,852.6690769299162,764.5718983122671,container,0
853.4498306650053,815.4482094248515,812.2819539216284,815.3467684340333,812.3362550671584,793.3096920197609,853.5041318105352,793.4111330105791,container,0
854.099501591062,848.2862824181052,831.4328663420335,848.230429988491,831.4859028923719,826.706565231176,854.1525381414003,826.7624176607902,container,0
785.8998669480671,852.9398840437746,785.7336595429585,830.2737893624035,807.2570109860995,830.1159615388242,807.4232183912081,852.7820562201953,container,0
809.4510480246703,858.7300911389237,809.4221378545544,854.7875432562104,835.2611602710284,854.5980692013828,835.2900704411443,858.5406170840962,container,0
760.731590387567,852.6494393102098,760.6804257108487,845.6719920293085,782.2037771539898,845.5141642057292,782.2549418307082,852.4916114866305,container,0
755.68320526007,831.4491345297158,759.8216039780309,831.4491345297158,759.8216039780309,853.8775175836174,755.68320526007,853.8775175836174,container,0
731.429280722505,853.86227934194,731.2630733173964,831.196184660569,752.7864247605374,831.0383568369897,752.952632165646,853.7044515183608,container,0
684.88296020038,854.0594597169434,684.7463590984157,835.4308462163488,695.8908638363191,835.349125071187,696.0274649382834,853.9777385717816,container,0
697.0931180940271,832.9403304524584,701.231516811988,832.9403304524584,701.231516811988,855.36871350636,697.0931180940271,855.36871350636,container,0
703.6122953733483,853.8911477242332,703.6229074977704,849.7527626126666,724.5130915268131,849.8063316320158,724.502479402391,853.9447167435824,container,0
669.5014249800231,853.6675818221602,669.4428803431326,845.6837120181747,680.1682357424297,845.6050644383934,680.2267803793202,853.5889342423789,container,0
638.690941523646,832.7403310142438,642.8293402416068,832.7403310142438,642.8293402416068,855.1687140681454,638.690941523646,855.1687140681454,container,0
613.7228712834923,854.44478568203,613.5601075827782,832.2483170670123,637.2234170285504,832.0747972209801,637.3861807292645,854.2712658359978,container,0
586.3158275222434,855.4542298502942,586.1530638215293,833.2577612352765,608.1446783315364,833.0964997019934,608.3074420322505,855.2929683170111,container,0
581.434389593684,832.9477437266307,585.5727883116449,832.9477437266307,585.5727883116449,855.3761267805323,581.434389593684,855.3761267805323,container,0
557.0995165672139,855.3918664337243,556.9367528664998,833.1953978187066,578.9283673765069,833.0341362854235,579.091131077221,855.2306049004412,container,0
552.0821543290004,801.5038040021807,551.892896399717,775.6942551343777,573.8845109097241,775.5329936010946,574.0737688390076,801.3425424688976,container,0
506.58157769534154,811.1664069992014,511.413209996021,811.1974043013606,510.95433028981955,882.7242100606827,506.1226979891401,882.6932127585235,container,0
576.2382783011172,800.1124673328783,576.0112832694574,769.1566210729452,598.0028977794647,768.9953595396622,598.2298928111245,799.9512057995953,container,0
600.0585780820229,800.6862265807039,599.8868521716466,777.2675603588858,621.8784666816539,777.1062988256027,622.0501925920302,800.5249650474208,container,0
625.527285026728,785.7787329960329,625.3916056767092,767.2758209758132,645.6382003760156,767.1273554366649,645.7738797260344,785.6302674568846,container,0
649.1303035591261,788.0356819814945,648.9824918837106,767.878256217046,672.4473152981498,767.7061918422223,672.5951269735652,787.8636176066708,container,0
673.6138096546357,773.8369252398741,673.5515645772255,765.3484176603893,694.9004310345421,765.1918693115995,694.9626761119523,773.6803768910843,container,0
708.6424206199749,778.6612704196194,708.5351260410437,764.0292563811024,731.0050489715948,763.8644874768964,731.112343550526,778.4965015154135,container,0
702.9519824625411,794.4440910008516,702.8869734739397,785.5786623527363,726.8492487483963,785.4029502307385,726.9142577369977,794.2683788788538,container,0
733.9745261316754,784.9720994625714,733.8445747384004,767.250322373138,755.1615475869784,767.0940078958654,755.2914989802533,784.8157849852987,container,0
748.7086664043434,734.877972545981,748.6204907151462,722.8532464597239,758.4753151210564,722.7809823659163,758.5634908102536,734.8057084521735,container,0
760.8584545456313,735.5590855932778,760.7948596152127,726.8864953847818,771.2951129741098,726.8094984478018,771.3587079045284,735.4820886562978,container,0
555.7033820936302,738.5552488478593,549.4687631835009,738.5221264144179,549.5848552237406,716.6701803405565,555.81947413387,716.7033027739978,container,0
554.3364420016069,686.9993831953493,548.1018230914775,686.966260761908,548.2179151317173,665.1143146880465,554.4525340418467,665.1474371214879,container,0
557.2583857808722,738.6430891004193,557.1278017175592,720.8350333101372,579.1194162275665,720.6737717768542,579.2500002908795,738.4818275671363,container,0
580.9337578323291,733.3229800574842,580.803173769016,715.5149242672022,601.3285543209709,715.3644144291219,601.459138384284,733.1724702194039,container,0
603.9456596233222,737.1448273232554,603.8150755600092,719.3367715329733,627.373601532858,719.1640200499687,627.5041855961709,736.9720758402508,container,0
626.9516511726538,732.7235173600392,626.826977351002,715.721455123394,649.8676635831594,715.5525008891335,649.9923374048111,732.5545631257787,container,0
651.2618659921327,738.1346470352413,651.0852181406385,714.0447641289203,745.0129707207398,713.3560046296119,745.1896185722339,737.4458875359329,container,0
557.529665288698,685.9696277211543,557.3721573275353,664.4898966679567,602.5845986956688,664.1583599535796,602.7421066568314,685.6380910067772,container,0
605.2086965261632,681.6826727602263,605.0784793998289,663.9246570286058,650.2909207679623,663.5931203142288,650.4211378942966,681.3511360458493,container,0
653.4274640743855,686.2040384510989,653.2972469480512,668.4460227194783,673.5948335518821,668.2971832635943,673.7250506782163,686.0551989952149,container,0
676.3970512554263,681.3764811830608,676.3041445986449,668.7065819222034,696.6017312024758,668.5577424663195,696.6946378592571,681.2276417271769,container,0
699.4105642327585,685.1960154366013,699.2445304296908,662.5535952737777,722.127540432121,662.3857972579729,722.2935742351887,685.0282174207965,container,0
725.0533843932784,680.2911984406237,724.9514491900501,666.3900550696167,746.8459344193685,666.2295057722054,746.9478696225968,680.1306491432124,container,0
748.9335428912191,680.1135859444582,748.8992868131548,676.5848333772391,760.1776161117866,676.4753467182773,760.2118721898509,680.0040992854964,container,0
760.6108446441378,670.5028074851253,760.5765885660736,666.9740549179062,771.8549178647054,666.8645682589444,771.8891739427696,670.3933208261635,container,0
761.3554611798784,685.1703035017916,761.2910727382007,676.3895002968974,772.6527647243843,676.3061865470339,772.717153166062,685.0869897519282,container,0
556.8835159192145,635.7437916431903,556.7867099370176,622.5421322059104,577.370062908514,622.3911972639224,577.4668688907109,635.5928567012023,container,0
581.0029909140242,621.1500176928147,580.9509795579451,614.0571067564752,601.5343325294414,613.9061718144873,601.5863438855205,620.9990827508268,container,0
603.8815801143944,634.7630577386926,603.7233641212697,613.1867707018464,649.7530501729996,612.8492412427945,649.9112661661243,634.4255282796407,container,0
651.8804982595208,634.2033396773737,651.7644356478551,618.3756083963102,660.0869741747011,618.3145803475039,660.2030367863669,634.1423116285674,container,0
663.4171285009519,629.2380306104984,663.3049220760148,613.9361765816574,671.6274606028609,613.8751485328511,671.739667027798,629.1770025616921,container,0
675.1463531877749,634.0112204856189,674.9880678111473,612.4254714573146,684.450662191903,612.3560835332046,684.6089475685307,633.9418325615088,container,0
687.7959587892404,631.1248964420917,687.6901168325758,616.6909799180124,708.1268148963499,616.5411203766174,708.2326568530145,630.9750369006966,container,0
711.7611281306492,625.1615634040108,711.726872052585,621.6328108367918,720.3263830229005,621.5493293476532,720.3606391009647,625.0780819148722,container,0
724.0167296401995,634.368656541237,723.8582756369245,612.7599115004953,733.7791388137474,612.687163153317,733.9375928170224,634.2959081940587,container,0
735.8741544381465,630.2746953395224,735.7816305373393,617.6569934109216,745.7024937141622,617.5842450637433,745.7950176149694,630.2019469923441,container,0
761.5420143063963,619.5519015682951,761.4724739890322,610.0685249611093,771.3933371658551,609.995776613931,771.4628774832191,619.4791532211167,container,0
761.7034462507671,634.7684438275128,761.6398433618123,626.0947682947137,771.5607065386351,626.0220199475355,771.62430942759,634.6956954803345,container,0
750.5779638804411,619.773604748097,750.5437078023768,616.244852180878,759.1432187726923,616.1613706917393,759.1774748507565,619.6901232589584,container,0
750.1498619800784,629.4197764357747,750.1156059020142,625.8910238685556,758.7151168723296,625.807542379417,758.7493729503939,629.336294946636,container,0
555.1377954690039,634.3967130075771,548.9031765588745,634.3635905741357,549.0192685991143,612.5116445002743,555.2538875092437,612.5447669337157,container,0
553.6180808647476,584.8182106985017,553.4819591447806,566.2549716481784,578.0758536706104,566.0746279476815,578.2119753905774,584.6378669980048,container,0
579.6913668640194,584.9748669267285,579.5303907691524,563.0221783247518,601.2052500049732,562.863239515031,601.3662260998402,584.8159281170076,container,0
603.3678913097084,578.6620376535195,603.2495347908254,562.521480850959,649.6868517632819,562.1809622895264,649.8052082821649,578.3215190920869,container,0
651.8868527296473,574.7535741471266,651.8246872646911,566.2759235052096,660.8502797352124,566.209740056972,660.9124452001687,574.6873906988891,container,0
663.1595128820222,585.3588105608101,662.989676246788,562.1977892328456,672.0152687173095,562.1316057846079,672.1851053525437,585.2926271125724,container,0
675.3274417930191,578.7763703970276,675.2672762178079,570.5714494224904,684.2928686883293,570.5052659742529,684.3530342635406,578.71018694879,container,0
687.3940469279887,579.0143693204591,687.294405390074,565.4260184819542,696.3199978605953,565.3598350337165,696.4196393985101,578.9481858722214,container,0
700.0177336881397,583.5846544886696,699.859892022137,562.0594153217048,708.8854844926584,561.9932318734672,709.0433261586611,583.5184710404319,container,0
711.6835808289405,574.9098044147062,711.618143823184,565.9860060606321,720.6437362937055,565.9198226123946,720.709173299462,574.8436209664686,container,0
723.8764800849544,582.9228317281512,723.7171626661124,561.1963406761532,732.7427551366338,561.1301572279157,732.9020725554759,582.8566482799137,container,0
736.1228888020091,578.0789405174769,736.0291885308164,565.3008141931095,755.8757026204116,565.155282390933,755.9694028916043,577.9334087153004,container,0
759.4990632114022,583.1458626051012,759.3644999929203,564.7951600672008,769.49121473741,564.7209022383327,769.625777955892,583.0716047762331,container,0
552.327365108933,523.7540847593909,543.3034666223989,523.6615381363291,543.5391110639357,500.68467038043315,552.5630095504698,500.7772170034949,container,0
554.0856437312253,522.2185446419726,553.9152707330204,498.9843782344204,576.2897905599965,498.82030890826303,576.4601635582014,522.0544753158151,container,0
578.3538015578819,534.045022011136,578.1183315365731,501.93342148333255,600.4928513635492,501.76935215717515,600.728321384858,533.8809526849786,container,0
602.3353823199623,533.585632258923,602.1418629510405,507.1949408466177,648.3021227376628,506.8564539080372,648.4956421065846,533.2471453203426,container,0
673.8114612766215,531.6497038611305,673.6216381409903,505.7630764745817,694.7453060175139,505.6081794765109,694.9351291531451,531.4948068630598,container,0
697.5682441971242,517.9305601954015,697.4447919425802,501.09508593783653,718.7790251827366,500.93864489244805,718.9024774372806,517.7741191500131,container,0
703.54441005202,523.4833783960124,703.561043945603,519.4107901929596,719.8828339434766,519.4774541679,719.8662000498936,523.5500423709528,container,0
733.958563927514,519.9062522056493,733.8840396636921,509.7432030999645,746.0777379069509,509.65378836080544,746.1522621707728,519.8168374664903,container,0
748.6568372633767,514.0948778734995,748.5973458059198,505.98188792235516,757.6516965015715,505.91549359394423,757.7111879590284,514.0284835450886,container,0
759.5493992638809,534.7182847345969,759.3701021824879,510.26712011716967,768.4244528781397,510.2007257887588,768.6037499595327,534.6518904061859,container,0
553.7828902449787,468.6546527996816,553.6565242545478,451.42182552738325,574.0628003221384,451.27218906636944,574.1891663125693,468.5050163386678,container,0
578.3713721722168,463.05428131799914,578.2509942036327,446.63805466614934,598.6572702712233,446.4884182051356,598.7776482398074,462.9046448569854,container,0
603.0388953951156,457.7207249175208,602.9482465798415,445.3587328124446,623.3545226474321,445.20909635143084,623.4451714627062,457.571088456507,container,0
625.4862665707325,462.34363297123355,625.3956177554584,449.98164086615736,645.801893823049,449.8320044051436,645.8925426383231,462.1939965102198,container,0
650.1816883140776,466.35172304738296,650.0563251463569,449.255653066273,670.4626012139476,449.10601660525924,670.5879643816683,466.2020865863692,container,0
698.2303860741675,466.9371279062079,698.0615939437126,443.9185481512189,718.4678700113033,443.76891169020513,718.6366621417582,466.7874914451941,container,0
723.0345574573561,466.7644741601439,722.8657653269012,443.7458944051549,743.2720413944918,443.59625794414114,743.4408335249467,466.61483769913013,container,0
746.5476160482971,466.22293104486636,746.3788239178422,443.20435128987737,766.7850999854328,443.0547148288636,766.9538921158877,466.0732945838526,container,0
400.93154074880806,861.9180750349025,401.663664686456,845.9048234832483,431.59917298075766,847.2734713270182,430.8670490431097,863.2867228786724,container,0
544.0323759028227,322.01465437659067,550.3827010044854,322.01465437659067,550.3827010044854,345.01464552073446,544.0323759028227,345.01464552073446,container,0
544.9446754824155,349.26893641697546,550.0668858226597,349.26893641697546,550.0668858226597,361.14829102919094,544.9446754824155,361.14829102919094,container,0
547.8287530719459,395.68385621092074,553.6986425174711,395.62116690857147,553.9460714015019,418.7890781862938,548.0761819559767,418.8517674886431,container,0
546.4749060050492,444.8593773983624,552.3447954505743,444.79668809601316,552.5922243346051,467.9645993737355,546.72233488908,468.02728867608477,container,0
550.0658029590452,364.7793167903227,550.0357293399212,315.7528750979778,571.7482373080115,315.7395562913845,571.7783109271355,364.7659979837294,container,0
573.2631723690737,360.89971658472666,573.2380010136893,319.8650149753053,595.8753757873855,319.8511288403257,595.9005471427698,360.88583044974706,container,0
597.604900758854,352.3050233944729,597.5819680147946,314.91973781107146,619.4470678362261,314.906325402146,619.4700005802855,352.2916109855475,container,0
621.8664844835191,361.7311786656985,621.8382604140638,315.71989915314134,644.6713158374516,315.70589298445896,644.6995399069069,361.7171724970161,container,0
647.2568086590753,355.8887809169485,647.2344194379648,319.38955417650374,658.0283413195219,319.3829330087356,658.0507305406325,355.8821597491804,container,0
660.0565723775667,367.27128076825244,660.0341560897806,330.72792954841265,671.0174855657392,330.72119219493624,671.0399018535253,367.264543414776,container,0
635.1695728667029,367.83284169995966,635.3186667619134,362.81023624844255,646.0210741668039,363.1279326360103,645.8719802715934,368.1505380875274,container,0
671.4789875594636,359.512009220212,671.4519698432334,315.4673438956236,693.4713620923658,315.453836841206,693.4983798085959,359.4985021657944,container,0
719.9611039729699,351.74654492083977,719.9419012431669,320.4419816376948,742.5345909913189,320.42812291323884,742.5537937211219,351.7326861963838,container,0
694.9837869031904,365.9050553010351,694.9560592450681,320.70303260486054,716.9754514942005,320.6895255504429,717.0031791523228,365.89154824661745,container,0
745.1967129519613,364.76868818163274,745.1695474451536,320.48309255526016,767.2500282665295,320.46954802811575,767.2771937733372,364.75514365448834,container,0
555.618016862073,417.30797835652635,555.6035704434946,393.75722129014974,564.8896615340815,393.75152505038665,564.9041079526598,417.30228211676325,container,0
566.8728662877049,417.3515313731565,566.861610669146,399.00246188746996,601.2675634510251,398.98135671475416,601.2788190695841,417.3304262004407,container,0
590.6721063001089,397.5291596699751,590.7236691682702,393.6446944432153,601.0886862262125,393.7822809517435,601.0371233580512,397.6667461785033,container,0
625.7752536133181,417.3019481024279,625.7610956443214,394.2214256472238,636.855172104964,394.21462035974025,636.8693300739608,417.29514281494437,container,0
616.2316863841461,402.3722453154787,616.2269397569329,394.6342261119726,623.1601342338856,394.6299731773762,623.1648808610988,402.3679923808823,container,0
612.8840692577256,407.8727822342293,612.9389657024553,403.73718353250763,624.1800755464961,403.88639940420154,624.1251791017664,408.0219981059232,container,0
639.4613342506764,417.60854478058775,639.4460698776605,392.7243467549073,768.2746422157525,392.6453212069979,768.2899065887683,417.52951923267835,container,0
673.8184960605467,458.1473340183793,673.8125814167764,448.50519760834186,696.0519799660178,448.49155559847065,696.0578946097881,458.1336920085081,container,0
650.6338924127006,510.9914113012345,650.6279777689302,501.34927489119707,672.8673763181716,501.33563288132586,672.873290961942,510.9777692913633,container,0
688.8294490005726,842.5499151391996,670.4909814631427,842.8239806815948,670.3053816377007,830.4049938068731,688.6438491751306,830.1309282644779,container,0
973.5649511942153,761.9733045673586,981.269298624144,761.9733045673586,981.269298624144,781.3230799595779,973.5649511942153,781.3230799595779,container,0
952.9858215913646,761.4128538139835,959.8606041172955,761.4128538139835,959.8606041172955,783.227853878436,952.9858215913646,783.227853878436,container,0
963.8785124584318,798.8695680339047,964.0107540473339,791.3901434194485,988.864955767957,791.8295835229123,988.7327141790549,799.3090081373686,container,0
943.6320068724215,355.83568324102,943.6552625212082,352.0133280209646,955.7416335720113,352.0868628925508,955.7183779232246,355.9092181126062,container,0
944.8417422614357,368.2887372325255,944.86930632593,363.75824028653403,955.7394990060011,363.824375789034,955.7119349415068,368.3548727350254,container,0
944.9784555108129,306.20397043221016,945.0450973361717,295.25055729072665,956.6508999941616,295.3211683289384,956.5842581688028,306.27458147042194,container,0
947.3371241868823,452.8595959356968,947.3647099507691,448.32553242454503,957.7661468938089,448.388815963227,957.7385611299221,452.92287947437876,container,0
947.232563207436,466.9425673917693,947.2635905547015,461.8428368328726,956.8104510560472,461.9009210301943,956.7794237087817,467.000651589091,container,0
