42.63513357952479,457.62767137442586,60.85017203540441,461.5599756388037,55.27304120162768,487.39410387017745,37.058002745748055,483.4617996057996,container,0
20.758570842064923,553.6303767281156,21.313598885030466,547.7297021787052,32.61833196447693,548.7930456701642,32.063303921511384,554.6937202195746,container,0
183.69204092904894,424.5063065257193,194.9371930887578,426.70402123838846,190.54388547743136,449.18346877039824,179.2987333177225,446.9857540577291,container,0
150.37290288659895,466.94058749781516,167.62851867819134,470.3129670052465,163.76357544066647,490.0889072326381,146.50795964907408,486.7165277252068,container,0
152.71858034319277,492.2585860826793,169.4860016116766,495.5355544946588,165.88068808676613,513.9830349330252,149.11326681828228,510.70606652104567,container,0
134.06140528078197,512.1539921760933,155.20283852006617,516.2858027747408,149.26521272826614,546.6671371268732,128.12377948898194,542.5353265282257,container,0
157.1578709266564,514.2962966260521,161.77179335034768,515.1289993922514,158.2987055981478,534.3730299272564,153.6847831744565,533.5403271610571,container,0
261.3621041722288,580.7493623485445,265.27681372156155,562.7597897136632,287.1599193453792,567.5217706841568,283.2452097960464,585.5113433190381,container,0
274.5116002113503,530.8884386969163,275.6802563353955,524.5486807285265,303.2774503637892,529.6358827902696,302.10879423974404,535.9756407586594,container,0
408.49071202955685,563.9436296606837,368.7528282889063,557.6008811816355,372.52863023823153,533.9451459139293,412.2665139788821,540.2878943929775,container,0
316.88042240468394,593.8020291755644,317.7308335798408,588.4478634541694,368.7842955184632,596.5567709520382,367.9338843433063,601.9109366734332,container,0
343.45672223620284,586.0791236627275,344.2279609267281,580.6316769355483,367.2616709903946,583.892743867843,366.4904322998693,589.3401905950222,container,0
351.015986211359,552.5825853588196,345.26067351085294,551.7798417245083,348.3538706124487,529.6030024409993,354.10918331295477,530.4057460753106,container,0
334.76383414914295,538.029821921177,323.58766022303973,536.2459408107984,325.4791749084706,524.3954329573535,336.65534883457383,526.1793140677321,container,0
559.754975972935,591.9962446239625,428.8283969676688,567.594066589681,433.25764928664324,543.8295135706932,564.1842282919094,568.2316916049747,container,0
431.879035390817,507.1777739057485,432.7102044878992,502.81997872332084,505.93322208666615,516.7859194973651,505.10205298958397,521.1437146797927,container,0
432.34345203558695,512.8327229942896,433.13789823731446,508.6674648744444,478.6221151940903,517.3427407781625,477.8276689923628,521.5079988980077,container,0
438.12705705082556,519.4337569088805,438.8160963554883,515.8211440568106,522.5766326962373,531.7969222765378,521.8875933915746,535.4095351286077,container,0
432.8082875929683,530.1550386392062,433.5049898847112,526.502248970772,513.3819718028917,541.7373107759481,512.6852695111488,545.3901004443823,container,0
434.90255009307964,524.1775360385357,435.4596277776442,521.108495897471,457.7137391934822,525.1479571914751,457.15666150891764,528.2169973325398,container,0
405.06371580605634,517.1258538782876,405.8058555034044,513.037274162122,424.50760425730465,516.4319273482207,423.76546455995657,520.5205070643863,container,0
467.4858600147056,507.53107860190477,468.2261321161745,503.6498536997864,506.67637267826217,510.9835282743632,505.9361005767933,514.8647531764816,container,0
432.75758677181824,500.4969904778398,433.44079300130034,496.7330857281009,445.2016811812394,498.8678666545666,444.5184749517573,502.63177140430554,container,0
492.3178515697129,494.72566878609643,497.7115194755254,495.2707963434207,496.6929996132462,505.3483604269031,491.2993317074337,504.80323286957884,container,0
443.0100133220385,485.39494647260835,458.25192700844343,487.4301850932875,456.7641727304348,498.57198540190245,441.52225904402985,496.5367467812233,container,0
471.2427743299807,489.96939505373683,487.3592184404029,492.1214089121282,485.87146416239426,503.26320922074314,469.75502005197205,501.1111953623518,container,0
503.9221387023193,495.98241047775485,513.5233008273003,497.26444476571913,512.1594161687914,507.47858478447955,502.5582540438103,506.1965504965153,container,0
451.16980379139704,504.2650131995876,451.85301002087914,500.5011084498487,463.6138982008182,502.6358893763144,462.9306919713361,506.39979412605334,container,0
434.6334501551745,482.99581479989473,439.9315255702926,484.14438540184636,437.7855288111858,494.04334385596945,432.48745339606774,492.8947732540178,container,0
519.0410206621168,445.02965125926056,541.057816428948,447.96953361066284,538.8905350075154,464.2003165881401,516.8737392406842,461.2604342367378,container,0
486.63428957879387,458.40265511906864,487.4332215163349,448.7492808994051,497.7029070658152,449.5992199556649,496.90397512827417,459.25259417532845,container,0
500.89660240328845,444.3172539457577,507.83420416198015,445.2436254844428,505.5013532654987,462.7143592088045,498.563751506807,461.78798767011943,container,0
391.9988408553708,434.13917605064313,392.86975722308426,429.93841554513443,414.99378908078114,434.5252472484448,414.1228727130677,438.7260077539535,container,0
336.398110002317,706.4133126535831,337.5180181411267,700.5930658889677,404.5990991990441,713.5005338495424,403.4791910602344,719.3207806141579,container,0
330.43524944960745,753.4704197737283,334.5512276088435,734.7116068348917,379.74922729973673,744.628757785511,375.6332491405007,763.3875707243476,container,0
434.857637668967,776.1099485516784,436.23872818575506,765.2790876878967,459.6216979999463,768.260752605476,458.24060748315827,779.0916134692577,container,0
432.2409765883724,800.6184620460407,435.2071106161164,783.0420823057812,461.3345605063487,787.4512677764434,458.3684264786047,805.0276475167029,container,0
406.804110887742,835.5013244612205,395.47729618064807,833.5476101312285,399.34990147048745,811.0958719838711,410.6767161775814,813.0495863138632,container,0
499.5056078058323,637.5353387142708,496.99669719628525,632.0860696840192,512.6170126860917,624.8942839528901,515.1259232956387,630.3435529831416,container,0
392.4296323332053,838.8231493236844,393.30044577998933,834.0804459763045,405.323981126597,836.2881017141431,404.45316767981296,841.030805061523,container,0
354.0405428401822,802.1368863121068,363.3385027470254,804.151971427127,358.46662431936386,826.6316820625539,349.1686644125206,824.6165969475336,container,0
352.95666974734627,828.1386351024972,358.88899938590714,829.4812549173893,353.8181596264137,851.8866243778831,347.88582998785284,850.5440045629911,container,0
191.5155333228493,822.2675497462998,193.9273720165035,808.8431971968151,217.62829977282075,813.1013403309049,215.21646107916655,826.5256928803896,container,0
237.9849558308304,830.5927884179176,241.1608190252868,812.9158570031054,264.8443790021497,817.1708798166914,261.66851580769327,834.8478112315036,container,0
262.7795928275536,836.6881399888058,265.52165818299045,821.4257378464217,287.17675132007736,825.3163233588467,284.4346859646405,840.5787255012308,container,0
287.65204728783044,839.2747275031461,289.2672630556656,830.2843974417049,311.9436593882392,834.3584717708716,310.3284436204041,843.3488018323128,container,0
312.2325683528382,843.7662479797137,313.10338179962224,839.0235446323338,325.1269171462299,841.2312003701724,324.2561036994459,845.9739037175523,container,0
215.76505861302874,827.3602005084106,216.68093260172824,822.3720843418254,236.85713800589164,826.0766616016974,235.94126401719214,831.0647777682826,container,0
101.94342981605035,805.1645818962492,103.12744124443289,798.7161112330276,126.73445093424326,803.0506225803598,125.55043950586072,809.4990932435813,container,0
