347.11180832731833,976.1353247028377,367.1501125912289,973.1925400317548,370.42037809417155,995.4607595911635,350.382073830261,998.4035442622464,container,0
369.2094298829644,972.9553282588387,385.2940322878713,970.354317644795,386.9114056479482,980.356125133262,370.8268032430413,982.9571357473058,container,0
377.75880278343465,984.0855535723937,388.9570372578943,980.8340248298939,391.88513414317,990.9183630233935,380.68689966871034,994.1698917658932,container,0
400.8159127315296,974.7993332071538,418.57619232082084,967.9329223882444,426.5116271134648,988.4582804387445,408.7513475241735,995.324691257654,container,0
384.3950668240271,993.8434117688688,393.8014710359007,992.0113037776043,396.1135935232397,1003.8821972003565,386.70718931136605,1005.714305191621,container,0
370.2533888841722,985.6845177522844,376.04131189876836,984.2531502881724,381.2217580018661,1005.200966958434,375.4338349872699,1006.632334422546,container,0
393.83402138960076,976.2660958993947,398.3273491647154,974.7374330031806,404.9094974629499,994.0848966209796,400.4161696878353,995.6135595171937,container,0
392.36057598587627,964.9166318987672,397.07600949244676,963.3124070120406,400.37042815476957,972.9959696306745,395.6549946481991,974.6001945174011,container,0
365.9608997557682,972.3514381506697,365.41371584341084,968.1740693763552,377.64465994550596,966.5719661848055,378.1918438578633,970.74933495912,container,0
380.8090808778332,969.781669131492,379.41556225079523,964.7898620993888,389.32412252189766,962.0237769490395,390.7176411489356,967.0155839811428,container,0
399.222050115093,1003.5608711395462,397.3898417279544,998.7128773239812,407.01293785457233,995.0760085274858,408.84514624171095,999.9240023430508,container,0
363.44543487340945,936.8799819905211,365.88115972123825,927.7693620153374,378.14873513000873,931.0490991053649,375.71301028217994,940.1597190805486,container,0
401.5013870005152,939.8585728145437,405.35216991112026,931.2575844713145,439.262412512034,946.4396748882683,435.41162960142896,955.0406632314974,container,0
380.96770905467474,929.7896229749791,383.2783718961587,925.031170216444,402.06272274791127,934.1526859101092,399.7520599064273,938.9111386686443,container,0
371.85001335213894,900.8925506646073,374.42472945997775,895.8532446924419,389.1396117382508,903.3714713363664,386.56489563041197,908.4107773085318,container,0
440.8487205925934,943.5669410222959,445.47330324539814,945.5124440810063,441.0120529096189,956.1171156184234,436.38747025681414,954.171612559713,container,0
362.0800639589919,911.4974651077113,364.46117777479293,906.1453102965862,409.9767147816606,926.3946636552331,407.59560096585955,931.7468184663581,container,0
363.81172935603246,889.4708519822026,369.18824954304284,891.3581286268638,357.3826788265059,924.9901292433038,352.00615863949554,923.1028525986426,container,0
431.9221406953422,887.1802529294168,448.9691182955731,894.7968811490618,431.56930735001305,933.7398594438639,414.52232974978216,926.1232312242189,container,0
440.002327661322,875.4689643913107,447.4995001121789,878.8187180306871,442.5541336776121,889.8870737917778,435.0569612267552,886.5373201524013,container,0
455.742083897944,856.8623592820587,463.845403419562,861.1686704195321,453.825593062919,880.0232590161039,445.722273541301,875.7169478786305,container,0
468.12055066191886,848.0899055068602,472.2624142952254,850.1741108834981,466.940454396826,860.7502433549793,462.7985907635194,858.6660379783414,container,0
492.81411430303365,812.855750491542,496.85244692846874,814.9084496102728,487.86868312064234,832.5824604544832,483.83035049520726,830.5297613357525,container,0
521.0040440846568,741.8340741769597,535.5465631264373,749.226089345094,526.0839546442411,767.8421447653351,511.5414356024606,760.4501295972008,container,0
509.98734731982836,767.4435127188364,522.7868858523112,773.9495645730857,515.185450900017,788.9040810377068,502.38591236753416,782.3980291834574,container,0
504.8552177801323,788.9775930463903,509.41924563878473,791.1382301776832,499.3893008190013,812.3250120371828,494.82527296034885,810.1643749058899,container,0
508.6891877956426,797.0006424656807,513.2432539673478,799.1565636768752,507.1165752366984,812.0982705478315,502.56250906499326,809.942349336637,container,0
525.572742909132,722.5773467809377,539.6190104691932,729.7171155212324,532.7011868484657,743.3267442143374,518.6549192884045,736.1869754740427,container,0
536.5479648711764,673.5809514063731,553.3530121785354,682.1230178970767,546.4069566354037,695.7881880440088,529.6019093280447,687.2461215533052,container,0
545.482771315331,645.5441591895166,562.7065960882958,654.2990917847059,552.0876436042862,675.1900552351295,534.8638188313214,666.4351226399402,container,0
589.4415846776424,628.6625884836903,599.9257289251731,633.9917170260015,589.9375289703314,653.6417833113844,579.4533847228007,648.3126547690732,container,0
555.0344753296338,679.6719108635143,569.5152246621128,686.3126967622055,560.4613439507852,706.0553867189378,545.9805946183062,699.4146008202466,container,0
576.2921889996621,626.5362507974204,586.6352826272008,631.7936827980622,579.6315254060532,645.572371076681,569.2884317785146,640.3149390760392,container,0
584.424863041539,652.9567119618292,590.5037157256464,656.0466148264346,584.7034434426145,667.4576533869509,578.624590758507,664.3677505223455,container,0
523.2904786831768,605.0507134376098,534.9978305892848,611.5298733233137,529.8055413070151,620.9119473727553,518.0981894009071,614.4327874870514,container,0
459.2050185101754,709.1580736190632,463.66892220644274,711.5540407656059,458.155375044338,721.8262782593368,453.69147134807065,719.4303111127941,container,0
499.2680889051409,685.2581958116394,503.41660166537616,687.4848792163125,498.63630647717224,696.3910019027873,494.487793716937,694.1643184981142,container,0
447.4593244309411,731.6920882870512,451.86467415041136,733.6768613753228,447.38651017783087,743.6164753880909,442.9811604583606,741.6317022998193,container,0
471.2455591399159,732.978097117045,475.65090885938616,734.9628702053166,471.1727448868057,744.9024842180846,466.7673951673354,742.917711129813,container,0
479.5616996616956,730.5434136033159,484.06426957561877,732.5719879872562,473.4361896335657,756.1617924177488,468.93361971964254,754.1332180338085,container,0
428.507288306513,753.3882890736118,432.94601393512784,755.5342585147841,428.8002743615835,764.1093109556989,424.36154873296863,761.9633415145265,container,0
444.54020550150534,784.2856198718988,442.37890637135666,788.4205756989395,422.53610596251525,778.0489468213378,424.6974050926639,773.9139909942971,container,0
448.1263830701153,791.3562089904816,446.25099926417397,795.1352108915517,435.95558143866384,790.0259623728108,437.8309652446052,786.2469604717407,container,0
433.86146059972907,790.9389495404633,431.98607679378773,794.7179514415334,421.6906589682776,789.6087029227925,423.56604277421894,785.8297010217225,container,0
456.7545848379864,758.0438139589687,470.25626111689235,764.1268188124744,465.5474047614872,774.5784715212355,452.04572848258124,768.4954666677298,container,0
428.8618603554824,763.8899794999534,450.7127539446282,773.7346157518143,446.3503616128016,783.4172661005086,424.49946802365577,773.5726298486477,container,0
422.44640070199233,793.3467358459701,444.29729429113814,803.191372097831,439.9349019593115,812.8740224465254,418.0840083701657,803.0293861946644,container,0
428.85353629069385,814.0831710629109,436.78911347485285,817.6584422758657,430.7020797137631,831.1690610112169,422.7665025296041,827.593789798262,container,0
418.36612455915736,805.1862505725813,429.29907301867456,810.1119484762019,421.4908623030958,827.4428459418635,410.5579138435786,822.517148038243,container,0
402.54531435934484,820.700076374997,427.43056370241976,834.6967702178583,416.2470313943396,854.5803936754689,391.3617820512647,840.5836998326076,container,0
397.1758484289056,845.8930013982903,405.91843502411325,850.8102640819321,395.8501097500616,868.7111189355766,387.107523154854,863.7938562519347,container,0
392.55679429985804,843.1837600665291,396.1649734918845,845.3698439409735,390.20926151337454,855.1998766701723,386.6010823213481,853.0137927957279,container,0
567.85363946736,596.1515034744826,566.6996747856185,591.5936838627163,590.1414765702513,585.6586066459666,591.2954412519928,590.216426257733,container,0
588.9481696906926,596.4588804697623,593.8540215796792,587.0474579795817,612.62857287217,596.8339879137377,607.7227209831834,606.2454104039183,container,0
607.9905931917999,608.768209725653,612.3721883607277,599.1015722636926,631.6558599889906,607.8422789239017,627.2742648200629,617.5089163858622,container,0
634.2175101178387,612.9347911088388,636.5106371165451,607.8757141069456,655.7650798955423,616.6031722114661,653.4719528968359,621.6622492133594,container,0
636.4190462283742,621.6771017951017,638.3974613120869,617.3123395050692,652.5689209513349,623.7358346797181,650.5905058676223,628.1005969697507,container,0
619.3685332090902,597.0491187975381,621.3469482928028,592.6843565075055,635.5184079320509,599.1078516821544,633.5399928483382,603.472613972187,container,0
521.6887071953216,602.9417408952495,519.7966378907722,599.0715823800832,529.9988098540549,594.0838754590832,531.8908791586043,597.9540339742495,container,0
631.7191346489196,658.3321491486063,659.6122152137344,672.5103031554007,647.7594951547353,695.8284922059236,619.8664145899205,681.6503381991291,container,0
608.0972463610274,702.7596357317858,635.5095536097782,716.9477932553207,625.8721467440389,735.56779783637,598.4598394952881,721.3796403128351,container,0
599.2628774509038,724.1110986003675,621.0625873263544,735.394268414333,611.0398651618494,754.7587235232179,589.2401552863988,743.4755537092524,container,0
642.5087083096792,694.4802683201997,646.3891416105988,696.6150306360114,636.9409029743504,713.7894296628156,633.0604696734307,711.6546673470039,container,0
587.3480945608156,745.4285101182894,600.662508636589,752.3198309591957,590.639786472084,771.6842860680805,577.3253723963106,764.7929652271742,container,0
602.2342541665522,752.5233760522525,605.599372955156,754.3746457999991,600.5404728864995,763.5703881770495,597.1753540978957,761.7191184293029,container,0
607.2278378150801,754.9173733444615,610.7539079048718,756.857188042169,599.8527906211447,776.6725362013957,596.326720531353,774.7327215036881,container,0
612.2397914199273,757.9472302989731,615.4912377196634,759.7359648279023,606.3834274654394,776.2915550906577,603.1319811657032,774.5028205617284,container,0
581.7483810086738,768.630529973871,585.5599920027216,770.6564561290318,581.5164600977611,778.2640239687923,577.7048491037133,776.2380978136316,container,0
595.6244431655264,775.8302101666122,599.0838646216704,777.6689425085723,595.4269943034055,784.5490388405137,591.9675728472615,782.7103064985537,container,0
600.8177885682767,778.1458849510361,604.8445086974181,780.2861447104605,596.8752383132837,795.2796618894201,592.8485181841423,793.1394021299958,container,0
586.3504892913938,772.1932607102895,594.5438696065477,776.4340190494814,585.3662373931606,794.1657135018502,577.1728570780068,789.9249551626582,container,0
566.146147198702,787.2502712671561,592.8131433846273,801.052668093226,582.8610325690242,820.2806981597374,556.1940363830989,806.4783013336676,container,0
573.424680486018,818.064770300086,577.1887650081634,820.0654354507424,570.7587896419606,832.1628975101781,566.9947051198152,830.1622323595218,container,0
579.4207800635388,820.0109763736672,583.2907291458072,822.0679100631625,572.7331214633721,841.9311678678481,568.8631723811037,839.8742341783528,container,0
555.3203394284517,808.045650476976,572.1149683980649,816.7382730719256,562.1628575824618,835.966303138437,545.3682286128486,827.2736805434873,container,0
549.1447838350394,831.72200218105,571.9566186829662,843.5290311657407,561.7376191379602,863.2727050598234,538.9257842900334,851.4656760751327,container,0
536.9459541661861,878.2697264659246,550.6487305456665,884.965353667346,540.8885477022573,904.9398234074902,527.1857713227769,898.2441962060688,container,0
543.5591488855898,828.9827167772248,547.4290979678582,831.0396504667202,542.435251735953,840.4351554073255,538.5653026536846,838.3782217178301,container,0
534.3942655829587,850.0214801429347,538.5391775322607,852.2245605575002,528.3632105028325,871.3697933220967,524.2182985535305,869.1667129075312,container,0
552.9175837810785,859.8722299188486,556.8352628118706,861.954532763604,549.6983175140576,875.3820997515546,545.7806384832655,873.2997969067992,container,0
557.7787000004232,862.9293916812741,561.1062824090792,864.6980496701603,551.2288204729268,883.2816700125021,547.9012380642708,881.5130120236158,container,0
547.5920801660492,858.1196127533327,550.9196625747052,859.888270742219,541.0422006385528,878.4718910845608,537.7146182298968,876.7032330956745,container,0
527.0143579898079,872.7792190023599,531.5877240228408,874.9833111952921,522.1121252377043,894.6446401385886,517.5387592046714,892.4405479456564,container,0
511.77273361507787,892.7249691585606,515.3412292738097,894.6026123654277,505.9275712007643,912.493443724437,502.35907554203243,910.6158005175699,container,0
517.9378548943341,894.9386640393501,520.8077333560105,896.4487142995811,514.7518217135516,907.9580864352148,511.88194325187527,906.4480361749838,container,0
523.0637190821404,897.7757199487774,525.8478997769625,899.2406784265974,517.1912491845118,915.6928030610011,514.4070684896897,914.2278445831811,container,0
527.9878366502992,900.0189085283911,530.6532487508239,901.421374273811,524.325490656164,913.4473956221242,521.6600785556393,912.0449298767043,container,0
532.5144077236102,902.530215154114,535.5496993750555,904.1273012361023,527.0115906132851,920.3541349277892,523.9762989618398,918.7570488458009,container,0
537.4669003541162,905.7082704487852,540.763751847275,907.4429820477841,531.2352712381435,925.5520357613116,527.9384197449847,923.8173241623127,container,0
501.1362439495056,912.5228168248658,529.8935547864403,926.0226909769223,520.2599586965637,946.5440909628518,491.5026478596289,933.0442168107953,container,0
490.6766129191695,934.3804411024961,504.6508534085325,940.94052904141,500.1499079751687,950.5284026341136,486.17566748580566,943.9683146951998,container,0
484.53783824057416,946.0031850387037,512.5664400082327,959.1609729371298,503.4612967510577,978.5566674385867,475.43269498339913,965.3988795401606,container,0
479.90802581462646,968.7941577483274,488.17422733304926,972.67465550582,479.4520658108293,991.2545257504786,471.1858642924065,987.3740279929859,container,0
494.57119593637753,976.2597394850035,502.5832978033804,980.6409007536455,492.7357992018915,998.6496333914998,484.72369733488864,994.2684721228578,container,0
474.4586699895867,966.9105277579301,478.12561263053243,968.8399710298858,471.5002357720034,981.4316223460971,467.8332931310577,979.5021790741415,container,0
482.86659137592903,996.517879238512,486.60130575618734,998.3126294076366,480.43844188234755,1011.1369972384148,476.70372750208924,1009.3422470692902,container,0
473.8405775117474,991.0387434164622,483.7183515264149,996.144280040793,473.3634180988958,1016.178156959141,463.48564408422834,1011.0726203348103,container,0
488.209383606352,999.438427685818,491.51555421605497,1001.0272373394517,482.1072344327974,1020.6051082838748,478.8010638230944,1019.0162986302411,container,0
469.69917540810275,989.1922689894926,472.8681353861712,990.7151408553175,464.37126867057304,1008.3963595874837,461.2023086925046,1006.8734877216589,container,0
465.1705573771648,986.8101844323182,469.1393157274878,988.9117163164536,459.0195144906691,1008.0230350480074,455.0507561403461,1005.921503163872,container,0
447.9122456798678,1004.7187732395911,462.65762383615544,1012.218684761058,452.94378858541376,1031.3167999468287,438.1984104291261,1023.816888425362,container,0
697.1069180312875,694.6619039794153,711.8730000811777,702.3045841897368,700.7919610363074,723.713766208581,686.0258789864172,716.0710859982595,container,0
720.8224728777087,706.4347592697197,725.197228603179,708.6990605850636,709.7686991084701,738.5078352764804,705.3939433829997,736.2435339611364,container,0
686.8501485987258,729.7878783878597,709.821316802601,741.6773756862327,699.5282790557444,761.5640954926483,676.5571108518692,749.6745981942753,container,0
681.2660928352158,726.7571282987425,685.5727358545388,729.1263635135638,676.5359391863129,745.5528698582247,672.2292961669899,743.1836346434034,container,0
679.6771649697401,752.9735755397577,683.4800089823859,755.0656532696294,679.8019575358722,761.7513780502453,675.9991135232265,759.6593003203736,container,0
688.8491321684232,758.9378446656224,692.651976181069,761.029922395494,688.9739247345553,767.71564717611,685.1710807219096,765.6235694462383,container,0
684.4981050248888,755.9560444854365,689.1654273024365,758.5237019971622,679.2483142091161,776.5503907817988,674.5809919315684,773.982733270073,container,0
694.1848303999388,760.3020252775686,698.8521526774865,762.8696827892944,688.9350395841661,780.896371573931,684.2677173066185,778.3287140622052,container,0
669.6926085703327,748.270858356475,679.4132826100422,753.2813610514407,669.3643107278716,772.7769657936415,659.6436366881621,767.7664630986757,container,0
659.6804165935586,769.5629704758106,682.6436846446753,781.3993427258549,672.9054151889117,800.2921662314578,649.9421471377949,788.4557939814135,container,0
649.364991092641,790.2047479229425,667.291087866912,799.444719948626,657.5528184111483,818.337543454229,639.6267216368774,809.0975714285455,container,0
668.626310052847,799.5296954533148,672.482756323253,801.510726777708,668.5120162116291,809.2405116153682,664.655569941223,807.259480290975,container,0
672.4800405933566,802.9422476836113,676.2450445764522,804.8763057007587,666.3037571196941,824.2288724489871,662.5387531365985,822.2948144318397,container,0
638.0667778731921,810.6384772466781,661.0533833657789,822.48687873594,651.268888415586,841.4693824574863,628.2822829229992,829.6209809682244,container,0
632.5390374349286,834.2030176916358,647.4108463647636,841.8686629357368,636.687722168783,862.6721633711675,621.8159132389479,855.0065181270664,container,0
617.360425319825,852.9792703001365,631.0281524065723,860.0242738793586,621.0836097966269,879.3172796055915,607.4158827098796,872.2722760263694,container,0
629.5084315127825,865.7602406556667,633.4389448874877,867.7862161977031,627.2877543555143,879.7198926684365,623.3572409808091,877.6939171264002,container,0
635.7759149187973,862.9418495231547,645.1766949023537,867.7874634435448,635.2557770478838,887.0346357352449,625.8549970643274,882.1890218148549,container,0
611.0358161684005,876.757904108568,620.0643398918844,881.4116392573119,610.087380840331,900.7675348134844,601.0588571168471,896.1137996647406,container,0
595.6159105738479,895.163249074171,604.9248003290186,899.9614983534788,595.9510027068629,917.3712009110562,586.6421129516923,912.5729516317484,container,0
620.0596106425801,881.05547592348,623.732488730177,882.9422094683092,618.8390488918376,892.4682010978469,615.1661708042407,890.5814675530177,container,0
625.049538109541,884.4149407129642,628.8347196573976,886.3593638136728,622.612031614383,898.4729845322827,618.8268500665264,896.5285614315741,container,0
630.1189310892304,885.6985514884285,634.1354424999942,887.7618072326003,625.0866313229927,905.3770027549859,621.070119912229,903.3137470108142,container,0
609.7700884129417,902.1150433258754,623.5424363821415,909.2139735372773,613.2048718794902,929.2694651740162,599.4325239102903,922.1705349626143,container,0
605.5026551252013,900.7562486626101,609.4421635206106,902.7799484594684,604.6774823071894,912.0552874553326,600.73797391178,910.0315876584743,container,0
584.89766485114,916.0220360547163,602.2102006374317,924.9457492519236,592.1658660140197,944.4323574355805,574.853330227728,935.5086442383731,container,0
602.6931234529312,925.7637424152102,607.1144608693145,928.0349546410309,598.6814508372139,944.4513785946266,594.2601134208306,942.1801663688059,container,0
608.5993788275649,928.4415097071336,612.4022600166593,930.395024998233,602.5277502242026,949.6175965912761,598.7248690351082,947.6640813001767,container,0
572.9881697906893,936.5582487124152,601.5193362418689,950.3193432772565,561.8944327908804,1032.4744880330047,533.3632663397008,1018.7133934681634,container,0
764.6451622198953,728.875244893595,778.646235950964,735.628214490973,768.744535926795,756.157617163708,754.7434621957264,749.4046475663299,container,0
750.287423489929,720.3994513300388,754.273437430989,722.2481420518508,744.3246805985742,743.6989358284072,740.3386666575142,741.8502451065953,container,0
758.4520143739935,726.0359795352506,763.0997036468459,728.1915515336523,755.3775130084048,744.8415834601285,750.7298237355524,742.6860114617268,container,0
748.2395641479618,747.3926578043455,766.4569236622764,756.067358026543,756.8922903399193,776.1536272223485,738.6749308256047,767.478927000151,container,0
742.6130124160312,743.9849197405426,746.9854527669912,746.0128328457203,737.4687669119911,766.5320262636105,733.0963265610311,764.5041131584329,container,0
726.372620415895,762.9716372028338,756.2848343747725,777.2151662319229,716.2789750188392,861.229726262623,686.3667610599617,846.9861972335339,container,0
694.5258679710071,853.2076863653537,706.7107013561442,859.0098322136822,702.361980656874,868.1423908470316,690.1771472717369,862.340244998703,container,0
689.0099219996116,864.6216013038604,703.9003441224264,871.7120881549267,695.2955526207238,889.7826354150054,680.405130497909,882.6921485639391,container,0
678.868311908309,884.1960769414244,698.074623963212,894.2610140473987,688.1123025905559,913.271510691326,668.9059905356529,903.2065735853516,container,0
669.4750916829639,878.9408739552678,674.8941432292556,881.7246054295234,665.2173617453097,900.5622620600816,659.798310199018,897.7785305858259,container,0
662.7306008044319,902.7083178985946,687.0527219353733,914.5797613899446,678.047554005842,933.0294794335942,653.7254328749007,921.1580359422443,container,0
671.3325912004016,931.8223918010117,676.002177757775,934.2211279932179,670.6276764463073,944.683595336712,665.9580898889338,942.2848591445057,container,0
642.3439550999053,931.5995361560515,671.0109471422069,945.5916782996176,661.4035037705369,965.275333586751,632.7365117282353,951.2831914431849,container,0
641.3729812156298,957.5073401307809,660.3545706701697,966.7721104759507,640.1804020926029,1008.1047902142775,621.198812638063,998.8400198691077,container,0
631.2885745911186,952.9712279845803,636.4833276224961,955.6397387730274,627.3676513668423,973.3850996189058,622.1728983354649,970.7165888304587,container,0
624.7990152451493,975.7710174798627,629.9937682765268,978.4395282683098,620.0674664215369,997.7629227529109,614.8727133901594,995.0944119644638,container,0
610.1660711951275,995.3720985889488,638.3879001811626,1009.1469600094047,628.7443265134976,1028.9046387660792,600.5224975274625,1015.1297773456233,container,0
802.296111464536,747.0957816112385,812.4942769436396,752.440510234109,801.5031507994742,773.4124493406645,791.3049853203705,768.067720717794,container,0
816.8328753055702,754.9877173879368,820.6401939595875,756.983084596697,809.9255180556507,777.4275347518908,806.1181994016334,775.4321675431305,container,0
821.7245190457468,757.9333250674257,825.1405438899632,759.723620174789,816.0848804939226,777.002543082251,812.6688556497062,775.2122479748878,container,0
826.3595189228271,761.1589463127399,830.7029803466626,763.4352991177492,820.368509465391,783.1542879800096,816.0250480415555,780.8779351750003,container,0
791.1244489553471,769.0106340162067,805.2545524624093,776.4160412743123,794.9151162957264,796.1445042943549,780.7850127886643,788.7390970362493,container,0
809.9960030369665,778.764705973412,814.5166214144773,781.1339044812087,804.2165720277104,800.7872144060029,799.6959536501996,798.4180158982062,container,0
813.9058474843662,782.4708667289206,817.9990844463299,784.6160800808343,810.5085795965049,798.9085565320559,806.4153426345412,796.7633431801421,container,0
803.912277839262,801.0736605134255,807.9469175847466,803.1580781342482,801.1219898855949,816.3685424289163,797.0873501401102,814.2841248080936,container,0
799.0547462985418,799.3735637463604,804.1146318842486,801.9876545548394,794.2814052516527,821.0210414356164,789.2215196659458,818.4069506271375,container,0
787.283114958723,794.9793006782457,797.6417986410829,799.8676319324192,789.9976981434022,816.0659652642777,779.6390144610423,811.1776340101043,container,0
773.7891875324221,812.8540458422958,788.187017171372,820.7784832094328,777.5466092490258,840.110932121225,763.148779610076,832.186494754088,container,0
788.8563622918414,819.983001821242,792.5730135668454,821.9031369254336,786.7974562119005,833.0824193416839,783.0808049368965,831.1622842374924,container,0
794.3227767043626,822.91464905871,798.7225215654186,825.1876910882428,788.3489418411117,845.2669960415949,783.9491969800557,842.9939540120621,container,0
757.848856599121,831.5487676540295,763.1346238862545,834.2795558204824,753.2011847417119,853.5069160104736,747.9154174545783,850.7761278440206,container,0
782.8774348608841,844.336362609469,786.5984129350056,846.2587330697,781.5098114800188,856.1083301341869,777.7888334058973,854.1859596739558,container,0
767.401253038873,836.4086336991155,781.9374956090967,843.594986142782,772.0313709009232,863.6326662896564,757.4951283306996,856.44631384599,container,0
747.7761806972325,853.5166867593033,756.4083788947189,857.7842282722518,746.8483989525279,877.1217417737831,738.2162007550414,872.8542002608347,container,0
767.2236990406748,862.8977705365257,775.8558972381612,867.1653120494742,766.2959172959702,886.5028255510056,757.6637190984837,882.2352840380571,container,0
758.2252295020788,858.4055778001886,761.7159147056284,860.2089719582833,755.1660306785878,872.8870563113511,751.6753454750383,871.0836621532563,container,0
741.4158883543854,876.1032861214583,765.6504805995239,888.0842585330537,745.3386634395036,929.1701228285501,721.1040711943651,917.1891504169547,container,0
715.861306701329,915.9562962404417,737.7646157819448,926.7847409348288,727.8437290096789,946.8522811457855,705.9404199290631,936.0238364513983,container,0
699.799941083648,947.5155337752022,727.7912652938238,961.3537399118627,712.6059085409847,992.0700220598666,684.614584330809,978.2318159232061,container,0
739.6583898718058,928.7144418074273,743.3986293910647,930.5990622872682,736.1459175130368,944.9928778475702,732.4056779937779,943.1082573677293,container,0
709.6945261761775,940.9496443614152,712.5782311223874,942.4026768133375,710.0158309123879,947.48804579458,707.132125966178,946.0350133426576,container,0
714.2667623921521,942.7939009448435,718.2430551785718,944.7974632248911,714.5227867824552,952.1807507494857,710.5464939960356,950.1771884694381,container,0
720.8735406656881,944.6830038505642,724.5306645906346,946.5257442982765,722.3370876275008,950.8791424141358,718.6799637025542,949.0364019664235,container,0
728.9318436003562,947.7201069020158,733.3277933929096,949.9351246742038,728.1465235649048,960.217932474469,723.7505737723513,958.0029147022809,container,0
692.2424819115506,984.5662450155843,696.2378692950099,986.5794286229425,686.7227306087968,1005.4632824948941,682.7273432253376,1003.4500988875359,container,0
697.5766003460188,985.8309345954445,701.4134802227053,987.764249923797,693.5691089390292,1003.3322795577643,689.7322290623428,1001.3989642294118,container,0
701.3073791655454,988.3094730574418,711.2929486996771,993.2460872943287,701.3738418801627,1013.3100270939275,691.3882723460309,1008.3734128570405,container,0
690.1402786744666,1009.8398676105128,694.032398921002,1011.801017287921,689.2115979351977,1021.3684344705623,685.3194776886622,1019.4072847931541,container,0
703.7490205373219,1012.3984803655871,707.7887682787812,1014.4340161348186,703.5911792005127,1022.7645997849945,699.5514314590534,1020.729064015763,container,0
877.3039044253437,734.418657225393,880.6137634103194,727.9985801891198,915.0848266464757,745.7700738533283,911.7749676615,752.1901508896015,container,0
909.0310964995484,763.4473204253803,916.6448291005255,748.679093122121,937.8719078400303,759.6226747791292,930.2581752390532,774.3909020823885,container,0
932.3780921676048,703.2670994037585,934.9964300307519,698.8144003684355,954.7402312001095,710.4244242559867,952.1218933369624,714.8771232913097,container,0
853.8494830892761,773.7570528611186,857.7867853665126,775.7307996692422,850.3445773852806,790.5767881777826,846.407275108044,788.6030413696591,container,0
859.5093244010947,776.552410425963,863.5896775527723,778.5978678082175,853.9376841446773,797.852017058339,849.8573309929997,795.8065596760845,container,0
864.2774441987283,779.613937659041,868.2153537845213,781.5879889074237,863.1567666411493,791.6790434424944,859.2188570553562,789.7049921941117,container,0
869.2497620965321,780.8119112507588,882.376833601602,787.6471839410896,871.4253733755265,808.679351637338,858.2983018704566,801.8440789470072,container,0
875.4953130621483,816.9961994953721,885.1287003151191,822.0123090503615,874.5766496612192,842.2774147358762,864.9432624082484,837.2613051808868,container,0
843.6764507256371,794.5452692903026,871.657514621726,809.1150232389626,866.6773629817735,818.6793536827544,838.6962990856846,804.1095997340943,container,0
856.135322398183,814.9129060039065,865.9950384386593,820.046865071613,855.8279787269139,839.572599578328,845.9682626864376,834.4386405106216,container,0
837.723963369851,806.0537117814507,842.150614107824,808.2727661363235,832.3628082783897,827.7978389687481,827.9361575404167,825.5787846138753,container,0
846.8425065160249,809.8263441508005,851.8249272938054,812.3240028049834,841.9043924275605,832.1138483715494,836.92197164978,829.6161897173665,container,0
831.0608259937821,828.8331112047157,836.0724930850711,831.3454308663274,829.1900620275333,845.0747559065172,824.1783949362443,842.5624362449055,container,0
837.730897155809,832.0919061567129,854.4411366212853,840.7929361940021,844.9004016670198,859.1158203903753,828.1901622015434,850.4147903530861,container,0
817.6025904893048,847.5467601129058,840.0117357740272,859.2152132571701,834.9023478713826,869.0277406256885,812.4932025866602,857.3592874814241,container,0
806.0593828393289,855.6879929123761,829.5394853705787,867.914094029905,819.2526037096975,887.669945368156,795.7725011784477,875.4438442506272,container,0
800.5371215217673,879.7009300599541,828.2398733365419,894.1257667688428,817.8684018875396,914.04407193265,790.165650072765,899.6192352237613,container,0
857.7351870316467,863.3825527653783,862.0035158387128,865.5222412540361,851.6746502698292,886.1266398315295,847.406321462763,883.9869513428716,container,0
841.6466963825297,884.0689684198462,845.6911852072218,886.0964472228785,835.7800406129123,905.8675607317546,831.7355517882203,903.8400819287223,container,0
847.0915968808117,886.7344577915444,850.3598040711573,888.3727911111692,843.9015174723904,901.256017281675,840.6333102820448,899.6176839620501,container,0
829.5296462257339,905.1955742509491,839.4405094356123,910.1638325275217,830.1153775638999,928.7659464374245,820.2045143540215,923.797688160852,container,0
817.70323052588,930.4236064991943,826.8063398190566,934.9869424196507,816.728275634233,955.091033228929,807.6251663410565,950.5276973084725,container,0
788.5397142429605,925.6375512744593,797.7635742169549,930.2614188112512,794.1925160850677,937.3850961020531,784.9686561110733,932.7612285652611,container,0
797.5140870973534,933.9232072252436,804.4786637878756,937.4145091484729,800.5884219002372,945.1749058620516,793.623845209715,941.6836039388222,container,0
773.4213715128109,944.2553188926266,796.9004062564703,956.0252229081367,782.0070777666923,985.7349789604742,758.5280430230329,973.9650749449642,container,0
804.8679849353156,955.067483818023,813.8467746120466,959.5684990354018,792.4228156056419,1002.3057955499066,783.4440259289108,997.8047803325278,container,0
782.5366513883735,935.7386719240427,791.7605113623679,940.3625394608347,788.1894532304807,947.4862167516366,778.9655932564863,942.8623492148446,container,0
770.6191592769516,982.9131450453262,780.132174481553,987.6819644230685,770.6382575640072,1006.620776911831,761.1252423594058,1001.8519575340887,container,0
777.1296381372974,1012.2636364191677,786.3444845811334,1016.8829855255403,778.991580713943,1031.5508269231466,769.776734270107,1026.931477816774,container,0
755.6942696200424,1001.4230809689528,769.6449740212083,1008.416488216873,759.9675542679947,1027.7213588696206,746.0168498668288,1020.7279516217006,container,0
746.1835868097978,996.9921344930427,750.7164317210672,999.2761305600683,740.5026487223802,1019.5465219844724,735.9698038111108,1017.2625259174469,container,0
752.3644337289155,972.710787344795,756.8972786401849,974.9947834118205,746.6834956414979,995.2651748362247,742.1506507302284,992.9811787691991,container,0
756.7298338954295,976.5691430279354,760.9306005344589,978.6858125081071,754.2891813147121,991.8664496153509,750.0884146756827,989.7497801351792,container,0
761.7388413597936,978.9528077735015,765.806484468637,981.0023993753593,755.5254281242759,1001.406302256725,751.4577850154325,999.3567106548671,container,0
