289.74667610275776,545.6167110334432,312.97920632878385,546.690686755031,311.9083495472272,569.8557472356117,288.6758193212011,568.7817715140238,container,0
283.00531078126244,589.8765960681044,296.53623795816463,592.7892503777912,290.79242961126647,619.4724898550917,277.2615024343643,616.5598355454049,container,0
335.3681271529138,686.1715027531958,263.80883122655484,666.6664600431584,270.8144696528139,640.9644628340078,342.37376557917287,660.4695055440452,container,0
350.1238458070916,611.8051075799798,342.91479920127324,645.655144256725,316.2190529063064,639.9697477812248,323.42809951212473,606.1197111044796,container,0
384.1055790142034,624.429517888376,377.5516687153591,655.2033658217388,353.4841684153092,650.0777072292385,360.0380787141535,619.3038592958758,container,0
421.6760043706345,633.7750483030178,415.8533237138138,661.1154116780137,391.785823413764,655.9897530855136,397.6085040705847,628.6493897105177,container,0
458.1304027765968,643.3755714961845,452.3077221197761,670.7159348711805,428.2402218197263,665.5902762786803,434.062902476547,638.2499129036844,container,0
493.56483006845974,654.5060513605005,488.3330795062918,679.0717058910226,464.265579206242,673.9460472985223,469.49732976840994,649.3803927680002,container,0
361.2924579453829,693.9415672559413,341.2775033993396,687.035616407243,349.987872667421,661.7910630069299,370.00282721346434,668.6970138556283,container,0
391.38614354148115,703.9042780665591,363.53922023003076,694.2959882633546,372.2495894981122,669.0514348630415,400.09651280956257,678.659724666246,container,0
476.7286073708557,727.4154062028757,398.75484428633735,705.1232716798033,406.2521199867173,678.8991880849511,484.2258830712356,701.1913226080235,container,0
403.56366073749683,586.5864543183691,398.1349359458985,603.1505850449767,376.0984624221523,595.9283557525216,381.5271872137506,579.364225025914,container,0
442.3999478838477,588.0251697154189,439.0287110111744,598.7858245136263,410.97905635559056,589.9980665366294,414.35029322826387,579.237411738422,container,0
549.4181809964404,628.18044322493,546.425915821513,643.138316234702,517.6029736875515,637.3723971143794,520.5952388624789,622.4145241046074,container,0
437.7722526363603,610.9934682754364,436.0098380190028,617.2693628688501,416.33830596710214,611.7451471386383,418.1007205844596,605.4692525452247,container,0
581.8995034785193,648.8272518491425,580.1370888611618,655.1031464425561,558.3999664407307,648.9988657343903,560.1623810580882,642.7229711409767,container,0
604.0877888496331,655.3160805951643,601.741859549885,661.3979860491892,580.6766358696833,653.2726500322626,583.0225651694313,647.1907445782377,container,0
663.2589150537399,664.1005693669513,661.8196051504348,670.4583476922282,639.7988710986638,665.4731690689421,641.2381810019689,659.1153907436651,container,0
673.281309818312,674.0251624509305,671.8419999150069,680.3829407762074,649.8212658632359,675.3977621529212,651.260575766541,669.0399838276443,container,0
725.8970161019346,687.0732650463067,724.4577061986295,693.4310433715837,702.4369721468585,688.4458647482975,703.8762820501636,682.0880864230205,container,0
788.7798188064985,702.1390249819659,784.161095082752,714.17464570714,760.7429158649102,705.1878138361291,765.3616395886567,693.152193110955,container,0
825.0578342149132,723.9678872354299,822.7171104205554,730.051798013017,801.6449411227821,721.9444917297393,803.98566491714,715.8605809521522,container,0
876.9760202267394,753.163911595469,873.508148274907,758.6835875240728,854.3902568579472,746.672302752899,857.8581288097796,741.1526268242952,container,0
852.1749391681805,736.1371618679401,849.693945004282,742.1652317240231,828.8151857341533,733.5720864660337,831.2961798980517,727.5440166099507,container,0
839.6295229311255,822.8203362742362,903.9490774591067,841.9465821821077,896.388198803718,867.3730223365018,832.0686442757368,848.2467764286303,container,0
982.540293316475,838.0325555557421,970.8239421067589,867.160412105028,894.095537084149,836.2972780640756,905.8118882938651,807.1694215147897,container,0
874.4905758843208,826.3739402472738,872.2810191150664,832.5067061089838,851.0396358624328,824.8537085524949,853.2491926316872,818.7209426907849,container,0
