258.1545267959411,157.76189376280067,258.69098038218584,152.7545815458496,276.7252011726603,154.68666047342842,276.18874758641556,159.6939726903795,container,0
257.4450257771287,166.12636326950593,257.98147936337347,161.11905105255485,276.01570015384794,163.05112998013368,275.4792465676032,168.05844219708476,container,0
258.6764810204591,174.4908327762112,259.21293460670387,169.4835205592601,277.24715539717835,171.41559948683894,276.7107018109336,176.42291170379002,container,0
43.76169105384825,328.0376119708605,43.50656816445335,332.54810008405025,25.871619130248504,331.5506295134524,26.12674201964341,327.04014140026266,container,0
123.49530602250441,1007.7289800403184,123.23883455533604,1012.8628389450596,103.50474761568846,1011.87698593964,103.76121908285683,1006.7431270348989,container,0
123.81019558288898,1001.7393874522717,123.55372411572061,1006.8732463570128,103.81963717607303,1005.8873933515932,104.0761086432414,1000.7535344468521,container,0
125.00269689727901,993.3119707534964,124.74622543011064,998.4458296582376,105.01213849046306,997.459976652818,105.26860995763143,992.3261177480769,container,0
327.5734988074602,966.2290393437917,328.9346258039437,962.3315833591869,353.08176159113674,970.7646018557467,351.7206345946533,974.6620578403515,container,0
443.67569603818436,1017.245541332614,444.64596849934554,1014.4672596438224,462.79056030285426,1020.803981300586,461.8202878416931,1023.5822629893776,container,0
917.9546281097781,999.9895584355137,919.7274479108464,994.4495041805363,934.066023072798,999.0378545461264,932.2932032717297,1004.5779088011037,container,0
914.3883753890736,1009.9983015650049,916.1611951901419,1004.4582473100276,930.4997703520935,1009.0465976756176,928.7269505510252,1014.5866519305949,container,0
914.3478649618837,1021.0440277220005,916.120684762952,1015.5039734670231,930.4592599249036,1020.0923238326131,928.6864401238353,1025.6323780875905,container,0
996.5398881116844,1007.7623670642695,995.1714968660366,1011.4945556036719,984.8093628836652,1007.6953227198001,986.177754129313,1003.9631341803977,container,0
995.4856257206709,1012.8065691451327,994.117234475023,1016.5387576845351,983.7551004926515,1012.7395248006633,985.1234917382994,1009.0073362612609,container,0
841.0159897805484,304.6945306088084,840.9480395843452,316.184891655834,823.0908694849097,316.079290255937,823.1588196811128,304.5889292089114,container,0
820.3345238258188,302.3885586929473,820.2495279613256,316.7613379504489,813.8452171380255,316.72346497368096,813.9302130025187,302.3506857161794,container,0
775.1226737003986,280.87266263144033,765.3993345128619,281.02260108921513,765.2408007922385,270.7418688397282,774.9641399797753,270.59193038195343,container,0
