176.30684594662742,285.7838441762128,181.10771282899015,282.79480015589274,190.3329409075897,297.61194291582035,185.53207402522696,300.60098693614043,container,0
195.5585599023238,314.4069239717528,199.59378898859862,311.89456991851654,206.6058997202515,323.1571040124263,202.57067063397668,325.6694580656626,container,0
332.82489728087774,433.5740888936511,337.68869686649975,422.86383706827945,364.15002217358233,434.88060242189266,359.2862225879603,445.5908542472643,container,0
348.0380685032544,454.10547202465807,350.385434456425,448.5613905629451,371.7497579188788,457.60705229331813,369.4023919657082,463.1511337550311,container,0
372.5341911504661,491.0251601360251,374.94777540866227,485.32468223479543,396.80954969820107,494.5809648124522,394.3959654400049,500.2814427136818,container,0
424.86503104801074,572.8789795132619,430.47960179139596,569.0012359486849,458.5872126370272,609.6981430267975,452.972641893642,613.5758865913746,container,0
463.799926930853,632.637489421063,469.5403912693561,628.9486726780586,484.31587819879184,651.9419959336246,478.57541386028873,655.630812676629,container,0
516.33838397408,690.260884566238,521.1685754193355,687.5998998290626,530.3012703008817,704.1774713095358,525.4710788556262,706.8384560467113,container,0
530.8666847540504,712.6198401954741,535.8581657069632,709.8699999909727,545.513533947233,727.396322642657,540.5220529943202,730.1461628471584,container,0
611.0177086214837,749.2786813984077,617.3967593838847,759.4142366318264,596.007242379739,772.8762336917213,589.628191617338,762.7406784583026,container,0
609.704683514473,735.4148058843142,628.4560497759123,723.58278193938,640.6989066712207,742.9852353825717,621.9475404097814,754.8172593275059,container,0
620.2012081434225,759.1379984689951,643.0038298674791,744.7496513755281,656.48814963932,766.1195725322895,633.6855279152634,780.5079196257565,container,0
635.3164155526613,781.3892538572459,657.8174985577248,767.191176277675,668.6657913071228,784.3835274427834,646.1647083020594,798.5816050223542,container,0
650.6394766254649,800.4679162375821,662.4376775760732,793.0233069110707,688.6270927917234,834.5282361748273,676.8288918411151,841.9728455013387,container,0
676.3854074086539,844.3373842472312,693.7366638070084,833.3888230428026,707.3831914561906,855.0158108969162,690.0319350578361,865.9643721013447,container,0
687.960073602775,865.6740710571049,694.7249613058536,876.22297135886,673.4478687337347,889.867724629914,666.682981030656,879.3188243281589,container,0
668.5150029992819,834.3536638115103,675.2798907023606,844.9025641132654,654.0027981302417,858.5473173843194,647.237910427163,847.9984170825643,container,0
643.71274122825,797.1889902478847,656.4380094465945,817.0322739268314,635.5013019956061,830.4587421582719,622.7760337772617,810.6154584793252,container,0
624.9789364983196,771.444835842039,627.9105100830321,776.1897889496828,608.0671374295903,788.4496165565614,605.1355638448778,783.7046634489176,container,0
632.3549315723031,781.0826841440581,635.2865051570157,785.827637251702,615.4431325035738,798.0874648585806,612.5115589188613,793.3425117509368,container,0
632.9126833421465,788.7724436734005,635.7402987523819,793.3491333386315,622.8792921339925,801.2950469061535,620.051676723757,796.7183572409225,container,0
634.6681998109432,794.1803852005348,637.4958152211786,798.7570748657658,628.0910599508491,804.5676132411122,625.2634445406136,799.9909235758812,container,0
656.183102788944,819.7787595658682,659.0936475239338,824.4231672087967,643.8709684165877,833.9628743005688,640.960423681598,829.3184666576403,container,0
635.6063298369711,719.8294322918729,653.5668042903861,708.4964573591504,665.8127971937981,727.9038807412827,647.8523227403831,739.2368556740051,container,0
650.0366500279404,741.3970404983671,668.5435299485819,729.7192862849392,680.4263583734764,748.5511673776442,661.9194784528349,760.2289215910721,container,0
664.0671788364265,762.6643920450701,686.8095635173921,748.3140542425683,698.9835256498349,767.6073234128071,676.2411409688692,781.9576612153089,container,0
675.3477266546658,784.6829071724567,701.063559734285,768.4563374111004,727.3407063302484,810.1003031788844,701.6248732506292,826.3268729402406,container,0
706.0994120828951,676.0762943731394,721.5429812162424,701.3930434494642,677.7464443511825,728.1095402175766,662.3028752178352,702.7927911412518,container,0
699.3763416868329,717.1199501899927,702.3079152715454,721.8649032976365,682.4645426181036,734.1247309045151,679.532969033391,729.3797777968713,container,0
727.9932123205091,707.230508429584,767.4926022218491,771.9821299081225,723.3438166394814,798.9135032941401,683.8444267381414,734.1618818156016,container,0
744.973036604089,786.7322506432464,751.2755106234553,797.0639396414728,730.0075604842384,810.0376850978645,723.7050864648721,799.7059960996381,container,0
374.5562777478173,30.607167236727516,377.676607282455,35.87578004142655,355.9446563303774,48.746501598452966,352.82432679573975,43.477888793753934,container,0
646.032475208846,481.0526258249197,648.7649167153479,485.5697686036774,621.8462942042571,501.85297350768315,619.1138526977552,497.33583072892543,container,0
619.7564964147052,505.6090001347025,624.5191671897751,502.95207569210294,634.4944110445715,520.8332023134343,629.7317402695016,523.490126756034,container,0
680.6485717557538,485.30032155364233,662.3616711734618,497.1771499812006,655.035394045094,485.89678988322066,673.322294627386,474.0199614556624,container,0
702.1078980356505,500.04946897569556,683.6541486118456,512.0346610406601,671.4423410753606,493.23198895426225,689.8960904991654,481.2467968892977,container,0
643.746068484095,491.2922336916773,646.1113021958249,494.9978739157265,635.7988848091799,501.58007719979764,633.4336510974499,497.8744369757485,container,0
664.4564407962768,510.2345980353268,666.367820978781,513.2291804533821,657.0633072498437,519.168059624682,655.1519270673394,516.1734772066267,container,0
669.7370997880814,511.8166876248552,674.1632176080116,518.751139873093,655.7301115517553,530.5166112141048,651.3039937318251,523.5821589658669,container,0
680.7976989488391,518.4112696283257,683.6555516758016,523.1183552715282,661.1858654336734,536.760565965908,658.3280127067109,532.0534803227055,container,0
697.3466241239479,543.620190689631,699.8722185507581,547.7800234041832,680.8440439501177,559.3327600216035,678.3184495233074,555.1729273070513,container,0
712.0179987791931,541.9250997156049,714.6719941424986,546.296417857327,698.2718644964413,556.2535673090705,695.6178691331357,551.8822491673484,container,0
691.2912707234186,554.6930960897961,693.3670470457669,558.1120465602809,676.6636759397413,568.2533055649384,674.5878996173931,564.8343550944536,container,0
696.1571384851046,564.0028479229809,698.4811884456747,567.8307226417429,682.9079262361935,577.2858490716899,680.5838762756234,573.4579743529279,container,0
718.0326819607787,550.0096505197315,720.6830152907607,554.3749370334697,702.8590898506409,565.1965276705092,700.2087565206589,560.8312411567711,container,0
705.6710910777717,567.5942593793329,708.3214244077537,571.9595458930711,690.4974989676339,582.7811365301106,687.8471656376519,578.4158500163725,container,0
719.6564222625105,558.0268228046798,722.2544085611843,562.3058900541392,712.4971985714297,568.2298674980241,709.899212272756,563.9508002485646,container,0
758.3309227759764,640.76519460879,849.5982250419196,784.017515661481,828.8929265203199,797.2090418077299,737.6256242543767,653.956720755039,container,0
787.0470464677732,635.7325784358574,837.5496191779785,715.0009536398084,816.8443206563787,728.1924797860573,766.3417479461734,648.9241045821063,container,0
853.3516549257931,737.274373068653,862.8841609944249,752.2365072161188,842.1788624728251,765.4280333623678,832.6463564041934,750.465899214902,container,0
868.1042181759183,758.6981680090862,874.5294501663863,768.7831532456881,853.8241516447865,781.9746793919371,847.3989196543185,771.8896941553352,container,0
840.8471645456953,716.4768230069878,852.6210592847393,734.9570202662804,836.3019086207878,745.3540933847153,824.5280138817437,726.8738961254227,container,0
862.8345450956563,753.6754653006861,865.4993771427781,757.8559811366607,849.807275698051,767.8587694186116,847.1424436509291,763.678253582637,container,0
782.6063685661087,531.8812849118247,787.2918353849857,528.9888897420368,798.0227068286268,546.3721099230136,793.3372400097498,549.2645050928014,container,0
786.4846766079237,523.9410184133986,791.1701434268008,521.0486232436108,801.4451350145122,537.693351685746,796.7596681956351,540.5857468555339,container,0
830.7686650279041,395.2456624498451,879.7784565986032,478.21251496549496,857.0628105775642,491.63099527574775,808.0530190068652,408.6641427600979,container,0
869.2145166344543,320.3059977441196,881.0602861107752,341.2916513312811,863.5427681982593,351.1797626606293,851.6969987219384,330.1941090734678,container,0
873.7609970583177,372.5732553214986,890.856655385274,398.0744624982978,871.0138024310894,411.37683802840223,853.918144104133,385.87563085160303,container,0
900.3546237430411,411.88673753617644,911.6881214263416,429.35539010029055,891.6473392295421,442.3576613267248,880.3138415462416,424.8890087626107,container,0
909.3482623078124,380.74258565716934,926.9551395464385,407.88058222408597,906.9143573496391,420.8828534505202,889.307480111013,393.7448568836036,container,0
912.8291176471217,432.92928899149047,919.604107670172,443.8631329126958,899.2973248391467,456.4459219182735,892.5223348160964,445.51207799706816,container,0
854.1943350063841,343.45044837139136,857.6248416174177,349.16226835519205,841.7646985961255,358.68783562460686,838.3341919850919,352.97601564080617,container,0
923.4619412043176,311.5114854007603,926.2741094885341,316.1937672981151,909.5826056164153,326.21864807933594,906.7704373321988,321.5363661819811,container,0
939.8058482727406,333.1008549679496,942.6639794173747,337.75522287187846,926.0719839771634,347.94395309220823,923.2138528325294,343.2895851882794,container,0
947.7753130934656,353.73428178566974,950.4515589652922,358.0924558016655,939.9490597171288,364.5417784201745,937.2728138453022,360.18360440417877,container,0
960.4468800021515,366.97218105392716,966.0415096676348,376.00109583479343,945.7347268366094,388.5838848403711,940.1400971711261,379.55497005950485,container,0
970.5145341463483,381.2848281474803,975.1481763098316,388.03602347467574,956.7803586024997,400.6426642923433,952.1467164390165,393.89146896514785,container,0
977.4689858550648,392.11607151163395,983.5481072296607,401.3943259637773,962.6776285992287,415.06868393646647,956.5985072246328,405.7904294843231,container,0
963.9877860256044,791.0245890364467,969.0859751742839,787.9864361087709,980.6526429350844,807.3959462513715,975.5544537864048,810.4340991790473,container,0
978.8416772068924,777.4928250949359,1007.6482708466972,760.6921030297431,1020.322746092394,782.4238153087628,991.5161524525893,799.2245373739556,container,0
1004.8227778200697,795.1062826301245,1018.0374788210307,787.3991402491874,1029.0940043713313,806.3567087012887,1015.8793033703702,814.0638510822257,container,0
917.9695926636922,882.4896825177426,898.2317913140196,850.9666204474213,918.6495291669095,838.1822896342845,938.3873305165821,869.7053517046058,container,0
938.4423302918128,910.5148934225269,924.6869439486604,888.5462916611338,945.1046818015504,875.761960847997,958.8600681447028,897.7305626093902,container,0
947.8235506781845,924.6433492382458,942.528601356436,916.1868340888798,962.9463392093259,903.402503275743,968.2412885310744,911.8590184251091,container,0
820.6468721677556,896.5372909335599,814.3198901409123,886.432525786894,834.7376279938023,873.6481949737572,841.0646100206457,883.7529601204232,container,0
845.5284150708733,940.5767160315817,835.734134215186,924.9343596273255,856.151872068076,912.1500288141887,865.9461529237633,927.7923852184448,container,0
843.7903294783064,985.9899455601089,833.9960486226191,970.3475891558528,854.4137864755091,957.5632583427159,864.2080673311964,973.2056147469721,container,0
864.8101330855246,1017.5651126530422,849.4078409835834,992.983606605437,869.8215190363613,980.1927942103393,885.2238111383026,1004.7743002579446,container,0
851.7103392242402,988.5073882293777,849.2186887376743,984.7066942941257,865.223783059402,974.2141101151205,867.7154335459679,978.0148040503726,container,0
888.2112415170545,1005.2068817000905,870.9948516485922,977.7301406495689,892.1242382701375,964.490879228823,909.3406281385999,991.9676202793447,container,0
866.1367217340761,973.2315887105855,862.8153764175398,967.6587305828357,884.4749849519388,954.7499075490106,887.7963302684751,960.3227656767604,container,0
856.222630253807,941.2471122386573,853.4811012820901,936.6471232111909,864.6823542314075,929.9713334871888,867.4238832031244,934.5713225146552,container,0
857.5260541644612,947.6706363639903,854.7845251927444,943.0706473365238,865.9857781420618,936.3948576125217,868.7273071137787,940.9948466399882,container,0
886.4326298367055,883.7141308688208,882.7867594651941,877.596754806946,903.102165857511,865.489057405021,906.7480362290223,871.6064334668957,container,0
897.979199079381,896.1761342970642,895.0516351551255,891.2639987450739,913.2853863677631,880.3969386468771,916.2129502920186,885.3090741988674,container,0
904.4157462161246,908.5016651303357,901.3462229372221,903.676964823373,919.2554162283251,892.2829543738388,922.3249395072276,897.1076546808015,container,0
912.4108603286265,919.0715727019866,909.3413370497241,914.246872395024,927.250530340827,902.8528619454897,930.3200536197295,907.6775622524524,container,0
923.7336505811346,934.7610326351901,920.6641273022321,929.9363323282274,938.5733205933351,918.5423218786932,941.6428438722376,923.3670221856559,container,0
939.3559979903853,938.736333478908,936.6539068558654,934.4891658435414,946.3124596181444,928.3442965961111,949.0145507526643,932.5914642314777,container,0
953.4260634684753,929.8979642501577,950.7239723339554,925.650796614791,960.3825250962344,919.5059273673608,963.0846162307542,923.7530950027274,container,0
954.0313678491492,994.9413453892939,951.2273581643294,990.5339813923953,969.5386588464827,978.8841461415429,972.3426685313025,983.2915101384416,container,0
967.6084700592229,1009.910531327137,964.8044603744031,1005.5031673302384,983.1157610565564,993.8533320793861,985.9197707413762,998.2606960762847,container,0
999.9672833433433,987.5823208007149,994.5876077129202,987.0170880363395,996.4346889398635,969.4372545760874,1001.8143645702866,970.0024873404628,container,0
941.4327383193868,993.091951409662,944.9901119013449,990.7334477722891,951.5819497724656,1000.6760357453124,948.0245761905074,1003.0345393826854,container,0
922.720746543477,964.3927729370345,968.3616248235952,937.9405103803521,974.8015637339737,949.0520161470196,929.1606854538555,975.504278703702,container,0
976.8040267273796,926.9419687123824,968.377190524146,931.6919972259477,960.9512172886396,918.5178741808969,969.3780534918731,913.7678456673316,container,0
996.2460684375242,955.6661940543667,991.5548070605839,958.7523402563534,977.9315137637893,938.0435256095169,982.6227751407296,934.9573794075302,container,0
906.6132823424073,1029.7686218143108,900.5201758583634,1020.044242293723,919.4283884235936,1008.19672520135,925.5214949076375,1017.9211047219379,container,0
795.9856004573342,891.0109744646408,789.6586184304908,880.9062093179748,810.0763562833808,868.121878504838,816.4033383102242,878.226643651504,container,0
786.2772808267771,878.133706524532,783.4392830448226,873.7663848566384,801.0798527881334,862.3030895898905,803.9178505700879,866.6704112577842,container,0
800.1088282610073,907.1151549853807,797.2708304790527,902.7478333174871,814.9114002223636,891.2845380507392,817.7493980043181,895.6518597186329,container,0
803.5618104089353,920.8759678964119,800.9183625929523,916.8080341587267,820.8077199381182,903.8834189546202,823.4511677541012,907.9513526923054,container,0
741.764304361506,938.6999086398826,739.1208565455231,934.6319749021974,748.9777896369199,928.226686632293,751.6212374529027,932.2946203699781,container,0
749.2961986559234,948.5406004570026,746.737595162263,944.6032314609931,755.2761285711091,939.0546731641326,757.8347320647695,942.9920421601421,container,0
729.8029691377902,939.5413556162164,733.8175098978837,937.1056239121783,737.7348780782903,943.5621783046277,733.7203373181968,945.9979100086657,container,0
755.2593830957138,961.7718673431345,749.1882178309406,952.0756648082054,768.4227494971784,940.0321848875278,774.4939147619516,949.728387422457,container,0
798.5183480096438,1030.2185264471157,757.9963341987332,967.660063842066,777.4813787392119,955.0386979852947,818.0033925501225,1017.5971605903443,container,0
754.4573420397829,1013.34065915345,734.070878372594,981.8677459136434,753.5559229130728,969.246380056872,773.9423865802617,1000.7192932966786,container,0
765.4367515316478,1027.7508503467882,759.3655862668746,1018.054647811859,778.6001179331124,1006.0111678911815,784.6712831978856,1015.7073704261106,container,0
791.8667573306628,971.719854291418,796.5911307682513,968.8292963196652,808.7338970955992,988.6756246951456,804.0095236580107,991.5661826668984,container,0
