-4.6199746972037,105.62136444304271,2.1758309536810803,100.17788501653214,23.73407806101421,127.09185787030661,16.93827241012943,132.53533729681718,container,0
15.798223431265196,109.13252151135538,23.442200706064494,104.96310259095495,39.95468405306265,135.23615738939995,32.31070677826335,139.40557630980038,container,0
25.393281908532646,109.01183372574621,33.03725918333195,104.84241480534578,47.99121054922297,132.25814505255892,40.347233274423665,136.42756397295935,container,0
39.74707324924988,106.18630561503197,47.391050524049184,102.01688669463154,62.34500188994021,129.43261694184466,54.7010246151409,133.6020358622451,container,0
122.71288391403166,206.35492929829928,129.16290516792594,205.94144030069612,131.16078169664493,237.10634710012977,124.71076044275067,237.51983609773293,container,0
130.06545050795083,208.71481253928883,135.86066056573833,205.8531193843637,149.6876538346322,233.85414050116148,143.8924437768447,236.7158336560866,container,0
140.22924237022497,207.8720897883453,146.02445242801247,205.01039663342019,159.85144569690632,233.01141775021796,154.05623563911882,235.87311090514308,container,0
155.61347710059195,204.60113758083668,169.4611180847928,203.44921918226234,172.04995617234383,234.570608029771,158.202315188143,235.72252642834533,container,0
218.8505795458455,202.8087778533601,286.3303006372922,189.50937213908097,294.1657135554846,229.26539505582392,226.68599246403792,242.56480077010306,container,0
333.5929719738216,199.32619726549916,349.9583338991018,196.1007899225974,356.1699186379366,227.61768734775274,339.8045567126564,230.8430946906545,container,0
371.7446083497228,202.53851513313853,385.5317789286367,199.82123693140346,391.74336366747156,231.3381343565588,377.95619308855765,234.05541255829388,container,0
428.8514623278418,203.4948630906228,440.9783307056441,196.39495205278925,457.2084314813143,224.1164678318205,445.08156310351194,231.21637886965405,container,0
452.7241119604558,203.06667682452476,475.10241749636117,189.47982311174385,493.16554298183104,219.2307978106913,470.78723744592565,232.81765152347222,container,0
511.2572207233898,203.77126221098314,538.7337557279146,187.08904911662708,558.7996081899904,220.13862679864252,531.3230731854657,236.82083989299858,container,0
405.37257122129404,204.75034026437834,411.3775384472797,202.35991855646472,422.9274646887618,231.3744344107352,416.92249746277616,233.76485611864882,container,0
494.9686948312826,199.36350511271962,500.3196193101953,195.7384044868336,517.8352085923386,221.5927476140658,512.4842841134259,225.21784823995182,container,0
362.6419283671996,206.7119418222453,369.01709916493,205.6484830188154,371.7456247495671,222.0053146816274,365.37045395183674,223.0687734850573,container,0
322.79391485266495,206.66253055017506,328.77586361034065,204.21507546634427,335.0553205972446,219.56301389015914,329.0733718395689,222.01046897398993,container,0
909.8770632664938,95.67610597242188,927.6892018204364,-17.04942376316928,1042.1375445771068,1.0349422471976268,1024.3254060231643,113.7604719827888,container,0
923.3470378123332,118.35358021616258,925.9706336272028,101.74994628710778,957.7486834059973,106.77130238063569,955.1250875911277,123.3749363096905,container,0
1000.2475868691258,150.94942178167724,1002.8711826839955,134.34578785262244,1025.0994212962758,137.85814629441228,1022.4758254814061,154.4617802234671,container,0
998.2158521327972,122.72994395245853,999.5932700895144,114.01284530829334,1024.8583428817308,118.0050640914384,1023.4809249250136,126.72216273560359,container,0
967.6975480143057,120.9776096066501,967.320159078148,115.5696781152643,996.1776444051455,113.55587751422357,996.5550333413032,118.96380900560938,container,0
888.925689531072,63.84489712999022,913.2644920215836,68.59028767453542,906.3564493561845,104.02119361386698,882.0176468656729,99.27580306932178,container,0
891.6879671782716,-1.393814396524938,922.9835674719791,-0.038873283714320195,921.9229359980208,24.45894315575741,890.6273357043133,23.104002042946792,container,0
824.6541739821761,-11.537996528826536,882.4762007945154,1.048429286276038,877.0174077208693,26.12611886266396,819.19538090853,13.539693047561387,container,0
850.8122013250769,18.021256129674637,864.4622790593882,19.585097389408514,860.4042303023933,55.00600768821383,846.7541525680821,53.44216642847995,container,0
876.3757344088235,16.57069205136497,884.4670442671298,17.960007882484614,878.4336180819671,53.09839735295341,870.3423082236608,51.70908152183377,container,0
773.9915487444536,91.80864636484796,769.0020622815767,52.677937480139605,806.4431613139533,47.90389013722842,811.4326477768301,87.03459902193677,container,0
779.4388164941117,47.82880947536373,769.9727065841859,25.40477967737803,807.5519991484134,9.541006887431347,817.0181090583393,31.96503668541704,container,0
700.7922691876946,85.26532872841867,682.7049459884698,-0.2756533577673608,743.2489349852466,-13.07745513801435,761.3362581844714,72.46352694817168,container,0
614.147089312869,78.11896045547107,598.4908763996953,4.075509493047527,659.034865396472,-8.726292287199463,674.6910783096457,65.31715867522408,container,0
520.832862285269,60.81553156819804,509.46977743986304,7.07571465342415,568.3858250474376,-5.381864961753127,579.7489098928436,48.35795195302076,container,0
443.9935631538462,39.98001373598956,436.2834644067978,3.516386059327168,491.55529474037434,-8.170637337818981,499.2653934874227,28.29299033884341,container,0
845.6692846811212,129.31473049467365,846.4217907213144,122.13971371625018,875.337966306378,125.17240304075219,874.5854602661848,132.34741981917566,container,0
809.887641433388,131.51341010322523,810.6401474735812,124.33839332480177,839.5563230586448,127.37108264930377,838.8038170184516,134.54609942772726,container,0
473.09232867491545,71.35074835975706,474.5164944072265,64.27834543867738,503.0191238769226,70.01790363756248,501.59495814461155,77.09030655864217,container,0
363.49807140636466,50.59586129738636,366.43748838521503,35.99872505415088,398.8706063129701,42.52976346643387,395.9311893341197,57.126899709669345,container,0
325.67505173160544,43.42552681235934,327.0992174639165,36.353123891279665,355.6018469336126,42.09268209016477,354.17768120130154,49.16508501124444,container,0
275.71745499871975,33.57464595853122,277.1416207310308,26.50224303745155,305.6442502007269,32.241801236336656,304.22008446841585,39.31420415741633,container,0
361.92054955776484,21.586244684564594,357.8502817969676,2.3365913346833516,405.00641895055514,-7.63439885881888,409.0766867113524,11.615254491062363,container,0
127.93714913187367,51.332634100594255,129.87534649268213,44.383495873321706,157.8812045066954,52.194663001485445,155.94300714588695,59.143801228757994,container,0
237.82771113013138,77.78136556674554,239.19667049864776,70.69806962781028,267.74320013285785,76.21513957918339,266.37424076434144,83.29843551811864,container,0
298.79695041856496,88.4856172663887,300.1659097870813,81.40232132745345,328.7124394212914,86.91939127882655,327.343480052775,94.0026872177618,container,0
337.08466413075433,97.063475943259,338.4536234992707,89.98018000432374,367.00015313348075,95.49724995569684,365.6311937649644,102.5805458946321,container,0
418.963434809788,112.37491252557679,420.33239417830436,105.29161658664154,448.8789238125144,110.80868653801464,447.50996444399806,117.89198247694989,container,0
289.8337785512809,175.21822365647841,289.3929795739001,168.0173329218036,318.41343029659043,166.24086033347612,318.8542292739712,173.44175106815095,container,0
306.30906168166194,169.5736130271997,305.86826270428116,162.37272229252488,334.8887134269715,160.59624970419742,335.3295124043523,167.79714043887225,container,0
342.58917997687814,168.88021118912982,342.14838099949736,161.679320454455,371.1688317221877,159.90284786612753,371.60963069956847,167.10373860080236,container,0
976.8481838358865,512.6107557283257,975.964455481199,495.2865208026128,1006.8117007384416,493.7129687574738,1007.6954290931291,511.0372036831867,container,0
918.3077404358887,518.7714378525915,918.204889711712,513.9576066214398,941.3093095271277,513.4639652377701,941.4121602513044,518.2777964689218,container,0
966.4086108628771,492.0915801671727,963.6715787350411,475.1341985547388,1021.6263353681229,465.7799223763131,1024.363367495959,482.737303988747,container,0
