26.86871960170633,100.99485080428859,27.77451663473868,87.177707997163,42.792646366178744,88.16223696543985,41.886849333146394,101.97937977256544,container,0
173.2781332774469,25.297148025954257,173.3230360532814,16.64014214917535,191.8626934905256,16.73630496733705,191.81779071469109,25.393310844115955,container,0
193.45233240169793,41.58315357036204,193.37573089550054,20.089055612928696,224.27158353088336,19.978947766029947,224.34818503708075,41.473045723463294,container,0
226.83103374923755,43.86257985726567,226.76309215649692,24.798421432133686,238.10508018105648,24.75800041201575,238.1730217737971,43.82215883714773,container,0
284.302243767138,46.892347042621275,284.20363177766,19.22218927633878,302.8601765749557,19.155700352972808,302.9587885644337,46.8258581192553,container,0
261.5500920025639,47.579042869147315,261.51753060974244,38.442437054499536,282.3523903214403,38.36818496732246,282.3849517142617,47.50479078197024,container,0
304.5712137025159,45.2267269334503,304.544565011333,37.74920322464348,312.68912114553603,37.72017733723825,312.7157698367189,45.19770104604507,container,0
313.6490789541844,48.35271356925939,313.6224388815875,40.877608203650524,322.83819442785017,40.844764733922744,322.86483450044705,48.31987009953161,container,0
275.29132393537986,89.99971278056572,275.264683862783,82.52460741495685,294.4285081557315,82.45631062910198,294.45514822832837,89.93141599471085,container,0
302.5614864237379,100.06384210284979,302.4975700729367,82.12915160652504,312.4168517952739,82.0938008827202,312.4807681460751,100.02849137904495,container,0
312.668337964907,103.29884238719087,312.62116726271887,90.06291865822436,320.5782434913772,90.03456091903242,320.6254141935653,103.27048464799893,container,0
322.1240464386467,103.51176225802352,322.043492659868,80.90867130247325,330.645342606173,80.87801569351139,330.72589638495174,103.48110664906166,container,0
329.91172113949006,103.07589206397232,329.8572272766169,87.78511666257084,339.51240097842185,87.75070717724977,339.566894841295,103.04148257865124,container,0
263.12039369589155,104.58490186923666,263.0598233267118,100.03988325972374,272.8600684777197,99.90927775117737,272.92063884689946,104.4542963606903,container,0
167.5838863326295,106.3567023517211,167.48928925392437,79.81311362730342,189.2687235879783,79.7354952281773,189.36332066668342,106.27908395259497,container,0
190.5633973557069,106.1469305192633,190.50617259583333,90.08987556862195,228.42349473822645,89.95474433432534,228.48071949810003,106.01179928496668,container,0
164.8390014585924,120.27404993026657,164.8076167157688,111.46760773210339,186.3075053110831,111.39098558900442,186.3388900539067,120.1974277871676,container,0
187.96175434155282,130.64076865504114,187.90191119689314,113.84900466438314,206.43069282951103,113.78297106837589,206.4905359741707,130.57473505903388,container,0
227.86277201064848,146.39740204153432,227.76080003402168,117.78444436834434,248.24841201605432,117.71142981619518,248.35038399268112,146.32438748938517,container,0
267.1478696467245,117.81045018480955,273.0517915859442,117.74847492518126,273.23363670289547,135.07150643722997,267.3297147636757,135.13348169685827,container,0
275.3623607592198,131.359850972328,275.31802275047505,118.91877049616336,292.03913310818467,118.85917914968162,292.08347111692945,131.30025962584625,container,0
295.15392607854034,136.21372108895162,295.0735092560905,113.64905957032806,313.98509021781757,113.58166173911357,314.0655070402674,136.14632325773712,container,0
315.6918148155939,147.9932674352218,315.60996816291896,125.0274008692509,333.67475258263454,124.96302088464199,333.75659923530947,147.9288874506129,container,0
335.7675811666584,124.40213158374276,341.6715031058782,124.34015632411445,341.7590770946416,132.68267875429757,335.8551551554218,132.74465401392587,container,0
183.3266147023037,214.8512658490527,183.18672691866547,175.59927363862255,197.10146681717305,175.54968374484417,197.24135460081126,214.80167595527433,container,0
206.1929988168754,148.631151609496,206.06220906305535,111.93203275415797,226.54982104508798,111.85901820200883,226.68061079890802,148.55813705734684,container,0
198.5702803144456,215.553800583685,198.45016553288224,181.85003927115505,214.6550263568422,181.7922877549345,214.77514113840556,215.49604906746444,container,0
216.93423001874112,215.11104737251054,216.8610516453999,194.57746777280764,232.7739366647727,194.52075681136864,232.8471150381139,215.05433641107155,container,0
235.4305856691596,215.81161527316522,235.34326401477225,191.3094835739601,254.2792657974897,191.2419987108695,254.36658745187705,215.7441304100746,container,0
252.15884599517858,241.0070743325689,252.03058599416002,205.01779471176042,274.77808082079116,204.93672630082318,274.90634082180975,240.92600592163166,container,0
275.68826265084783,231.3139632732807,275.52926016021735,186.69845531864547,293.77901625086974,186.6334161247678,293.93801874150023,231.24892407940303,container,0
308.3969967643772,229.66724382373164,308.2206793885105,180.19324342080967,321.78572890497384,180.1448997672792,321.9620462808405,229.6189001702012,container,0
329.3653980836976,200.68024121849237,329.2864486311542,196.20925359962595,339.67616798330897,196.02579018508396,339.75511743585236,200.49677780395038,container,0
348.6117211828487,180.58226762149943,352.84666125061665,180.5115431058488,352.99078357062507,189.14149810869876,348.75584350285715,189.21222262434938,container,0
407.1602333345926,67.78707641947953,430.84475998291254,67.78707641947953,430.8447599829125,86.84396857963493,407.16023333459253,86.84396857963493,container,0
476.9594805725228,18.47467991642641,481.31316872643856,18.47467991642641,481.31316872643856,35.32414110336257,476.9594805725228,35.32414110336257,container,0
499.63275792661943,18.041709047823844,503.9864460805352,18.041709047823844,503.9864460805352,34.891170234760004,499.63275792661943,34.891170234760004,container,0
494.1380177983563,19.30307176905822,498.49170595227207,19.30307176905822,498.49170595227207,31.68647240595469,494.1380177983563,31.68647240595469,container,0
488.8550672752238,18.211703146722044,493.20875542913956,18.211703146722048,493.20875542913956,29.54350968747888,488.8550672752238,29.543509687478878,container,0
440.15524770033386,23.580717775390134,444.9298321720822,23.580717775390134,444.9298321720822,38.45142793626486,440.15524770033386,38.45142793626486,container,0
418.60658721393423,14.689995553726241,423.1770239318924,14.689995553726241,423.1770239318924,33.51674338334289,418.60658721393423,33.51674338334289,container,0
525.382012661253,15.301920144310191,529.9524493792113,15.301920144310191,529.9524493792113,34.12866797392684,525.382012661253,34.12866797392684,container,0
516.058857380078,65.45693166090268,525.30813668065,65.45693166090268,525.30813668065,84.51382382105808,516.058857380078,84.51382382105808,container,0
492.7998779326872,71.8268531995138,497.37031465064535,71.8268531995138,497.37031465064535,81.64755556038389,492.7998779326872,81.64755556038389,container,0
551.7108526205076,70.479214749575,555.2223186948414,70.479214749575,555.2223186948414,80.77074948283729,551.7108526205076,80.77074948283729,container,0
556.7213705408126,76.16778559495286,560.2328366151464,76.16778559495286,560.2328366151464,86.45932032821516,556.7213705408126,86.45932032821516,container,0
556.2253587277239,91.17519118443401,559.7368248020578,91.17519118443401,559.7368248020578,98.42803838761183,556.2253587277239,98.42803838761183,container,0
599.7815847817843,81.52268266700042,603.3551550177332,81.52268266700042,603.3551550177332,97.94276829054473,599.7815847817843,97.94276829054473,container,0
674.0397417368547,9.636240628823693,674.1541470149933,13.857102533658516,612.033696436115,15.540859924164806,611.9192911579763,11.319998019329983,container,0
621.1897435326518,21.904524097578502,621.3118038142064,25.969156711436053,611.4421733094025,26.265540171567103,611.3201130278479,22.200907557709552,container,0
675.3253555662203,20.887156275902537,675.6249608126866,30.86407293183072,665.2381044912314,31.175988602325024,664.9384992447651,21.199071946396842,container,0
656.5382427917791,20.517790039955504,656.6589521905452,24.53743797763703,632.4891964983069,25.263251960146402,632.3684870995409,21.243604022464876,container,0
655.8941767844849,27.042096347990874,656.1596383977894,35.88202295984161,611.4032846351677,37.22604926199736,611.1378230218631,28.386122650146625,container,0
666.2558352220112,32.13944258412878,666.3542363471679,35.41622039799175,657.8560144697749,35.67142067157415,657.7576133446182,32.394642857711176,container,0
675.8155195205304,37.266357421841704,675.929924798669,41.48721932667653,624.1426281444717,42.89089947811276,624.0282228663331,38.67003757327793,container,0
675.0638066985052,42.701217845365065,675.1782119766438,46.92207975019989,632.7704180017079,48.07153111211008,632.6560127235693,43.85066920727525,container,0
621.8261226327855,43.93048755099913,621.9245237579422,47.207265364862096,613.4263018805492,47.4624656384445,613.3279007553925,44.185687824581535,container,0
630.3233559465892,49.24662164405604,630.4440653453553,53.26626958173757,612.9991033461894,53.79013906161838,612.8783939474233,49.77049112393686,container,0
675.5277754653902,48.2150370812998,675.6484848641563,52.234685018981324,640.2557721948352,53.29752264388041,640.1350627960691,49.27787470619889,container,0
675.3085549917887,54.264096642879494,675.4292643905549,58.28374458056102,657.3176684794848,58.827632972533294,657.1969590807187,54.80798503485177,container,0
638.4075407243032,54.87999813590053,638.5282501230693,58.899646073582055,613.7082353588886,59.64498723430038,613.5875259601225,55.625339296618854,container,0
656.2862949436767,59.380101019624945,656.4099618434066,63.498234350914295,632.5136600700623,64.21583655501628,632.3899931703324,60.09770322372693,container,0
622.8316734306746,60.674289480483324,623.0878209422675,69.20405457948314,612.5410712187792,69.52077182382801,612.2849237071863,60.9910067248282,container,0
675.1170348643044,59.20270878104467,675.2154359894611,62.47948659490764,666.7172141120681,62.73468686849004,666.6188129869114,59.457909054627066,container,0
647.6336971991757,64.81774591289164,647.7566360385334,68.91163468324885,632.4075037544242,69.37256672464181,632.2845649150664,65.2786779542846,container,0
673.1572225522623,65.11007383435023,673.2801613916199,69.20396260470744,657.9310291075105,69.66489464610041,657.8080902681529,65.5710058757432,container,0
666.1133077188158,69.67221976841992,666.2362465581735,73.76610853877712,613.5428158424456,75.34848402022007,613.4198770030879,71.25459524986287,container,0
648.741721093196,76.27013190125889,648.8646599325538,80.3640206716161,612.7080063059179,81.44979932395837,612.5850674665602,77.35591055360116,container,0
675.6522575215279,75.40045566215768,675.7506586466845,78.67723347602065,667.2524367692915,78.93243374960305,667.1540356441349,75.65565593574009,container,0
665.7420998270829,81.03033006671481,665.8650386664407,85.12421883707202,633.2351043124345,86.10409066134974,633.1121654730767,82.01020189099253,container,0
632.1543408760776,87.13188427970067,632.2772797154353,91.22577305005787,611.2457843934742,91.85734556457285,611.1228455541166,87.76345679421566,container,0
675.7480435669524,87.39667800373516,675.87313432215,91.56222601650393,641.9374951858224,92.58130795114047,641.8124044306248,88.4157599383717,container,0
670.5891256770227,91.71593928878313,670.7142164322203,95.8814873015519,633.0213655400211,97.0133977174683,632.8962747848235,92.84784970469953,container,0
631.4118457729453,97.95084884072465,631.5149123795774,101.38298815238883,613.7133537150503,101.91756617434724,613.6102871084182,98.48542686268306,container,0
667.298877302377,97.60749721545321,667.4019439090091,101.03963652711738,641.0183532446177,101.83193162752539,640.9152866379857,98.39979231586122,container,0
622.9843358412908,92.79606037733274,623.0827369664474,96.0728381911957,613.034809024926,96.37457589545991,612.9364078997693,93.09779808159695,container,0
667.2972490237978,102.41679044035247,667.40031563043,105.84892975201664,625.3102483195362,107.1128878891201,625.207181712904,103.68074857745593,container,0
666.3445716180153,108.28966229026159,666.468322663856,112.41059770444423,612.0610263513967,114.04444030165322,611.9372753055559,109.92350488747059,container,0
833.161870012806,581.1647404149951,862.8974852655712,580.5350674360917,863.2820547924557,598.6959412110664,833.5464395396906,599.3256141899698,container,0
838.5622999737639,522.8108349537928,855.1846370743325,522.4588450444037,855.569206601217,540.6197188193784,838.9468695006484,540.9717087287675,container,0
832.2348926747973,542.8730999935608,862.3510283051538,542.2353692227584,862.7191454700951,559.6192982643001,832.6030098397385,560.2570290351025,container,0
858.5906292195134,531.5874991756571,862.4135135912487,531.5874991756572,862.4135135912486,540.505515299217,858.5906292195133,540.5055152992169,container,0
836.0269250047522,621.1142652502912,865.0823083206737,621.1142652502913,865.0823083206737,635.3699781453694,836.0269250047522,635.3699781453693,container,0
839.9088492180182,660.1762203210588,864.5970692551382,660.176220321059,864.5970692551381,677.3434041824197,839.9088492180181,677.3434041824196,container,0
820.128200551186,50.78725728648069,856.9981030933427,50.7872572864807,856.9981030933427,67.49175618907032,820.128200551186,67.49175618907032,container,0
835.743375019911,70.18530163277083,858.1113679777557,70.18530163277083,858.1113679777555,87.58042652760389,835.7433750199109,87.58042652760389,container,0
822.1887985952193,111.44022527908923,856.2404733195701,110.98755112034667,856.4981413346742,130.3702069838156,822.4464666103233,130.82288114255817,container,0
829.0754087921435,132.7737870213013,853.7874851750335,132.44527106788752,854.0451531901375,151.82792693135644,829.3330768072476,152.15644288477023,container,0
832.7900997279218,153.3613824214044,850.9796169866552,153.1195756823913,851.2372850017592,172.5022315458602,833.0477677430258,172.7440382848733,container,0
676.5690337349181,123.73123237613704,676.692784780759,127.85216779031968,639.7137209276573,128.96264329311128,639.5899698818164,124.84170787892863,container,0
631.6423892644482,124.67938367991054,631.7661403102891,128.8003190940932,613.5962045016099,129.34595942406443,613.472453455769,125.22502400988178,container,0
676.5243504796606,129.52298599007088,676.6610600332749,134.07544239251,625.1544816025735,135.62217688549555,625.0177720489592,131.06972048305641,container,0
678.5007452691246,139.49768478335062,678.6328854409552,144.0502761084255,612.8157329993918,145.9606364311544,612.6835928275613,141.40804510607953,container,0
625.2071467476752,147.3351731441997,625.3055478728319,150.61195095806266,615.2576199313104,150.91368866232688,615.1592188061537,147.6369108484639,container,0
669.5933830215089,146.20853923305094,669.6917841466656,149.4853170469139,659.6438562051441,149.78705475117812,659.5454550799874,146.51027693731515,container,0
650.8170749584771,145.99063721409527,650.940826004318,150.1115726282779,635.0901964961082,150.58756455286027,634.9664454502673,146.46662913867763,container,0
640.8136149741712,152.81382585013532,641.1017120499813,162.4075180436987,615.0028683306506,163.19126223789013,614.7147712548405,153.59757004432674,container,0
678.6548341395029,151.62024278575112,678.9323303895701,160.86092529017142,651.3372444709559,161.68960140354685,651.0597482208887,152.44891889912654,container,0
679.5793189545016,173.1795555365603,679.8568152045688,182.4202380409806,652.2617292859545,183.24891415435602,651.9842330358873,174.0082316499357,container,0
649.862280241494,173.55260549899052,649.9606813666506,176.82938331285348,642.6626045042498,177.048543419377,642.5642033790931,173.77176560551405,container,0
641.3811898509391,179.14048810026563,641.4893859265775,182.74343979044477,633.9327737887475,182.97036367084618,633.8245777131091,179.36741198066704,container,0
631.3251931806267,173.8943989660987,631.4489442264676,178.01533438028133,615.5983147182578,178.4913263048637,615.4745636724169,174.37039089068105,container,0
678.8441895870737,188.9788856241107,679.2735386384749,203.27629781115812,634.2299370143535,204.62895012165987,633.8005879629524,190.33153793461244,container,0
632.2318815854559,194.93533811260505,632.3400776610943,198.5382898027842,624.7834655232642,198.7652136831856,624.6752694476259,195.16226199300647,container,0
630.8528431096837,196.71149149058982,630.9765941555246,200.83242690477246,615.1259646473148,201.30841882935482,615.002213601474,197.18748341517218,container,0
635.2606365200284,217.00905110619283,635.3843875658691,221.1299865203755,616.6440306852344,221.69275650590532,616.5202796393936,217.57182109172265,container,0
679.0767701039547,211.17683841089035,679.3467689894787,220.16785712581202,654.3569918677897,220.91829622357005,654.0869929822657,211.9272775086484,container,0
650.9483988440463,211.83598578309932,651.0565949196847,215.43893747327846,643.4999827818547,215.66586135367987,643.3917867062163,212.06290966350073,container,0
669.947401388975,221.98768310577108,670.0594135369709,225.71771079449414,627.2326867875391,227.00379069929963,627.1206746395433,223.27376301057657,container,0
669.5429707321845,227.72286808898855,670.2784136727163,252.21327007433192,636.3186821390542,253.23307549989158,635.5832391985224,228.74267351454822,container,0
679.8179670903309,237.83124279608154,680.2693584093519,252.86266705249335,672.4152767179563,253.09852389705452,671.9638853989353,238.0670996406427,container,0
624.1360417209041,229.07111554265316,624.8911877657961,254.2176349771451,615.8373122839755,254.48952144154634,615.0821662390836,229.3430020070544,container,0
633.8374261431134,228.73663345359356,633.9456222187517,232.3395851437727,626.3890100809217,232.5665090241741,626.2808140052833,228.96355733399497,container,0
634.1978837310838,238.78133564352783,634.3060798067222,242.38428733370696,626.7494676688922,242.61121121410838,626.6412715932538,239.00825952392924,container,0
634.7794986644835,249.047197365093,634.8876947401219,252.65014905527215,627.3310826022919,252.87707293567357,627.2228865266535,249.27412124549443,container,0
679.7404522494124,259.3976342792563,680.0276497449481,268.96137026367467,653.0621242048613,269.77114077736644,652.7749267093257,260.20740479294807,container,0
642.9369650015617,260.41537855933785,643.2241624970974,269.9791145437562,626.595418097706,270.4784731367985,626.3082206021703,260.91473715238016,container,0
651.94791450507,260.197697213182,652.0561105807084,263.80064890336115,644.4994984428783,264.0275727837626,644.39130236724,260.4246210935834,container,0
625.5483332961124,266.04036830212783,625.6565293717508,269.64331999230694,618.0999172339208,269.87024387270833,617.9917211582824,266.2672921825292,container,0
653.3978231660128,271.20431055635134,653.5164387722622,275.15423477029645,645.4519904948595,275.3964088905273,645.3333748886101,271.4464846765822,container,0
644.4787309723704,276.1546785658727,644.6245134615233,281.0513612242863,617.9021723059943,281.8469303230826,617.7563898168414,276.95024766466895,container,0
671.0746107570887,276.2029427096992,671.1882404444652,280.0196460935601,652.8604506184529,280.56529526216934,652.7468209310764,276.74859187830845,container,0
679.3899141370681,281.87609609078925,679.5035438244446,285.69279947465014,663.8578426473317,286.15859834732623,663.7442129599552,282.34189496346534,container,0
661.6573801822824,286.86196056180836,662.0996379023638,301.71693883153387,627.6350334416466,302.7430081475268,627.1927757215651,287.8880298778013,container,0
681.3046761175295,291.9946065775445,681.5616572376462,300.6263359555166,663.4984041466347,301.1641094200235,663.2414230265181,292.53238004205144,container,0
679.854256015504,308.80758295053477,679.9678857028805,312.62428633439566,647.2105664975661,313.599526893128,647.0969368101896,309.7828235092671,container,0
646.3223858908266,314.56471640631446,646.6183775763149,324.5067702276441,630.3033376550541,324.99249644195436,630.0073459695658,315.0504426206247,container,0
681.6587572821107,318.83042498588935,681.7937918120515,323.3660948382176,649.9354007540747,324.3145727921355,649.800366224134,319.77890293980727,container,0
682.1770930077635,329.11766700178475,682.6510423755851,345.03713486012657,629.2758210363068,346.6262050876113,628.8018716684851,330.7067372292695,container,0
732.7914375329358,8.824948613206615,733.9254869545314,50.66450426739344,712.5219861125611,51.2446401548435,711.3879366909655,9.405084500656677,container,0
756.4276626092509,28.441771342768835,757.0121382315871,50.00538211983877,737.869168938019,50.524246933662894,737.2846933156828,28.960636156592955,container,0
778.8542167305675,7.3090161998837075,779.851889579477,44.117102242455964,761.4723066225054,44.615275683727596,760.4746337735959,7.80718964115534,container,0
753.6441217350763,6.911088217343329,753.840476886885,13.405790488442461,736.4539414099232,13.93143980545545,736.2575862581145,7.4367375343563165,container,0
747.1698504532505,0.07350368687505959,747.3047542565713,4.535622606273373,730.4836459102719,5.044177293626122,730.3487421069511,0.5820583742278087,container,0
770.4583256864482,-0.2790680559490908,770.593229489769,4.183050863449223,753.7721211434696,4.691605550801972,753.6372173401488,0.22948663140365833,container,0
747.1167176610267,52.37169871585258,747.5241429476149,67.40322435178501,710.1007200470466,68.41757573365183,709.6932947604583,53.38605009771939,container,0
783.0148563588848,51.45135398616928,783.2704506671445,60.88123603687799,748.9949884438104,61.810262827472144,748.7393941355507,52.38038077676343,container,0
784.8120053802852,66.59288121021648,785.0670163057897,76.00123997032868,749.033103574927,76.97792906875061,748.7780926494225,67.5695703086384,container,0
728.9210917807441,70.21294553201714,729.4204775376119,88.63725559249302,710.6408340224029,89.14627256299384,710.1414482655351,70.72196250251797,container,0
747.1172466194836,73.52024029570174,747.5398473816274,89.11164907428966,731.4045130772985,89.54899278525818,730.9819123151547,73.95758400667026,container,0
784.7614040992803,78.29723119603833,785.0559017156594,89.16240971108274,768.795405151609,89.60314590999775,768.5009075352299,78.73796739495333,container,0
766.839781613632,84.75755825760265,766.9746854169528,89.21967717700096,750.1535770706533,89.72823186435372,750.0186732673326,85.26611294495541,container,0
766.3676630414038,94.09877231004235,766.5062372636509,98.68229511376612,711.2519964712483,100.35280353524452,711.1134222490012,95.76928073152075,container,0
747.5161517101055,105.87823090976129,747.9792858574143,121.19699576335891,712.217905306147,122.27817408592487,711.7547711588383,106.95940923232725,container,0
785.4129380934461,110.36208066341138,785.7297558715759,120.84124112439534,750.0157650947848,121.92098670594055,749.698947316655,111.44182624495659,container,0
785.3789177512583,104.30717565199271,785.5138215545791,108.76929457139101,768.6927132082797,109.27784925874377,768.5578094049589,104.81573033934546,container,0
788.6205561197461,126.59104930856832,788.7591303419931,131.17457211229208,750.157588954043,132.3416173751687,750.019014731796,127.75809457144494,container,0
766.1188376517218,132.5272279258209,766.2574118739689,137.11075072954466,713.978391925901,138.69130892448948,713.8398177036539,134.10778612076572,container,0
758.6528106324913,143.1030873379388,758.7913848547385,147.68661014166256,711.2707275713092,149.12330815882314,711.132153349062,144.53978535509938,container,0
732.3611258004995,150.44800788374963,732.4997000227465,155.03153068747338,710.8246532622273,155.68683510628577,710.6860790399803,151.10331230256202,container,0
785.2030886382521,148.65127152646875,785.5035740292791,158.590217021704,759.8431531140469,159.36601175931753,759.5426677230199,149.42706626408227,container,0
757.6351625460393,154.7500778721489,757.7737367682863,159.33360067587265,731.863684385492,160.11694255308754,731.725110163245,155.5334197493638,container,0
721.5251570668815,156.898469778265,721.6433848621991,160.80900802329285,713.0350198451702,161.0692658071277,712.9167920498526,157.15872756209984,container,0
784.7440278700824,160.00512747484393,785.033723288903,169.58718059242705,750.3274412506778,170.63645998875225,750.0377458318571,161.05440687116914,container,0
749.4800930304237,165.83623711314522,749.7804214647184,175.7699910601242,711.0402053878028,176.9412288923392,710.7398769535081,167.00747494536023,container,0
769.262268461085,172.36233595672806,769.6728457734267,185.94271507265722,751.2697913375474,186.4990969353918,750.8592140252057,172.91871781946264,container,0
748.7671835186238,181.49535710404194,748.9011468314325,185.92636807537556,732.4393442484197,186.42405982633016,732.3053809356111,181.99304885499654,container,0
787.738930535711,181.11805199496317,787.8728938485197,185.5490629662968,771.7819965885594,186.03554108990178,771.6480332757508,181.60453011856816,container,0
786.5375478094171,191.97796034879946,786.6761220316641,196.5614831525232,732.3097586945738,198.2051482630617,732.1711844723268,193.62162545933793,container,0
786.7098759546091,202.7247397901839,786.8484501768561,207.30826259390764,713.5448050168598,209.5244609310618,713.4062307946127,204.94093812733806,container,0
787.2960630663533,217.91396676658462,788.4419880731069,255.8169281878516,733.4185421596139,257.4804589586859,732.2726171528603,219.57749753741894,container,0
732.1738961090248,225.7682450309605,732.7801958495697,245.82239826102796,713.4912654313634,246.4055629239176,712.8849656908185,226.35140969385014,container,0
786.82528006577,257.3610862052648,786.9592433785787,261.7920971765985,770.8683461186184,262.2785753002035,770.7343828058098,257.84756432886985,container,0
731.2964775573965,258.7419441305643,731.9042901370215,278.84613648268726,714.594473882729,279.369466337778,713.986661303104,259.2652739856551,container,0
751.0831428949729,263.9464584353167,751.2171062077815,268.37746940665033,735.1262089478213,268.86394753025536,734.9922456350126,264.4329365589217,container,0
749.2648564068278,274.60273298888967,749.3988197196364,279.0337439602233,733.3079224596762,279.52022208382834,733.1739591468676,275.0892111124947,container,0
787.4767137242122,272.8201393317038,787.6106770370209,277.25115030303743,771.5197797770606,277.73762842664246,771.385816464252,273.3066174553088,container,0
788.6382335071572,262.53951386506486,788.906198192235,271.40279467393776,753.5520463335121,272.4716612001492,753.2840816484343,263.6083803912763,container,0
751.9884934898316,285.5530010378279,752.5963060694565,305.65719338995086,734.4723730713249,306.205136539101,733.8645604917,286.10094418697804,container,0
789.1203319103619,284.2184865693726,789.574646816807,299.24554355007405,772.0633359462712,299.77496521727716,771.6090210398261,284.7479082365757,container,0
769.9777581933344,290.04421592358705,770.0959483856776,293.9535104012871,754.3069078589812,294.43086245225464,754.1887176666379,290.5215679745546,container,0
769.9165482541431,300.89645225169505,770.0347384464864,304.8057467293951,754.2456979197899,305.28309878036265,754.1275077274466,301.3738043026626,container,0
786.364945647176,305.6423350945214,786.4831358395193,309.55162957222143,770.6940953128228,310.028981623189,770.5759051204795,306.11968714548897,container,0
731.3470976020884,286.1889652364167,731.4652877944317,290.09825971411675,715.6762472677352,290.5756117650843,715.558057075392,286.6663172873843,container,0
732.062407877449,295.96034957759764,732.3645387344598,305.9537210023964,714.2406057363282,306.5016641515465,713.9384748793175,296.50829272674775,container,0
736.7586986649629,322.8477619153512,737.5559004432505,349.21624856964195,718.4493784683926,349.79389845508837,717.6521766901051,323.42541180079763,container,0
760.8818575825761,322.2715134793265,761.6790593608637,348.6400001336172,742.5725373860058,349.2176500190636,741.7753356077183,322.8491633647729,container,0
789.9252402905432,348.99090143520823,790.2392117231748,359.3759153133207,716.4574849567399,361.6065675518996,716.1435135241084,351.2215536737871,container,0
771.3391056722035,361.3438393489025,771.4916710468046,366.3901377311262,734.975457149988,367.49413702530387,734.8228917753868,362.4478386430802,container,0
683.4064235612009,424.3574859030466,684.1594767585453,449.65176201073933,590.8430870795505,452.4299480838738,590.0900338822061,427.1356719761811,container,0
647.5987164860085,452.607549451307,647.6917984536428,457.15997546872325,630.2125815841405,457.51736730610753,630.1194996165061,452.9649412886913,container,0
684.3280951750883,451.400144661417,684.4211771427226,455.95257067883324,666.9419602732203,456.3099625162175,666.8488783055859,451.7575364988013,container,0
629.3622013629254,459.3811757191134,629.6412506395196,468.75415159215584,593.8324373450992,469.82024026888513,593.5533880685049,460.4472643958427,container,0
682.6500352569881,463.8837093643174,683.0911853148604,478.70148240889813,632.0176679963804,480.22202703142693,631.5765179385081,465.4042539868462,container,0
664.8442929799613,458.2713360593366,664.9373749475957,462.82376207675287,648.3198394592686,463.1635353964223,648.2267574916342,458.611109379006,container,0
630.6781903290907,470.6145177701424,630.9376970650015,479.331079963997,612.8899754435183,479.8683910304998,612.6304687076075,471.1518288366452,container,0
611.3131739596057,475.67959227435654,611.3990115760089,479.8777136518748,592.6562761954207,480.2609402395009,592.5704385790175,476.06281886198263,container,0
621.1504478477974,481.39343065771294,621.2362854642007,485.5915520352312,593.3130492549095,486.16248932430204,593.2272116385062,481.9643679467838,container,0
611.4710249865284,487.05400936925076,611.550571545563,490.9444495280545,594.0173777262057,491.3029450144998,593.9378311671711,487.41250485569606,container,0
681.4907607392389,479.36949458952853,681.9574352757171,495.0446084058347,650.68452798989,495.9756555218535,650.2178534534117,480.30054170554735,container,0
649.1430724305501,491.24810506342396,649.40168593512,499.93466454266775,593.7738715195708,501.59079825958304,593.5152580150009,492.90423878033926,container,0
612.251134169406,502.9184049597156,612.3369717858093,507.11652633723384,594.4974151360177,507.48128592439326,594.4115775196144,503.283164546875,container,0
682.3610668113715,501.12826189460276,682.4541487790059,505.68068791201904,648.2105707518965,506.3808551655689,648.1174887842622,501.8284291481526,container,0
682.3046308793505,507.71360707185727,682.3977128469847,512.2660330892735,594.18507797355,514.0696880180556,594.0919960059158,509.51726200063933,container,0
629.7237274208976,517.9892174048941,629.8168093885319,522.5416434223104,612.6427771190206,522.8927952498734,612.5496951513863,518.3403692324572,container,0
603.6419853142078,514.8070596377455,603.7123733574396,518.2495777480424,593.4806263887832,518.4587829358994,593.4102383455514,515.0162648256025,container,0
667.8790706704858,517.1195173178025,667.9721526381201,521.6719433352188,640.1016569609128,522.2418022558588,640.0085749932786,517.6893762384426,container,0
683.7415591516545,523.1580084587628,683.8154663963844,526.772642660582,594.8212969798634,528.5922773708622,594.7473897351335,524.977643169043,container,0
639.3082784013063,530.6654438421963,639.3821856460362,534.2800780440157,621.238885334393,534.6510481786049,621.1649780896631,531.0364139767855,container,0
666.9102326369442,528.9270203223064,666.9841398816741,532.5416545241258,648.8408395700309,532.912624658715,648.766932325301,529.2979904568956,container,0
612.9886662161904,535.2334783170926,613.1636565966963,543.791857359338,594.5857579687628,544.1717135837299,594.4107675882568,535.6133345414845,container,0
686.4010137198408,533.9852290511466,686.6006141829764,543.7472309142458,631.9448539736103,544.8647593888164,631.7452535104746,535.1027575257172,container,0
686.181301226688,528.8586016676023,686.2516892699198,532.3011197778992,676.0199423012634,532.5103249657562,675.9495542580316,529.0678068554594,container,0
629.2450243442391,540.4581797194247,629.3232113447976,544.2821269845302,615.0219123807657,544.5745409726338,614.9437253802072,540.7505937075283,container,0
630.7336858906979,545.7282291559288,630.9403179719809,555.8341313706447,594.525923748741,556.5786845938151,594.319291667458,546.4727823790992,container,0
685.2411793956962,549.6274275561726,685.4454770990912,559.6191606906476,650.0152213481572,560.3435915559638,649.8109236447622,550.3518584214888,container,0
649.2883460571657,556.7243264306205,649.3644643232346,560.4470966261808,613.9342085723006,561.171527491497,613.8580903062316,557.4487572959367,container,0
666.4786963985914,562.3999721983959,666.5548146646604,566.1227423939562,631.1245589137263,566.8471732592724,631.0484406476573,563.1244030637121,container,0
657.1501154028774,567.4704319050039,657.2317202319605,571.4615373414922,603.7882386885008,572.5542787501967,603.7066338594177,568.5631733137084,container,0
613.8680450582058,562.6587344870102,613.9462320587642,566.4826817521157,595.9807865819535,566.850015346997,595.9025995813951,563.0260680818915,container,0
613.5399001809018,573.4569242085445,613.6180871814602,577.28087147365,595.6526417046495,577.6482050685313,595.5744547040911,573.8242578034258,container,0
684.7474545225282,566.7263256144483,684.8256415230866,570.5502728795539,666.8601960462759,570.9176064744352,666.7820090457175,567.0936592093296,container,0
685.9951738861506,577.7207122095607,686.1872073965602,587.112631731916,594.5860611070362,588.9855704466958,594.3940275966266,579.5936509243404,container,0
612.6603436454454,590.2818764259574,612.7547143514603,594.8973316882696,594.71716702802,595.2661395260553,594.6227963220051,590.6506842637432,container,0
666.6527536262128,588.7978700012699,666.721438812351,592.1571052681413,633.0405733210504,592.8457669222931,632.9718881349121,589.4865316554217,container,0
688.1189280213024,593.5152559045393,688.310961531712,602.9071754268947,596.709815242188,604.7801141416744,596.5177817317784,595.388194619319,container,0
685.5140558739373,605.0753638345308,685.6712960183639,612.7656194518405,607.0893371791138,614.3723590938104,606.9320970346872,606.6821034765006,container,0
650.5152643469085,616.1277602439852,650.6153117437648,621.0208494641502,602.5759300947482,622.0030950076737,602.4758826978918,617.1100057875087,container,0
787.5726723038176,428.4397997124896,787.641892017572,432.99548268983733,768.2772398529573,433.28971204830077,768.208020139203,428.73402907095306,container,0
739.1913637461325,422.54090469301843,739.3859744742781,435.3491746689443,719.3814741716742,435.65312597364016,719.1868634435286,422.8448559977143,container,0
736.1806438200045,445.45279375726636,736.4847826898964,465.46963862941766,715.0153306791548,465.79584862472166,714.7111918092629,445.77900375257036,container,0
793.036162435402,443.94928552558633,793.2792747629462,459.9496795189243,755.4210847202339,460.5249023979187,755.1779723926898,444.52450840458073,container,0
753.2509297490426,451.64979250411034,753.3177030612583,454.9155223927782,739.3290702519314,455.2015433981553,739.2622969397157,451.93581350948745,container,0
791.8318837499004,466.8720497570241,791.9486984938796,472.5851915526308,737.3507611920933,473.70153774109906,737.233946448114,467.98839594549236,container,0
773.8073933945269,477.764198324048,773.991969865089,486.79141109302,718.5663560592296,487.9246805125894,718.3817795886675,478.8974677436174,container,0
754.9655765172864,489.1403959776784,755.2716087516793,504.1077322021446,718.6432290740933,504.8566607159971,718.3371968397004,489.88932449153094,container,0
792.4034114894283,493.540149659014,792.6970539164727,507.9015287603369,757.3169743903501,508.6249336887754,757.0233319633057,494.2635545874525,container,0
791.4920210602885,488.55091479729253,791.5629767341976,492.02119442498656,776.1383629980938,492.3365764632807,776.0674073241847,488.8662968355867,container,0
738.5845599359865,506.1594090098264,738.7755173698998,515.4987000933733,718.8560338712899,515.9059872653595,718.6650764373766,506.5666961818127,container,0
791.1600502922529,508.2173110215366,791.3628605006265,518.1362941786696,754.413905648539,518.8917773883926,754.2110954401653,508.9727942312597,container,0
755.3307532905374,509.95019727698894,755.4316080916316,514.8827747906718,740.0069943555277,515.1981568289659,739.9061395544335,510.2655793152831,container,0
756.1529627401188,521.8536216304336,756.2375314225205,525.9896823499141,718.5784723279804,526.7596848291124,718.4939036455787,522.6236241096319,container,0
790.7091333057683,521.2673057776757,790.79370198817,525.4033664971562,773.5376180892818,525.7561960075813,773.45304940688,521.6201352881008,container,0
792.9168218380298,531.4828600194578,792.9989919115964,535.5016102700604,738.9011904661652,536.6077303440534,738.8190203925986,532.5889800934508,container,0
731.6294867019005,528.6224505691224,731.7741074269994,535.6955192668531,719.4554727204529,535.947394366562,719.310851995354,528.8743256688313,container,0
765.4963606710742,538.2147133171375,765.5805621060159,542.3328128038022,719.7157723397099,543.2705951774751,719.6315709047682,539.1524956908104,container,0
794.2976538586915,537.4623805634525,794.3805690419997,541.5175724263287,781.1322590655618,541.7884562925834,781.0493438822537,537.7332644297072,container,0
794.9727572554981,547.9064596786885,795.042606106216,551.322607117082,721.6620696128044,552.8229949754983,721.5922207620865,549.4068475371048,container,0
792.9738912265223,553.691783984263,793.0437400772402,557.1079314226565,775.5122231959301,557.4663926212974,775.4423743452122,554.0502451829038,container,0
748.0855898459116,554.2273681479874,748.1666777007754,558.193189558515,739.4344120772788,558.3717353411441,739.353324222415,554.4059139306165,container,0
766.1110135291726,554.4785795922559,766.1921013840364,558.4444010027835,757.4598357605398,558.6229467854126,757.378747905676,554.657125374885,container,0
742.0433608623708,565.7425880486358,742.1477829288215,570.8496323471613,724.281494984204,571.2149385003738,724.1770729177533,566.1078942018482,container,0
740.8846045098605,576.6765708994554,740.9628148003775,580.5016572231335,724.1439028993254,580.8455480205301,724.0656926088085,577.0204616968521,container,0
764.8751350450051,565.6912219077916,764.9795223545718,570.796566326663,747.3663561667296,571.156696982002,747.2619688571629,566.0513525631306,container,0
764.8751827492241,575.9582330776058,764.9575929944614,579.9887295749876,747.4402259305726,580.346901456934,747.3578156853354,576.3164049595522,container,0
790.1898674492612,563.9879641532145,790.2625524701996,567.5428221864711,781.2245774565212,567.727618709135,781.1518924355828,564.1727606758784,container,0
790.9602218743902,580.8616897894267,791.0329068953286,584.4165478226832,781.9949318816501,584.6013443453471,781.9222468607118,581.0464863120906,container,0
778.2313084664343,578.0286271085934,778.4444116547896,588.451016360984,769.217491873799,588.6396761755825,769.0043886854436,578.2172869231919,container,0
766.5233872976876,591.501949220602,766.8256465056083,606.2847553549484,722.2329633963989,607.1965273793635,721.9307041884781,592.4137212450171,container,0
794.537821116562,591.3159479692239,794.8423684189072,606.2106595655332,776.6001170378128,606.5836529203151,776.2955697354676,591.6889413240058,container,0
774.1414864804208,591.7963576929067,774.2141715013591,595.3512157261631,768.8696765457698,595.4604928686306,768.7969915248315,591.9056348353741,container,0
774.8164560413485,602.6858674092143,774.8891410622869,606.2407254424708,768.8104423284502,606.3650146097493,768.7377573075119,602.8101565764929,container,0
774.8332001584436,608.9621769459226,774.9149720939953,612.9614551773675,721.8082816822348,614.047310327822,721.7265097466831,610.048032096377,container,0
632.4934538652572,632.0166061809167,632.5691041627939,635.7164891065211,615.1280352258577,636.07310094559,615.052384928321,632.3732180199856,container,0
688.1908786193692,666.811121686285,688.3688171006378,675.5136855900573,597.3019666215664,677.3756997329396,597.1240281402978,668.6731358291672,container,0
632.9230918805472,678.4607550246736,632.9921346838844,681.8374805303332,615.484870718918,682.1954458375163,615.4158279155808,678.8187203318568,container,0
678.9442966101313,683.0610666914499,679.0363999847849,687.5656319657033,598.0095186055684,689.2223621401636,597.9174152309148,684.7177968659101,container,0
606.4884941361767,679.1359752952876,606.5641444337135,682.835858220892,597.0397535557078,683.030600329836,596.9641032581709,679.3307174042317,container,0
651.0341549708746,678.4294197673734,651.1098052684115,682.1293026929777,641.5854143904057,682.3240448019218,641.5097640928689,678.6241618763174,container,0
670.3663135571531,677.6913614063928,670.44196385469,681.3912443319971,659.3768415061453,681.6174892740075,659.3011912086084,677.9176063484033,container,0
650.7676031698217,689.6806394594714,650.830787537279,692.7708422733724,588.4760865669592,694.0457884746645,588.4129021995019,690.9555856607635,container,0
623.3979880533251,695.5951638001608,623.4742272502939,699.323848449281,606.2195877580317,699.6766484263957,606.1433485610629,695.9479637772755,container,0
658.6702514914208,694.8603354684232,658.7464906883897,698.5890201175433,632.7245763938189,699.1210816985298,632.64833719685,695.3923970494096,container,0
650.9568155823843,706.0585202309915,651.2517177086003,720.4815083359583,599.3030513813503,721.5436857462491,599.0081492551343,707.1206976412823,container,0
598.1478790147942,695.8509534737873,598.223529312331,699.5508363993916,588.6991384343253,699.7455785083357,588.6234881367884,696.0456955827314,container,0
677.1214685110973,694.1074018919198,677.1971188086342,697.8072848175242,667.6727279306284,698.0020269264683,667.5970776330915,694.3021440008639,container,0
667.948518473806,700.6937995497742,668.005756206341,703.4931660585911,660.1432888866925,703.653927359439,660.0860511541575,700.8545608506221,container,0
687.9735656818114,721.4225030291435,688.166357517702,730.851510515336,616.198328404296,732.323017296778,616.0055365684054,722.8940098105854,container,0
614.049557584535,723.0123071941053,614.1252078820718,726.7121901197097,598.1946791255816,727.0379164371581,598.1190288280449,723.3380335115537,container,0
602.8053822145833,728.54627804096,602.8810325121201,732.2461609665644,586.9505037556299,732.5718872840127,586.8748534580932,728.8720043584084,container,0
796.2654255708417,691.6368055766883,796.6871555413252,712.2626532972234,720.9320923173452,713.8115923280117,720.5103623468617,693.1857446074765,container,0
750.7127327942316,715.1941033179639,750.7816995853768,718.5671112412718,721.220062545077,719.1715483769169,721.1510957539317,715.798540453609,container,0
795.6091028314614,714.144077263023,795.6715175727849,717.1966394240109,768.8925696732819,717.7441798238168,768.8301549319584,714.6916176628289,container,0
777.6004499995408,720.2349995439916,777.7694090136453,728.4983982584178,742.8806914896022,729.2117564685133,742.7117324754978,720.9483577540872,container,0
793.0160758805414,674.6380669426266,793.233108747431,685.2526477789896,772.4041105116366,685.6785315016954,772.1870776447471,675.0639506653323,container,0
795.2732722166695,719.2831466152926,795.4706427072416,728.9360856236349,779.3384411602992,729.2659354787492,779.1410706697271,719.6129964704069,container,0
