749.6995063122224,1.9999999999999991,755.6124424224697,2.000000000000001,755.6124424224697,8.136245250681242,749.6995063122224,8.136245250681242,container,0
756.4835325312667,0.549359916767405,762.5705621185766,0.5493599167674068,762.5705621185766,12.715531052716699,756.4835325312667,12.715531052716695,container,0
909.6179368728248,970.3077335473528,908.3647684191252,963.2983152501479,937.4173859067097,958.1041861242887,938.6705543604093,965.1136044214936,container,0
911.65064166197,990.5772412287824,910.0481808663786,983.6393384161789,938.804381172042,976.9974633619063,940.4068419676333,983.9353661745098,container,0
918.0654267486443,1000.5171510208232,916.5515310951108,995.0131438252366,942.2041697490172,987.9572994595247,943.7180654025507,993.4613066551113,container,0
919.7140537232106,1025.869882364133,917.392176897701,1020.6550129251136,941.6972253092895,1009.8333942231183,944.019102134799,1015.0482636621375,container,0
991.7624732480359,992.5727587931519,990.0962366407683,985.2244450123942,1013.4353025511897,979.9322913075252,1015.1015391584573,987.280605088283,container,0
914.8348850217582,933.4239957978975,913.8868189769128,928.3316157328422,923.998347581445,926.4491174100592,924.9464136262905,931.5414974751145,container,0
910.218774473063,947.4331308455205,909.0832389501604,941.3337894637352,917.654465310121,939.73805454789,918.7900008330237,945.8373959296753,container,0
924.9344824864492,945.697126148514,923.1151191473595,939.7801553311899,934.6999907965788,936.2180132457601,936.5193541356686,942.1349840630842,container,0
990.103165430114,942.3670164749165,988.7340374342831,935.7003761107055,1012.0998478368789,930.9017394031955,1013.4689758327098,937.5683797674064,container,0
985.4621750685563,938.4329388486169,984.0930470727254,931.766298484406,1007.4588574753212,926.967661776896,1008.8279854711521,933.6343021411069,container,0
979.0201815798629,835.1462883453203,985.8217697299307,834.9075335515413,986.6911039984735,859.6729154975144,979.8895158484057,859.9116702912934,container,0
907.8555920686808,842.7889809191804,921.4510758020948,840.009629350772,927.8968160410316,871.5396299323309,914.3013323076176,874.3189815007393,container,0
