443.9484689837644,838.3780942669714,478.8209641149789,847.4119556313696,472.84816062010657,870.4681607681321,437.9756654888921,861.4342994037339,container,0
485.3439670968632,848.4999496482184,524.8409197930715,858.7317955092952,518.9128185363837,881.6154411479023,479.41586584017546,871.3835952868254,container,0
532.2201556934091,860.697963600105,556.4305622944985,866.9697676676659,550.949589142194,888.1274102147728,526.7391825411046,881.8556061472119,container,0
392.38845611920834,824.636522861201,432.3065802277487,835.0713435083295,426.49853389713945,857.2898676299887,386.58040978859907,846.8550469828602,container,0
453.5795596035847,797.7622026877467,641.1988643923844,847.268496961217,633.6252720367373,875.9709509294136,446.00596724793763,826.4646566559433,container,0
596.6263708862652,872.8611658540361,632.1276450917195,881.6999706450986,624.0483936782823,914.1504802539615,588.5471194728281,905.3116754628991,container,0
707.5621245598833,429.0937477559344,744.330844876032,440.59555862041907,729.604809341526,487.67140505133443,692.8360890253773,476.16959418684974,container,0
695.7361114462773,439.2450025196428,700.3132569846958,423.9787531124606,707.3377258404938,426.08483794217324,702.7605803020753,441.35108734935545,container,0
687.9191525415672,436.34800340102373,691.277826893139,423.44212704123487,697.9229405551555,425.1714766954306,694.5642662035837,438.0773530552195,container,0
680.0090080147912,430.7417920401191,681.2328654665314,427.86487372441843,688.0748801584704,430.77550577814975,686.8510227067302,433.6524240938504,container,0
