571.9511700374649,757.4714886486897,615.5251518341014,757.4714886486897,615.5251518341013,1020.2572352795448,571.9511700374647,1020.2572352795448,container,0
562.4936413606482,1.8625251739276791,606.0660200374855,1.4887524409663229,611.932285750226,685.3458894485374,568.3599070733887,685.7196621814987,container,0
633.486044533127,1.765951684118079,655.9123810573649,1.765951684118079,655.9123810573648,425.70011030708224,633.4860445331269,425.70011030708224,container,0
635.3780862222269,454.75904375988546,658.4512025663354,454.5609433585504,661.3933572590521,797.2390857041938,638.3202409149436,797.4371861055289,container,0
642.2671312670493,898.9016135460829,663.8047572985145,898.9016135460829,663.8047572985145,1021.370575969677,642.2671312670493,1021.370575969677,container,0
661.4561611646506,856.8997404350205,666.0773054402733,861.3703885179378,647.3215090322122,880.7575645153156,642.7003647565895,876.2869164323982,container,0
542.7772015385308,874.9892339373273,554.8473194821984,886.666265950826,527.3267332187984,915.1132824267693,515.2566152751308,903.4362504132706,container,0
534.7521861965956,295.9981999344496,543.8431048700126,304.7930558651901,522.6672635417733,326.6817431697012,513.5763448683564,317.88688723896064,container,0
495.4124986115823,6.784017992468591,499.33896897350877,6.719942420060249,515.9527653926621,1024.7924587786642,512.0262950307356,1024.8565343510725,container,0
567.1657835901694,710.8543443355128,607.476113260499,710.8543443355128,607.476113260499,759.2666520278204,567.1657835901694,759.2666520278204,container,0
532.8438416178105,335.89977886874635,536.9400196606521,340.4355457994589,528.1319400254804,348.3899806177228,524.0357619826389,343.85421368701026,container,0
536.3775445084653,340.00914486565136,540.4737225513069,344.5449117963639,531.6656429161352,352.4993466146278,527.5694648732937,347.96357968391527,container,0
1008.2667884706417,239.78751867004473,1014.767626358143,239.78751867004473,1014.767626358143,263.12610190282743,1008.2667884706417,263.12610190282743,container,0
635.9709635446598,465.00124105677395,631.2767953412576,460.7503476827631,652.8600543000914,436.9164287823797,657.5542225034935,441.1673221563905,container,0
542.059466658134,735.7830583698143,545.8043603863237,739.3921938769287,528.8874260517401,756.9454614571833,525.1425323235505,753.336325950069,container,0
642.895035766871,810.4647584937687,638.9462988504988,806.7915183743606,654.1389506702156,790.4594020008268,658.0876875865879,794.1326421202349,container,0
643.1374429811221,831.3137056493634,639.1887060647499,827.6404655299553,659.8628292643562,805.4157617703032,663.8115661807284,809.0890018897113,container,0
641.8491547503563,870.9760593204055,637.9004178339841,867.3028192009975,657.7631571671559,845.9503539344976,661.7118940835281,849.6235940539055,container,0
