214.9977975068336,266.88214606688547,215.9178376927643,269.9699930968999,209.4026253710171,271.91123471204884,208.4825851850864,268.8233876820344,container,0
216.22772071591774,271.192901990929,217.14776090184844,274.2807490209434,210.63254858010126,276.22199063609236,209.71250839417056,273.13414360607794,container,0
223.33008219174732,264.0059580265409,224.01376929966005,266.3005547603693,217.7532515012047,268.1659088091048,217.06956439329196,265.87131207527636,container,0
223.79109772333112,267.88139187576235,224.36451021548731,269.805883966384,219.01705963863685,271.39918485699116,218.44364714648066,269.4746927663695,container,0
231.4916990266914,260.7444319669426,232.09617391450388,262.77317594529603,226.0568575080189,264.57262188141505,225.45238262020644,262.5438779030616,container,0
230.89517319471912,265.2222550040734,231.4996480825316,267.25099898242684,226.94933830207623,268.6067876001139,226.34486341426376,266.57804362176046,container,0
239.75354271526203,256.90376020849806,240.47828246382207,258.89271579285844,234.5574111165431,261.0501751374637,233.83267136798307,259.06121955310334,container,0
239.63123233726535,261.2006720487801,240.40151637037582,263.3146180994041,235.58289540034363,265.0704371723324,234.81261136723316,262.95649112170844,container,0
247.53874094232253,257.68016539661505,248.309024975433,259.794111447239,243.49040400540082,261.5499305201673,242.72011997229035,259.43598446954337,container,0
248.31857762696657,252.76092231812694,249.23009346228056,254.81792117048087,243.85091510303104,257.2015910737593,242.93939926771705,255.1445922214054,container,0
256.6102121007334,249.50799154892474,257.5217279360474,251.56499040127866,252.14254957679785,253.9486603045571,251.23103374148386,251.89166145220318,container,0
255.55035754864443,253.95265954271414,256.4621437214544,256.01026846008,251.98368527644934,257.9948032524774,251.07189910363934,255.9371943351115,container,0
266.56164764606507,249.79070695306407,267.41596093234324,252.26916264771768,260.7887957889755,254.5535186862589,259.93448250269734,252.0750629916053,container,0
266.69818435064565,245.54784905468384,267.5524976369238,248.02630474933744,261.6271409160429,250.06875036718978,260.7728276297647,247.59029467253617,container,0
275.6031727206149,241.94917177342728,276.4574860068931,244.42762746808089,270.53212928601215,246.47007308593322,269.677815999734,243.99161739127962,container,0
274.8735773509694,246.69286683847605,275.7278906372476,249.17132253312963,270.6022226756603,250.93811878858844,269.74790938938213,248.45966309393486,container,0
283.2023769178743,243.39373289545844,284.05669020415246,245.87218859011202,278.9310222425652,247.63898484557083,278.076708956287,245.16052915091726,container,0
284.07377175604773,238.22221678265956,284.92808504232596,240.70067247731313,279.385241500923,242.61126740600068,278.53092821464475,240.1328117113471,container,0
291.2501937168236,239.96089485160513,292.10450700310184,242.4393505462587,286.56166346169886,244.34994547494625,285.70735017542063,241.87148978029268,container,0
293.4329793843746,234.59317410139033,294.28729267065285,237.0716297960439,288.74444912924986,238.98222472473145,287.89013584297163,236.50376903007788,container,0
301.3776530825698,230.76197201477777,302.231966368848,233.24042770943134,296.68912282744503,235.1510226381189,295.8348095411668,232.6725669434653,container,0
340.5048722397314,404.8214765009156,360.8782930330764,400.99395758334543,364.1466537118496,418.3910466238198,343.7732329185046,422.21856554139,container,0
348.5451856344272,423.5770021936172,361.3093822677396,420.4468147791416,365.99100454314726,439.53741204173707,353.22680790983486,442.66759945621266,container,0
340.8685537893915,424.6639770821058,346.4700719080533,423.2160112187804,350.9216025625914,440.4369487068419,345.3200844439296,441.8849145701673,container,0
361.85249742714,420.3644171938432,366.4367263360366,419.1794157658129,369.74581893540943,431.9807825805989,365.16159002651284,433.1657840086292,container,0
367.7529512518005,420.1670669904886,373.0514885271991,418.79742023798156,377.53727027275806,436.15085954241636,372.2387329973594,437.5205062949234,container,0
375.2467333828648,418.26908001261774,380.54527065826346,416.8994332601107,385.0310524038224,434.2528725645455,379.73251512842376,435.62251931705254,container,0
330.7471706497219,448.15796222598453,338.0669822485918,446.2658256486117,343.5728605859843,467.5655524220191,336.2530489871144,469.4576889993919,container,0
