542.5571810314009,141.18825451737166,542.4063045897663,116.463601638781,565.924907585819,116.3200848359491,566.0757840274537,141.04473771453976,container,0
561.200978648535,64.15830838254261,596.2336847002957,62.28262515986167,597.7413274077571,90.4413265668533,562.7086213559965,92.31700978953425,container,0
598.0583422390622,139.68565048351158,597.9642011845676,113.87494119057627,626.1630464275826,113.7720897347493,626.2571874820771,139.58279902768462,container,0
322.5425979308394,258.9532346238816,268.27622808392334,259.36286394481453,267.7418859834553,188.57494773135565,322.00825583037135,188.16531841042274,container,0
16.624967182023287,599.0061889163152,16.952648304736925,605.6892789307267,0.4470445368583178,606.4985714529076,0.11936341414467933,599.8154814384961,container,0
250.65590067138154,673.5479189527495,249.24636362189187,642.0699121353397,281.9874727578394,640.6038152939419,283.397009807329,672.0818221113517,container,0
336.2318399793355,646.540538139659,421.6930079982526,635.817031116125,425.77342057241526,668.3359471593296,340.3122525534982,679.0594541828636,container,0
299.1827816002119,646.9527020022055,306.71766199049,645.9807383059763,310.6110241672433,676.1629544028127,303.0761437769652,677.1349180990419,container,0
418.1616287367634,613.275800714697,417.23091755846207,605.73571367109,430.1994628544153,604.1349403639058,431.13017403271664,611.6750274075127,container,0
931.6589263692535,660.8880946421731,925.0028789321678,660.9216634102655,924.8679687546737,634.1715444105743,931.5240161917594,634.1379756424818,container,0
967.9840439607684,664.3030422122941,941.2343306874562,664.5028097001691,940.996438346776,632.6480170569397,967.7461516200882,632.4482495690647,container,0
981.2271898008971,657.9205270746055,974.5711423638114,657.9540958426979,974.4362321863173,631.2039768430067,981.092279623403,631.1704080749142,container,0
966.6688613193891,734.4667537373723,927.8381810298097,737.246363156006,925.7591041858065,708.2020061734204,964.5897844753858,705.4223967547866,container,0
985.1171535736584,735.8304194912942,978.4611061365727,735.8639882593866,978.3261959590785,709.1138692596953,984.9822433961642,709.0803004916029,container,0
988.8055928576043,960.7783228032556,982.1495454205186,960.811891571348,982.0146352430245,934.0617725716568,988.6706826801102,934.0282038035643,container,0
1001.0534417966919,964.2685412253082,994.422205585383,964.8436939500273,992.110713070545,938.1932892700326,998.7419492818539,937.6181365453135,container,0
