503.1512670184165,865.606877697419,509.91279797104437,866.0820402227932,508.27978164257394,889.3197533450667,501.51825068994606,888.8445908196925,container,0
506.6101025487303,820.5793646782226,513.3073263495473,821.0960585038373,511.1760037478057,848.7215956168911,504.4787799469887,848.2049017912765,container,0
532.1233731600058,-2.911104084993088,563.031657428714,-0.9963382527887887,561.4646971974872,24.29764362736636,530.5564129287791,22.38287779516206,container,0
584.2204041227658,343.4363935153653,603.2187415535457,345.1005848736086,600.8125703064093,372.56933300939426,581.8142328756294,370.9051416511509,container,0
641.8822693976172,247.24545047769712,654.7408187167053,248.08655754315114,649.7355950852118,324.6046579872176,636.8770457661236,323.76355092176357,container,0
735.1682488843976,136.86196141833818,757.9529148840872,138.27906597561406,756.530303188995,161.15227752059525,733.7456371893054,159.73517296331937,container,0
716.7567337814929,181.10043172261453,729.3549599583755,181.80053753469494,727.7766955763519,210.20100401927698,715.1784693994693,209.50089820719657,container,0
557.0742607690714,869.2967530213592,576.0279634667501,870.7015538296863,574.0285289976106,897.6781089874879,555.0748262999319,896.2733081791608,container,0
476.18138579536065,779.7161020001878,517.4117486535281,781.9464885534228,515.9344207784775,809.2559987638732,474.7040579203101,807.0256122106382,container,0
548.6702778191006,664.0237115183453,581.2378230661167,665.5703192102244,580.0091532783817,691.4429171003093,547.4416080313657,689.8963094084302,container,0
829.9513040221605,165.71781087058523,860.9886450274247,167.3876167533872,859.5650397322665,193.84873026233086,828.5276987270023,192.1789243795289,container,0
543.5759004655358,57.72226101509862,556.5715776758607,58.65634870473637,554.4288972843715,88.46680766013033,541.4332200740466,87.53271997049258,container,0
541.9172793552766,87.75799274562814,556.0798025741544,88.67367380947582,554.3667322818831,115.16914122464522,540.2042090630052,114.25346016079754,container,0
536.8581484988825,57.253775240092594,541.7457624034612,57.56261450576025,539.9588304039017,85.8421587816541,535.0712164993231,85.53331951598645,container,0
521.1077922277808,54.93110008913948,535.6792072613657,56.09315332397724,533.4942365805938,83.49130830625523,518.9228215470089,82.32925507141746,container,0
524.8641361951795,87.80224045303457,538.947340301885,88.90340696560379,536.8894488612762,115.22250117771968,522.8062447545707,114.12133466515046,container,0
518.6605886826788,81.08739521145812,523.8829971327891,81.39082938636348,522.3719831141572,107.39690593195844,517.1495746640469,107.09347175705308,container,0
523.621047726574,113.41554002551992,529.553077495964,113.88386393676448,528.5682261096615,126.35849442583329,522.6361963402716,125.89017051458872,container,0
539.2860984739212,113.757577064312,544.5836581584298,114.13131901075681,543.7093892205304,126.52353755323209,538.4118295360219,126.14979560678728,container,0
530.7549360411643,121.03031074296992,535.3108627708203,121.18594756936801,535.003776292093,130.1752306916729,530.447849562437,130.0195938652748,container,0
543.887471359658,131.58419286098706,554.217323460009,132.02721149414924,553.2451507530399,154.69533316503288,542.9152986526889,154.2523145318707,container,0
517.5363951403682,125.59836243080039,537.3521366668623,127.03456782826073,534.964809446271,159.97321241632224,515.1490679197769,158.5370070188619,container,0
546.8862138232645,167.90581870402772,552.9365620624279,168.11180111769633,552.1736024815551,190.52231216313638,546.1232542423917,190.31632974946777,container,0
538.4838828721248,169.50526499465704,542.5434831006827,169.58483099982303,542.1622113152022,189.03800103457004,538.1026110866443,188.95843502940406,container,0
515.501143030455,161.92854838737276,533.5652675287006,161.92854838737276,533.5652675287005,196.52110175297867,515.5011430304548,196.52110175297867,container,0
516.3315602962879,201.57720183490986,527.1707073888832,201.8374576917127,526.6513084912409,223.46940526990235,515.8121613986456,223.2091494130995,container,0
512.2841327666893,205.28992078412443,517.9106229840468,205.28992078412443,517.9106229840468,228.00043778455444,512.2841327666893,228.00043778455444,container,0
528.2576884099992,202.9691887748937,538.2189524612587,203.42297968752501,537.0212107947445,229.71487023280096,527.059946743485,229.26107932016964,container,0
540.3405536236293,210.5209345184672,551.6834811308586,211.29206608397794,549.9693943224594,236.50535429361395,538.6264668152301,235.7342227281032,container,0
511.18040541362586,232.51284980431868,538.0446162524198,234.14636068630978,536.4228226175741,260.8178733305378,509.5586117787801,259.1843624485467,container,0
533.8440947010284,259.330377767931,547.4733088110413,260.34757169597475,545.7323690208497,283.67413755426395,532.1031549108368,282.6569436262202,container,0
506.0521067168385,257.4162801573086,517.2658681436669,258.1388412978348,516.0134551471598,277.5756193958963,504.79969372033133,276.8530582553701,container,0
517.6851937727789,261.28292356418996,532.4601493566037,262.5088642387036,529.7613027795472,295.03518393144503,514.9863471957225,293.8092432569314,container,0
506.67281217007553,283.5685139209374,516.5475743683048,284.60061613181193,515.362384740221,295.9400606304512,505.48762254199175,294.9079584195767,container,0
503.5721543850624,293.4801373802156,513.1324552137016,293.9286667822579,512.1173876483302,315.56459798801,502.557086819691,315.1160685859677,container,0
516.2950033013547,300.30823741445477,521.9667939515788,300.6296582996313,520.6826622643587,323.28943690497044,515.0108716141345,322.96801601979394,container,0
525.9729908658948,301.55369216461804,538.2593961950173,302.5325598402472,536.45466777948,325.18488085802403,524.1682624503575,324.2060131823949,container,0
501.67368743142947,337.1788258342394,541.8767542261709,339.11344891233983,540.6769543875266,364.04628135880085,500.47388759278516,362.1116582807004,container,0
477.3943291148151,298.6730641294743,485.61554917133344,299.4135116592861,483.5785746798519,322.03012508527996,475.35735462333355,321.2896775554682,container,0
463.6371836322165,333.7919515294217,471.90039203736427,333.7919515294217,471.90039203736427,357.34955991764923,463.6371836322165,357.34955991764923,container,0
481.7400898575419,334.89057913810586,489.4598031463997,335.03435455173883,488.9996866495701,359.73932562604205,481.2799733607123,359.5955502124091,container,0
385.00311346794314,425.1591332806439,391.1753584781109,425.1591332806439,391.1753584781109,451.20575262722207,385.00311346794314,451.20575262722207,container,0
398.81020705355144,484.59525272711875,405.10075036011585,484.8854013761133,403.9634888256085,509.5417041316111,397.6729455190441,509.25155548261654,container,0
392.1256054429711,541.4848789608835,397.60469936103647,541.4848789608835,397.60469936103647,555.3894927409443,392.1256054429711,555.3894927409443,container,0
388.4951566300927,636.7938295125251,381.8875571627506,636.5284251829869,382.8353738789089,612.9312470973097,389.442973346251,613.1966514268479,container,0
397.78171893051626,677.2527198121751,392.7733065303508,677.2045118487686,392.9233135495715,661.6200116523727,397.931725949737,661.6682196157792,container,0
399.53598907271675,709.3354080473638,391.5103899309019,709.3400063831887,391.49774172101644,687.2647456222654,399.5233408628313,687.2601472864405,container,0
469.1393319285917,464.2471856914599,474.0857514439829,464.2471856914599,474.0857514439829,478.3658700568816,469.1393319285917,478.3658700568816,container,0
454.3202588954582,473.9154734383289,459.2807018809683,473.91547343832895,459.2807018809683,486.8549608218629,454.3202588954582,486.85496082186285,container,0
461.3663388537151,482.4510597400449,474.0219423176087,482.45105974004497,474.0219423176087,496.0342330434255,461.3663388537151,496.03423304342544,container,0
438.8106208097596,522.2885214516682,470.1344549944172,522.2885214516682,470.1344549944172,546.4182735103229,438.8106208097596,546.4182735103229,container,0
438.08643282692117,547.9876099429002,471.0542450206236,548.2433658489879,470.85714228876236,573.6505830126798,437.8893300950599,573.3948271065922,container,0
449.87866677278333,573.7323923162033,469.4632245611586,574.052519709777,468.99196615567604,602.8828780630596,449.4074083673008,602.5627506694859,container,0
440.01364828454047,573.489622446995,445.1687333559865,573.489622446995,445.1687333559865,588.4829494916793,440.01364828454047,588.4829494916793,container,0
439.1192626506098,591.0082457875562,444.9500299959767,591.0082457875562,444.9500299959767,618.5343067917527,439.1192626506098,618.5343067917527,container,0
448.3250967796965,604.9975005938782,467.20642573622683,604.9975005938783,467.2064257362268,631.6881070463469,448.3250967796964,631.6881070463468,container,0
455.39351941405346,627.133569220065,466.6725406017541,627.133569220065,466.6725406017541,654.8305132368837,455.39351941405346,654.8305132368837,container,0
458.58890613051454,654.1449455625497,465.9933803987308,654.6830721070104,464.3325353809203,677.5358459098662,456.9280611127041,676.9977193654055,container,0
457.2315794129273,680.6658883628145,461.5454823610636,680.6658883628145,461.5454823610636,695.6137331183381,457.2315794129273,695.6137331183381,container,0
438.7135517325641,703.4282363609123,443.55028679072933,703.4282363609123,443.55028679072933,715.24711347209,438.7135517325641,715.24711347209,container,0
444.8153144066407,707.8285148654709,461.2265317445241,707.8285148654709,461.2265317445241,727.1147786647675,444.8153144066407,727.1147786647675,container,0
452.7918081068569,735.4029049016641,463.9977365788143,735.6685439522047,463.2694442344318,766.39140605105,452.06351576247437,766.1257670005094,container,0
439.4366377561066,765.8445257934671,458.49944314425295,765.8445257934671,458.49944314425295,793.5012363145046,439.4366377561066,793.5012363145046,container,0
431.02052879755314,758.8310472808073,437.8321766629841,758.8310472808073,437.83217666298407,783.500800962157,431.0205287975531,783.500800962157,container,0
435.4794069688735,819.3115597667694,456.45096443875923,820.7091363677124,454.4249638607049,851.110609552093,433.45340639081917,849.71303295115,container,0
430.3750223969915,815.9879956532386,434.6350357357635,816.3169608746159,432.8364032276532,839.6087801253543,428.5763898888812,839.279814903977,container,0
427.93615346459455,844.7709534642786,453.79769106382014,845.9552549391998,452.36156293443173,877.3159197715686,426.50002533520615,876.1316182966474,container,0
420.30572326542443,841.1937676139066,426.1102032910916,841.7101820635099,423.962588743774,865.8492931056403,418.15810871810686,865.332878656037,container,0
446.566670273136,873.641402430465,452.737710749356,873.8429411144908,451.90540071717913,899.3279685778386,445.7343602409592,899.1264298938128,container,0
438.082978209431,898.3368935121437,450.23208318512246,899.0549981179028,448.41410258231286,929.8121287784963,436.2649976066214,929.0940241727372,container,0
465.90444910383786,926.4242483497162,471.01219480505256,926.4242483497163,471.0121948050525,937.1858826768973,465.9044491038378,937.1858826768972,container,0
466.1298610532503,906.7484408227708,482.2816366022702,907.3835874306682,481.3229046549797,931.7641367900899,465.1711291059598,931.1289901821925,container,0
465.80475743073487,878.5744633182443,470.9035551687647,878.8343740229918,470.1813973566826,893.001303477941,465.0825996186528,892.7413927731934,container,0
470.50920493020016,861.2454583524872,475.9792790545113,861.6083301919546,474.61694903253846,882.1446336232308,469.1468749082273,881.7817617837634,container,0
473.7855240596957,837.9525095486282,485.64805481264057,839.082708474418,483.2526361188367,864.2249442994695,471.3901053658918,863.0947453736796,container,0
530.8775141284664,864.3679188134605,555.1383988329795,865.8482411371226,553.505762859487,892.6053821220377,529.2448781549739,891.1250597983756,container,0
546.8408865160218,843.6100438015677,579.1449939625661,845.3027884004935,577.8301289729684,870.3954928336469,545.5260215264241,868.7027482347212,container,0
534.4865969053297,840.1551136070897,540.8514300003653,840.4011154780821,539.9436174103763,863.8890491004591,533.5787843153407,863.6430472294667,container,0
550.2901667422976,817.0252064934067,577.5292535388745,818.1101417702331,576.4972464770414,844.0203785671973,549.2581596804645,842.9354432903709,container,0
540.9679383156389,792.1048296281847,582.0058409725077,793.0755854877377,581.4664835235711,815.8764764315288,540.4285808667023,814.9057205719757,container,0
539.1230256204058,758.4966515663631,588.9583065286115,760.4859577701444,587.7749607052763,790.1306506813545,537.9396797970705,788.1413444775732,container,0
540.8804283958325,737.2059322277573,590.1403424852499,739.1481469066132,589.3428400743853,759.3750047678857,540.0829259849679,757.4327900890298,container,0
657.0568282771428,772.0785989598212,669.9737491129418,772.0785989598212,669.9737491129417,793.852441541876,657.0568282771427,793.852441541876,container,0
658.4475364008362,744.1686402314682,674.1189443004275,744.5596434323045,673.4927249353813,769.658514958861,657.8213170357899,769.2675117580247,container,0
673.8829876297561,776.9409445462704,681.0062701038416,776.9409445462704,681.0062701038416,788.6791992864498,673.8829876297561,788.6791992864498,container,0
664.8856917909916,711.9414452111268,681.1491865642631,711.9414452111268,681.1491865642631,736.3427619375923,664.8856917909916,736.3427619375923,container,0
659.9107508117474,688.5302170784773,689.3434049530546,688.5302170784773,689.3434049530545,714.1692750303164,659.9107508117473,714.1692750303164,container,0
685.0277586321528,668.6030929357903,691.3801240481397,668.6030929357903,691.3801240481397,688.7965210411271,685.0277586321528,688.7965210411271,container,0
667.6838905730257,668.4249265327412,673.0452069195252,668.4249265327412,673.0452069195252,680.5341161968652,667.6838905730257,680.5341161968652,container,0
668.024934654406,529.9864613691827,680.3025934371867,529.9864613691827,680.3025934371867,557.4188322858579,668.024934654406,557.4188322858579,container,0
684.8570722820436,525.1063362435311,691.8194886197817,525.1063362435311,691.8194886197816,551.7509217935567,684.8570722820435,551.7509217935567,container,0
669.2272383756398,468.05689953398627,679.7486372506704,468.05689953398627,679.7486372506704,500.9379392572857,669.2272383756398,500.9379392572857,container,0
680.8817208051206,442.9735115568451,692.3393448156344,442.9735115568451,692.3393448156343,481.1898995882641,680.8817208051205,481.1898995882641,container,0
697.1038101672663,360.5480546601434,696.2726009942612,366.6051287777467,671.0037862336129,363.13750229469395,671.834995406618,357.08042817709065,container,0
577.1906331976237,647.3417604980775,589.8905789888659,647.7410470381287,589.1861545018154,670.146392328299,576.4862087105732,669.7471057882478,container,0
552.0443319039474,645.3651472636013,557.5341347609307,645.529460158189,556.9093619998952,666.4035327445611,551.4195591429119,666.2392198499734,container,0
562.6705303907198,631.6068738361066,574.9677137877676,632.1370202771069,573.6242764924704,663.299154972442,561.3270930954226,662.7690085314417,container,0
557.7458583300947,627.8131129486768,566.442762145548,628.1726787678783,565.8895005613517,641.554548026823,557.1925967458984,641.1949822076215,container,0
550.1391074525841,626.2267205317105,554.7405314960022,626.2267205317105,554.7405314960022,634.4587415643412,550.1391074525841,634.4587415643412,container,0
576.7322235377717,626.6085957709072,582.0759414540172,627.0251881472907,581.3721175536571,636.0532851539763,576.0283996374116,635.6366927775928,container,0
554.6684594705779,615.2200905338781,585.9670319559847,615.173208853568,585.9820900412948,625.2261031067754,554.683517555888,625.2729847870855,container,0
574.5908656560309,590.9919796246809,588.5839868805833,590.9919796246809,588.5839868805833,613.2081402892593,574.5908656560309,613.2081402892593,container,0
554.0024447166827,568.9227443602379,566.459708352924,568.9227443602379,566.459708352924,612.5766342118604,554.0024447166827,612.5766342118604,container,0
564.6071962276701,566.834184982526,576.4422980532814,566.8341849825262,576.4422980532813,579.7940918346098,564.60719622767,579.7940918346097,container,0
577.6549345347505,570.995963580474,587.5778678153587,570.9959635804742,587.5778678153586,588.7925320463895,577.6549345347504,588.7925320463894,container,0
580.8186009078426,541.6024484983237,590.0835744240724,541.6024484983238,590.0835744240723,559.0727730942766,580.8186009078424,559.0727730942765,container,0
567.7456686791313,538.681899808931,577.9841584251587,538.681899808931,577.9841584251587,565.6092392086322,567.7456686791313,565.6092392086322,container,0
557.7610627664216,513.1764526006622,588.4943863688153,513.1764526006622,588.4943863688153,540.9204315818328,557.7610627664216,540.9204315818328,container,0
557.2316383099866,454.1695495078591,586.0857162402594,454.16954950785913,586.0857162402593,512.585387968184,557.2316383099865,512.585387968184,container,0
589.2589925573535,488.683287235492,594.8748920697905,488.683287235492,594.8748920697905,512.7747948243965,589.2589925573535,512.7747948243965,container,0
587.1638155349125,454.4987646759842,593.3845132432762,454.4987646759842,593.384513243276,477.9081939563811,587.1638155349124,477.9081939563811,container,0
564.7077320913627,441.35135267807834,595.0278371993427,441.35135267807834,595.0278371993427,452.1178897328713,564.7077320913627,452.1178897328713,container,0
558.1521897199381,437.75555729996523,563.9891465497802,437.7555572999653,563.9891465497802,447.22073488436394,558.1521897199381,447.2207348843639,container,0
562.693736461577,417.2004019554733,587.2371485522813,417.5687722679155,586.8909576719917,440.6344351348833,562.3475455812875,440.2660648224411,container,0
586.7853223018346,412.38090740372866,591.8825276782054,412.38090740372866,591.8825276782054,434.08050392839516,586.7853223018346,434.08050392839516,container,0
591.854754713528,419.60484859039167,596.8252242796063,419.60484859039167,596.8252242796062,442.57180321798154,591.8547547135279,442.57180321798154,container,0
502.16042329305475,759.3724812308841,513.2035032981665,760.2189948300717,511.4025004971916,783.713736130963,500.3594204920798,782.8672225317754,container,0
488.9585132865943,760.0721778459746,497.1610683538911,760.4387763709625,496.02968293035326,785.7532569439837,487.8271278630565,785.3866584189958,container,0
477.6514321823381,759.42430114263,481.9099701927716,759.6187752038683,480.89353906381916,781.8762966957967,476.6350010533857,781.6818226345584,container,0
513.156559342343,748.8870743279834,517.9137197680955,748.9808504475252,517.4869593693187,770.6299407517316,512.7297989435663,770.5361646321899,container,0
482.46867029793486,733.2586389356804,511.76774517395506,733.2586389356806,511.76774517395506,759.2427131929896,482.46867029793486,759.2427131929895,container,0
514.2780543106495,722.9213929536871,519.6942240714104,722.9213929536871,519.6942240714103,733.1580730589427,514.2780543106494,733.1580730589427,container,0
506.7996038943575,705.6897190595038,514.6068077252966,705.6897190595038,514.6068077252964,732.0453301359142,506.7996038943575,732.0453301359142,container,0
478.9816237537858,705.3090333532978,501.23602860147366,705.3090333532978,501.23602860147366,731.9032268082597,478.9816237537858,731.9032268082597,container,0
517.1626011383399,672.1190961014071,522.6580355612383,672.3584237330184,521.3113541614547,703.2808845923063,515.8159197385563,703.041556960695,container,0
497.3177649856889,661.7044388534265,515.6225320643254,661.7044388534266,515.6225320643254,701.9828579760668,497.3177649856889,701.9828579760667,container,0
481.03643491638053,679.5403749407908,496.9389446355037,679.5403749407908,496.9389446355037,702.6274444814042,481.03643491638053,702.6274444814042,container,0
486.70840793142276,664.9675066842642,491.27094187593843,664.9675066842642,491.2709418759384,686.2144489622942,486.7084079314227,686.2144489622942,container,0
483.2466149840139,632.1452389913638,525.5562280684151,633.7992207363507,524.5304187998859,660.0398932113701,482.2208057154847,658.3859114663833,container,0
509.5235011441856,615.2735247683413,520.625536046689,615.2735247683413,520.625536046689,639.382372752935,509.5235011441856,639.382372752935,container,0
486.3604434908059,607.0525655913282,506.93262115205863,607.0525655913282,506.9326211520586,634.2140307058139,486.36044349080584,634.2140307058139,container,0
514.2852845196271,585.3219732419341,519.735435714407,585.3219732419341,519.735435714407,613.3553952458903,514.2852845196271,613.3553952458903,container,0
487.14718474635936,580.5772896175718,508.95545945722137,580.5772896175718,508.9554594572213,606.5367506882765,487.1471847463593,606.5367506882765,container,0
488.96863308744446,567.0399774802092,499.7884733163702,567.0399774802094,499.7884733163702,580.1795983219884,488.96863308744446,580.1795983219882,container,0
505.38024436747014,565.3676010714064,522.9644317600953,565.3676010714064,522.9644317600953,579.8147219803063,505.38024436747014,579.8147219803063,container,0
501.243285119555,557.8408339029615,504.9797907545646,557.8408339029615,504.97979075456453,569.1135332153367,501.24328511955497,569.1135332153367,container,0
509.8075541766157,527.4592019081587,524.586010266893,527.4592019081588,524.5860102668929,563.8872787600841,509.8075541766157,563.887278760084,container,0
499.60450358304905,520.3891079786765,509.3685768151871,520.3891079786765,509.36857681518705,549.4262373570832,499.604503583049,549.4262373570832,container,0
487.4649812052044,523.5178508595643,498.6057013049331,523.5178508595643,498.6057013049331,556.9352202712139,487.4649812052044,556.9352202712139,container,0
489.6571273697232,501.13764039800617,525.5675565818102,501.13764039800617,525.5675565818102,524.3668250751364,489.6571273697232,524.3668250751364,container,0
491.26192000913625,476.8632743297512,527.4912533424696,476.8632743297512,527.4912533424696,500.86962353610045,491.26192000913625,500.86962353610045,container,0
491.4580676405598,448.2821823778114,503.09845508823054,448.2821823778114,503.09845508823054,471.631878557361,491.4580676405598,471.631878557361,container,0
507.65095965209747,449.1851651342385,511.81236562396805,449.1851651342385,511.812365623968,477.2220192471073,507.6509596520974,477.2220192471073,container,0
518.6901453516989,450.34042875396426,523.7500896944672,450.34042875396426,523.7500896944671,476.96529399827944,518.6901453516988,476.96529399827944,container,0
527.4188038118489,442.89539653795407,532.6071107790311,442.89539653795407,532.607110779031,466.696284045162,527.4188038118488,466.696284045162,container,0
494.771543886269,436.9405645586917,504.3721467443273,436.9405645586917,504.3721467443273,447.0963273999163,494.771543886269,447.0963273999163,container,0
493.7466195864174,407.45040050553297,499.33500396211554,407.71322162459626,498.347817305082,428.70384258278335,492.7594329293839,428.44102146372006,container,0
501.1246708745703,407.1934907081943,534.8475360384018,408.69636973837737,533.6004931261724,436.6785686632627,499.877627962341,435.1756896330796,container,0
566.4456094600316,344.57407314271165,578.8026998911022,345.25926790755454,577.4300957570977,370.0133878749516,565.0730053260271,369.3281931101087,container,0
567.9417144111861,314.843857084234,572.8311068852312,315.06406659334556,571.9002324093857,335.732613900148,567.0108399353406,335.51240439103645,container,0
582.30055999616,319.99011764505013,592.2837045621734,319.9901176450502,592.2837045621734,334.19011764478245,582.30055999616,334.1901176447824,container,0
593.674595045169,316.49732218513043,603.1601698186417,316.9932098447773,602.093474508683,337.3974645712043,592.6078997352103,336.9015769115574,container,0
567.8802162115253,251.10466459699043,613.0952490415297,252.9753423073136,612.0525815848448,278.177034199307,566.8375487548404,276.3063564889838,container,0
594.0725658802917,241.03862560300692,606.1048239448078,241.03862560300695,606.1048239448078,251.7805610868779,594.0725658802917,251.78056108687787,container,0
570.4580559034041,199.24600889927777,590.6748062987986,200.24422722989075,588.8178141062442,237.85358230956834,568.6010637108498,236.85536397895535,container,0
607.157280289738,214.51371502460944,613.0674155657455,214.71264235571616,612.3789175954599,235.1679318275364,606.4687823194524,234.96900449642968,container,0
605.3133670151702,202.8359270914951,611.091144792948,202.8359270914951,611.0911447929478,214.16926042482842,605.3133670151701,214.16926042482842,container,0
611.9714204859232,181.0285359297304,617.756854685307,181.26294599620763,616.8626787711111,203.33194666669263,611.0772445717273,203.0975366002154,container,0
589.9958431554,176.79889077918335,604.8511676862965,176.79889077918338,604.8511676862965,199.64452416163806,589.9958431554,199.64452416163803,container,0
583.8589338466348,151.77671374192707,621.5393275269272,154.56769191665958,619.7491869437009,178.73599338519293,582.0687932634086,175.9450152104604,container,0
590.7811073733891,130.09809154369322,597.0251950204832,130.47058530591758,595.7503285074728,151.8410861112106,589.5062408603786,151.46859234898622,container,0
605.3137550274143,131.3961930103213,621.6368245171743,132.1540451598817,620.6243186748552,153.961997057295,604.3012491850952,153.20414490773462,container,0
611.3719634063599,117.97136711757844,616.3719634063599,117.97136711757844,616.3719634063599,129.97136711757844,611.3719634063599,129.97136711757844,container,0
607.8043012093677,90.46331833423001,622.5411433146309,90.46331833423001,622.5411433146309,117.72647622896686,607.8043012093677,117.72647622896686,container,0
586.720080539316,85.77949478427377,603.8318149946689,85.77949478427377,603.8318149946689,115.81081783242712,586.720080539316,115.81081783242712,container,0
661.3091957153608,7.390766171230236,693.7322726384376,7.3907661712302435,693.7322726384375,39.04461232507629,661.3091957153607,39.04461232507629,container,0
737.3623059269709,15.107283688932403,745.7326762973412,15.107283688932407,745.7326762973411,35.88506146671011,737.3623059269707,35.88506146671011,container,0
737.5474911121559,1.9999999999999964,763.5508581155228,2.0000000000000036,763.5508581155228,19.35980894145764,737.5474911121559,19.359808941457633,container,0
784.525236518607,15.959342221681775,792.7894530796304,15.959342221681778,792.7894530796304,41.512260964935265,784.525236518607,41.51226096493526,container,0
793.3016485759666,24.083305737436287,802.7683152426333,24.08330573743629,802.7683152426333,41.41663907076959,793.3016485759666,41.41663907076959,container,0
803.1683152426333,18.616639070769622,815.7016485759666,18.616639070769626,815.7016485759666,42.616639070769594,803.1683152426333,42.616639070769594,container,0
656.752573140652,241.22450395749905,668.4004407803503,242.04995930099378,662.3676962988666,327.1770467663759,650.7198286591682,326.35159142288114,container,0
668.9724485883595,249.04988963850468,680.9166814959657,249.6694183025218,676.8048916470904,328.942869999897,664.8606587394842,328.32334133587995,container,0
642.8677265333291,219.00610465169714,679.9009513934692,221.19879325498584,678.5125620467928,244.6478752595036,641.4793371866527,242.4551866562149,container,0
649.2168154621318,206.1091668489186,679.7033502084141,208.18059293198658,678.9454281031497,219.3354291030648,648.4588933568673,217.2640030199968,container,0
656.9580936136372,176.89462940140476,683.7580936136371,176.89462940140479,683.7580936136371,190.49462940140478,656.9580936136372,190.49462940140475,container,0
647.5390087800106,162.94007206664494,684.36491719605,164.12274964260132,683.9767213403074,176.21029177723616,647.150812924268,175.0276142012798,container,0
649.2999298836306,149.9537442136873,683.8355026783039,151.95170854567817,683.1746323464164,163.37510339277094,648.6390595517431,161.37713906078005,container,0
671.8652194631097,95.93086809776656,688.2432139570594,96.67245239643078,685.9726384406626,146.81843495381335,669.594643946713,146.07685065514914,container,0
662.1399638372079,98.88437042189216,672.4753618289436,99.20646584924255,671.2244276174331,139.34644251328376,660.8890296256974,139.02434708593339,container,0
649.8388384461881,123.24770165964821,660.2976489982975,123.40942782865064,659.9565330076745,145.46935507621646,649.497722455565,145.30762890721405,container,0
650.7457533357054,92.47891829231551,661.2197467164164,92.75216700229302,660.4693201478168,121.5170344114288,649.9953267671059,121.24378570145129,container,0
724.1729034927062,76.05078584961319,729.5166534927062,76.05078584961319,729.5166534927062,99.51953584961313,724.1729034927062,99.51953584961313,container,0
728.9660958388694,105.19967327531225,735.2093390821126,105.19967327531225,735.2093390821125,128.33480841044735,728.9660958388693,128.33480841044735,container,0
735.90155407679,111.9162112509366,741.8739505707571,111.99919471143605,741.5188204315243,137.55823967883867,735.5464239375573,137.47525621833924,container,0
715.6673255220086,149.6519928566894,721.5461134007965,149.6519928566894,721.5461134007963,170.2277504324469,715.6673255220085,170.2277504324469,container,0
724.4550723315103,160.1938632021599,730.367715000518,160.1938632021599,730.367715000518,186.09652777239148,724.4550723315103,186.09652777239148,container,0
715.7693319331987,208.2216993022526,741.172961361314,210.19581481147287,739.1261289670848,236.53519130773373,713.7224995389695,234.56107579851346,container,0
741.9141786215455,216.24734576832287,750.8072467714248,216.72926891906727,749.5050581205358,240.75893505664123,740.6119899706564,240.27701190589684,container,0
712.1755286508205,231.96301644079983,718.5476216740764,231.96301644079983,718.5476216740763,244.96301644079983,712.1755286508204,244.96301644079983,container,0
718.9132487595886,237.83845978389908,740.7367059701762,237.83845978389908,740.7367059701761,250.57678967903578,718.9132487595884,250.57678967903578,container,0
712.4793970502623,254.33543850608382,717.5762080583019,254.33543850608382,717.5762080583019,266.6027621575821,712.4793970502623,266.6027621575821,container,0
727.300528340124,248.74467784663167,749.6595026990983,248.74467784663167,749.6595026990983,262.7703188722727,727.300528340124,262.77031887227264,container,0
721.7515287598161,262.1501793234595,726.9749770899456,262.1501793234595,726.9749770899456,283.87390108433874,721.7515287598161,283.87390108433874,container,0
729.8703639141983,287.57953684211896,735.1252818527838,287.7643403016301,734.3470384561718,309.89382422071276,729.0921205175863,309.7090207612016,container,0
722.924702198454,288.0158930177993,728.2063901450398,288.1171304058469,727.459043272934,327.1072015884818,722.1773553263482,327.0059642004342,container,0
784.4007738326492,284.75515680736083,796.1116275198091,285.3999340863052,794.8420389203778,308.4590070659987,783.1311852332179,307.81422978705433,container,0
772.6288343957749,313.89822177638723,794.9711301176823,316.0299315376571,792.3917212273241,343.0645294285872,770.0494255054167,340.93281966731735,container,0
788.8321719905972,259.78067951075997,798.9894671547645,260.5211620390279,797.4856596805447,281.14908478213425,787.3283645163774,280.4086022538663,container,0
791.8456350441095,239.14641172910794,801.8456350441095,239.14641172910797,801.8456350441095,262.86069744339363,791.8456350441095,262.86069744339363,container,0
799.2834311867142,218.21431431931111,809.8475337508168,218.21431431931114,809.8475337508168,246.21431431931111,799.2834311867142,246.2143143193111,container,0
788.5404379079706,178.66033713670427,812.4495288170615,178.66033713670427,812.4495288170614,210.1451856215527,788.5404379079705,210.1451856215527,container,0
816.4213829385487,320.5906637786445,830.808107570576,321.88831698229427,828.7030733485178,345.22625319557926,814.3163487164906,343.9285999919295,container,0
828.1565830439282,296.44905712205605,836.9324058806576,298.45291724874096,832.4234171380084,318.1998476114702,823.647594301279,316.1959874847853,container,0
829.668874849901,272.24705001034704,843.810489981562,275.81162453848907,838.2296997822433,297.95210343891097,824.0880846505823,294.38752891076894,container,0
836.5611599016106,251.30913255940362,851.2054668342395,255.39022291068488,845.5900772873288,275.5401046807412,830.9457703546999,271.45901432945993,container,0
831.6521892891969,245.35782355010127,836.5388985168382,246.42237318657467,831.8962962284288,267.73377724491064,827.0095870007875,266.6692276084372,container,0
839.1103582496849,225.2748731988097,856.4987331859598,226.8328591975148,854.2819670472816,251.57374955045384,836.8935921110066,250.01576355174873,container,0
851.4109078329348,193.92849667750707,861.2805427295986,195.10464240607536,858.4742345590446,218.6537965441499,848.6045996623808,217.47765081558163,container,0
810.5659042391694,135.71974036421727,816.6649332156012,135.71974036421727,816.6649332156012,158.1037867498415,810.5659042391694,158.1037867498415,container,0
794.5143465499631,108.47747350552203,813.6153847128386,108.98988720053062,813.0167433980702,131.3051974872173,793.9157052351947,130.7927837922087,container,0
790.4223075161955,107.85274035187238,795.2171793110673,107.85274035187238,795.2171793110673,120.08350958264161,790.4223075161955,120.08350958264161,container,0
813.7029553136481,111.1927268927172,824.6791457898386,111.19272689271722,824.6791457898385,122.76415546414579,813.702955313648,122.76415546414577,container,0
821.5981889217152,157.49827944082443,821.8929227849103,144.45124579171716,847.0170113945366,145.0188015974523,846.7222775313414,158.06583524655957,container,0
848.3108605523142,140.98613902531486,851.7131594028889,140.98613902531486,851.7131594028889,159.560851668993,848.3108605523142,159.560851668993,container,0
853.8281019316246,141.6757941977286,858.1499410120844,141.67579419772864,858.1499410120844,149.2160240827861,853.8281019316246,149.21602408278608,container,0
836.9484386219042,137.26260373074257,837.1048440565623,130.9861228788906,848.4352378574677,131.2684682264042,848.2788324228095,137.54494907825617,container,0
825.4389782701415,130.7752183487576,825.5125188353227,125.94705998908485,847.7511532379991,126.28578991900805,847.677612672818,131.1139482786808,container,0
850.7623776911223,120.11005553867987,859.3661220162264,120.11005553867989,859.3661220162264,139.2183860236736,850.7623776911223,139.2183860236736,container,0
824.0591737716879,120.17363429492495,824.2970866040155,101.59381091704152,848.4579265360842,101.90318812385046,848.2200137037566,120.48301150173388,container,0
849.9097186393726,89.40064611240743,855.2834560131099,89.40064611240743,855.2834560131098,100.22892894069025,849.9097186393725,100.22892894069025,container,0
822.8242218259159,96.79970235935913,822.853830512664,84.18587228620707,847.9516258999433,84.24478482564847,847.9220172131952,96.85861489880052,container,0
805.0800049087393,81.7244887220886,819.2837444959425,81.7244887220886,819.2837444959425,107.71642586132243,805.0800049087393,107.71642586132243,container,0
810.2592643381915,51.452337767481794,822.3187147048673,51.452337767481794,822.3187147048673,77.58420589930535,810.2592643381915,77.58420589930535,container,0
842.9545818398293,29.880851336718887,842.8787530435206,35.2909101816702,820.1812223646049,34.972775669664514,820.2570511609135,29.56271682471321,container,0
833.0911825043805,23.510396099926673,833.1278861962666,27.97938251361322,821.4624818838666,28.075190235090624,821.4257781919806,23.606203821404076,container,0
313.57826426168367,972.6725280636067,321.75408221366786,972.6725280636067,321.75408221366786,1010.4993678436645,313.57826426168367,1010.4993678436645,container,0
345.56498027869327,1005.9805434642178,345.56089550226943,1013.5627409693977,319.76453861114317,1013.5488436328567,319.768623387567,1005.9666461276768,container,0
411.0093815021763,1009.7865903723956,410.39437765812,1022.6055706842071,396.91976340039025,1021.9591121232212,397.5347672444466,1009.1401318114097,container,0
604.7215161424635,1003.4083939042968,604.5956315021001,1018.9628316289029,580.4406162363214,1018.7673410902192,580.5665008766848,1003.2129033656131,container,0
578.4277974115668,998.9098249259841,578.3807744702385,1002.9586230479638,566.3412455768236,1002.8187953648542,566.3882685181518,998.7699972428745,container,0
576.5654921089925,1015.82752578523,576.5677560612615,1019.6080565237039,541.5012549022837,1019.629055925734,541.4989909500147,1015.8485251872601,container,0
614.9106223276095,1020.1978323435052,614.9127576940766,1024.378484341968,504.89443263003034,1024.4346787925447,504.89229726356325,1020.2540267940819,container,0
539.0227471114121,997.6624201785563,539.0746267034037,1007.8676053206815,519.7939372591615,1007.9656216023808,519.7420576671698,997.7604364602556,container,0
518.9891483028944,997.3995512213517,518.9043333421755,1002.341856720624,468.94782453001847,1001.4845525063904,469.0326394907374,996.542247007118,container,0
670.153037418703,1009.1129724467005,675.9530374187029,1009.1129724467005,675.9530374187029,1024.0,670.153037418703,1024.0,container,0
