276.7995991962048,92.14667299743839,293.19393773817234,95.49194623272396,290.79276269258446,107.2594981865275,274.3984241506169,103.91422495124192,container,0
313.36949993391556,108.16815436380402,315.2050806814241,99.88418426243216,326.5402774083284,102.39586267586357,324.7046966608199,110.67983277723543,container,0
120.19796431546052,69.39764133651586,122.49966979460417,62.55579893142108,228.89693412673057,98.34954450158934,226.5952286475869,105.19138690668412,container,0
107.60878062834396,134.33192890743618,102.93973979804038,132.50732600611587,125.65298914282371,74.38558976261736,130.3220299731273,76.21019266393763,container,0
207.67923204694313,167.9142013073858,202.10130526159213,166.03520666554428,222.22990678423338,106.28204767049753,227.80783356958437,108.16104231233906,container,0
73.63904054596912,720.6965202542913,68.82247165275601,716.4408922040302,99.70942962221142,681.4826770581992,104.52599851542453,685.7383051084603,container,0
27.850053875701466,760.5316183745775,31.3091962276826,756.626636889879,80.52977876530763,800.2276122881598,77.07063641332648,804.1325937728583,container,0
99.38565165358214,684.5447579362071,104.23603590562352,679.1343506359204,122.36757898751553,695.3891252117567,117.51719473547415,700.7995325120434,container,0
129.6796698146691,709.4271553286794,134.02030340615605,704.5853542566579,153.493323410913,722.0427515150409,149.15268981942606,726.8845525870624,container,0
37.70877447363051,759.6157489672962,33.986946978047484,756.2599303024791,47.91225268993719,740.8158342831448,51.63408018552022,744.1716529479619,container,0
100.481986763858,780.4234034879864,96.97273835112011,777.2592586325568,111.92902987864301,760.6717303424598,115.4382782913809,763.8358751978894,container,0
83.26695775521019,799.539171787497,79.86762595713921,796.4741342194176,93.05538453794763,781.8480273305825,96.4547163360186,784.9130648986619,container,0
