732.2673216517837,417.28302173603595,878.7211288893438,383.7432435984012,884.0344520696979,406.94424408365114,737.5806448321378,440.4840222212859,container,0
737.7607764530425,442.12927866339885,885.13589912182,408.37850761447925,890.0644478335397,429.8993632392571,742.6893251647622,463.65013428817673,container,0
744.7212388297388,465.2440201856315,887.4868021658177,432.5488966493791,892.3458681135443,453.7663508836523,749.5803047774654,486.4614744199047,container,0
751.335507624175,486.95770747488405,893.7047436411066,454.35334791810624,898.6422084634465,475.9131363688774,756.2729724465149,508.5174959256552,container,0
757.2578838798687,509.140670286065,895.435638553529,477.4962130832992,900.5083721653581,499.64666224565343,762.3306174916978,531.2911194484192,container,0
761.6381946371006,532.9240500229621,901.8516441280113,500.8133929049167,907.038275725378,523.4611856558361,766.8248262344672,555.5718427738814,container,0
768.7241564077128,556.7584516567466,908.6096015358657,524.7229116951794,913.3801255561368,545.553741357197,773.4946804279839,577.5892813187643,container,0
773.4717195510567,578.8060418284183,915.9456940284348,546.1776958366538,921.059852266561,568.5090285519555,778.585877789183,601.13737454372,container,0
814.817359354687,375.0897596444768,874.5100858901405,361.4193686714237,879.2507623937714,382.1198670464959,819.5580358583179,395.79025801954907,container,0
829.1864435084565,347.4035513041362,868.4112946331935,338.420563227415,873.2142565576576,359.39303528636134,833.9894054329205,368.37602336308254,container,0
822.7453156023931,324.81926114927427,861.2146905164049,316.00928670035773,865.9210629223047,336.55999381277053,827.451688008293,345.36996826168706,container,0
809.3785906397077,352.1836093438701,820.229606491383,349.69858917882374,825.1700130857466,371.27122308465755,814.3189972340713,373.7562432497039,container,0
735.5784567356843,469.8037995184782,736.8042211282619,474.9702331400473,670.6360859142671,490.6689820274744,669.4103215216895,485.50254840590526,container,0
735.7993958140368,477.5031799009062,736.9877212780631,482.5118134261486,681.9941678067254,495.5593321990704,680.8058423426991,490.55069867382804,container,0
737.6110457145957,485.4492208106881,738.9112761580105,490.9295189163627,684.7236533220984,503.7858262757346,683.4234228786835,498.30552817006,container,0
732.2691217876907,457.7979134377854,733.4746015317338,462.87884996805013,665.5658878260278,478.99056054121706,664.3604080819847,473.9096240109523,container,0
730.3540186608066,451.21402048556985,731.3682830776141,455.489009884745,663.4595693719082,471.6007204579119,662.4453049551006,467.3257310587368,container,0
728.3663746202866,442.9180660009492,729.6092801392653,448.1567471868026,660.0971844603499,464.64886882772345,658.8542789413713,459.41018764187004,container,0
726.6267374162317,435.3425461766826,727.8696429352103,440.581227362536,658.357547256295,457.0733490034569,657.1146417373163,451.8346678176035,container,0
712.5313233664676,431.4410145106335,713.5040222215301,435.54081060430974,656.522937832844,449.0598818650951,655.5502389777815,444.9600857714189,container,0
724.1540125785926,420.5670324273419,725.420692605852,425.9059199984203,671.7827384474268,438.6318154833871,670.5160584201675,433.2929279123087,container,0
722.2606355922117,413.57278237144226,723.3171298582846,418.0257649595205,652.8190061889347,434.7518270880755,651.7625119228618,430.2988444999973,container,0
720.6145665670406,405.51581108531116,721.7618940962099,410.35164377676887,698.2851708222213,415.9216236800262,697.137843293052,411.0857909885685,container,0
716.0792893002161,399.229740210358,717.1844211126496,403.88772357697843,684.3707580821025,411.67294306861464,683.265626269669,407.0149597019942,container,0
672.3734871589999,409.2162970396615,673.7204473558437,414.8935548308227,651.796770796877,420.0950659792826,650.4498106000332,414.4178081881214,container,0
672.2758512304977,417.35441914621254,673.5561214466352,422.7505875529627,653.5402076414282,427.4994716429268,652.2599374252907,422.1033032361766,container,0
740.9905468120481,500.89330056006986,742.2125291880363,506.0437934855452,672.9989043643706,522.4651012975494,671.7769219883824,517.3146083720741,container,0
801.1876868631315,329.1327562037029,807.4071265565038,327.90718369678996,811.897682812769,350.69550806601444,805.6782431193966,351.9210805729274,container,0
665.3663953836154,434.5887008736744,666.5480155305215,439.5705808516698,655.5101610925575,442.1885787239836,654.3285409456514,437.2066987459882,container,0
743.4008475110971,508.4624743699452,744.6020687491075,513.5254618645886,673.6797067827364,530.3521768296158,672.478485544726,525.2891893349724,container,0
747.1933167031599,515.9238059965026,748.3945379411703,520.9867934911459,677.4721759747991,537.8135084561732,676.2709547367888,532.7505209615298,container,0
747.7136701871837,523.2129210068473,748.914891425194,528.2759085014907,677.9925294588229,545.1026234665179,676.7913082208125,540.0396359718745,container,0
748.2340236712073,530.5020360171919,749.4352449092177,535.5650235118353,678.5128829428465,552.3917384768625,677.3116617048362,547.3287509822192,container,0
750.1321100849317,538.3078008761744,751.3333313229421,543.3707883708178,680.410969356571,560.197503335845,679.2097481185606,555.1345158412016,container,0
752.8912795797189,545.9413491189442,754.0925008177293,551.0043366135876,683.1701388513582,567.8310515786148,681.9689176133478,562.7680640839715,container,0
755.306015842081,552.7138142806513,756.5072370800914,557.7768017752946,685.5848751137203,574.6035167403219,684.3836538757099,569.5405292456785,container,0
756.8596690233802,560.5195791396337,758.0608902613906,565.5825666342771,687.1385282950195,582.4092815993043,685.9373070570091,577.346294104661,container,0
757.8966723560417,568.1531273824037,759.097893594052,573.2161148770471,688.1755316276809,590.0428298420743,686.9743103896706,584.9798423474309,container,0
758.4170258400654,575.4422423927484,759.6182470780758,580.5052298873918,688.6958851117047,597.331944852419,687.4946638736943,592.2689573577757,container,0
758.9373793240891,582.731357403093,760.1386005620994,587.7943448977364,689.2162385957283,604.6210598627637,688.015017357718,599.5580723681203,container,0
763.0568031975897,589.9988052859779,764.2580244356001,595.0617927806213,693.335662469229,611.8885077456486,692.1344412312186,606.8255202510052,container,0
649.5768639545068,311.65378563737465,686.4353607390843,312.73777354600895,685.73289793525,336.6233932934066,648.8744011506725,335.5394053847723,container,0
650.4680210801382,284.4826406982304,687.3265178647157,285.5666286068647,686.6240550608813,309.45224835426234,649.7655582763039,308.36826044562804,container,0
637.4281010218205,268.23558565964095,686.7592331709828,267.9432007678002,686.8382858757756,281.2809604664167,637.5071537266132,281.5733453582574,container,0
647.9311110723338,245.9457073612569,688.0547005115986,245.70789543910212,688.1847182530314,267.64446796162935,648.0611288137666,267.8822798837841,container,0
889.4273648396608,320.41519632125215,896.5543579672926,318.78302456144615,907.3359671964773,365.8616818287082,900.2089740688455,367.4938535885142,container,0
922.7451248817481,362.4835731359768,928.9000301378098,361.21393746766216,954.8804668583944,487.1611918785045,948.7255616023326,488.43082754681916,container,0
943.0870683344057,353.91812002451906,948.8347298537744,352.78551382774435,951.365700975622,365.6294885164777,945.6180394562532,366.7620947132524,container,0
888.9466086925046,628.5633956682509,890.0753558556835,633.3209145922879,757.0763906375363,664.8756402996817,755.9476434743574,660.1181213756447,container,0
889.8368227781086,635.7595252884605,891.1439365312644,641.2688356277164,712.7899256951862,683.584291853372,711.4828119420304,678.0749815141161,container,0
895.0540255765895,643.4843688656814,896.3111746882308,648.7830848971131,712.9220609633342,692.2931465868379,711.6649118516929,686.9944305554062,container,0
896.2021787607914,650.9702850876513,897.4583858725193,656.1121681150947,714.363418763829,700.8438741021725,713.1072116521011,695.7019910747291,container,0
895.8469684630121,658.9667399151097,897.0739809735535,663.9891241569361,719.0889084458196,707.4724380902628,717.8618959352782,702.4500538484364,container,0
898.4766647879461,666.3411590991718,899.5672166559434,670.8049852375933,726.9512185845723,712.9765872009118,725.860666716575,708.5127610624903,container,0
901.1332579109219,672.3260889580571,902.4715239398541,677.8038539827312,723.0362586481683,721.641462724736,721.6979926192361,716.1636977000619,container,0
902.8955533701592,689.5989421565262,904.2338193990914,695.0767071812003,724.7985541074056,738.9143159232051,723.4602880784734,733.436550898531,container,0
882.9856034592044,685.896024103163,884.1485026022004,690.6559807298805,815.0677016086931,707.5330261680494,813.9048024656971,702.7730695413319,container,0
905.4214706520576,695.5825825473787,906.7597366809898,701.0603475720528,727.324471389304,744.8979563140576,725.9862053603717,739.4201912893835,container,0
908.1824397478714,703.8673730166599,909.5207057768037,709.345138041334,730.0854404851178,753.1827467833389,728.7471744561856,747.7049817586648,container,0
906.5988407372246,712.7016559263283,907.7031383112944,717.2217457270827,743.5978511284101,757.3141063916559,742.4935535543402,752.7940165909014,container,0
909.4386567244123,719.2334832681852,910.7719882169367,724.6910503424049,734.5051863735791,767.7545756803734,733.1718548810547,762.2970086061537,container,0
911.5579590941642,727.3066337696216,912.4868098411682,731.1085879589103,739.9027105435213,773.2723967720942,738.9738597965172,769.4704425828055,container,0
913.7076370593851,734.8977052950313,914.8649098378525,739.6346321936048,740.8500221921555,782.1479951465085,739.6927494136881,777.411068247935,container,0
915.1015211511062,741.9603414860397,916.2548205997552,746.6810048266657,738.7135747648597,790.0558880071063,737.5602753162107,785.3352246664804,container,0
917.1914665426361,749.6617843480311,918.3832609357091,754.5400144621038,773.299300557328,789.9852981942014,772.107506164255,785.1070680801287,container,0
918.4680166101151,757.2108821104307,919.6888457716301,762.2079567857737,765.1514293317683,799.9628027291192,763.9306001702533,794.9657280537762,container,0
920.6476075595773,764.4370345413787,921.9872333403591,769.9203652764295,766.7671671995737,807.8419885277266,765.4275414187919,802.3586577926758,container,0
923.995474671695,772.445804951818,925.2443380824224,777.5576288821737,746.116320631798,821.3201742824135,744.8674572210706,816.2083503520578,container,0
924.0913927871071,785.4335838184167,925.3402561978345,790.5454077487724,749.7028689722305,833.4551615764152,748.4540055615031,828.3433376460595,container,0
926.2232331063534,792.463599161704,927.5816007663507,798.0236437998528,750.5169498669478,841.2820906583888,749.1585822069505,835.72204602024,container,0
928.6683245502513,798.6317858535554,930.2704392430464,805.1895312046137,752.7599333461162,848.5569043486571,751.1578186533211,841.9991589975988,container,0
929.8263938194114,807.2304403413696,931.1648670189788,812.7090533529428,755.668392245381,855.5843810329279,754.3299190458135,850.1057680213547,container,0
933.6173386301232,813.7940848125919,935.2577498192946,820.5085846533277,758.674623720078,863.6493907807854,757.0342125309065,856.9348909400496,container,0
934.6652564033905,822.3403081245851,935.7216179214804,826.6641869738617,758.8274827656012,869.8809753410371,757.7711212475112,865.5570964917606,container,0
935.081566604814,828.9119270529965,936.7743806986588,835.8409214652187,761.157559610838,878.7456508050608,759.4647455169933,871.8166563928386,container,0
937.0679673603272,836.5125631037176,938.6515969515832,842.9946455891729,761.7616533367193,886.2104099261235,760.1780237454633,879.7283274406682,container,0
937.0218002894801,845.268730469562,938.2128360628809,850.1438554160395,762.5699697738557,893.054947826921,761.3789340004549,888.1798228804435,container,0
942.8744487017074,852.1129230902328,943.9750041923674,856.6176958664349,767.0322626454043,899.8463592011716,765.9317071547443,895.3415864249695,container,0
922.0777333135363,864.8636932649088,923.6621381440607,871.3489489449739,768.1581981240035,909.3399250742093,766.5737932934792,902.8546693941441,container,0
942.679385620042,867.9078056821862,944.0013955845195,873.3190316934026,775.3155665373586,914.5304589012559,773.9935565728811,909.1192328900395,container,0
947.1251822536769,874.2582371355672,948.6396229332026,880.4571168851104,781.594192416652,921.2677803476154,780.0797517371263,915.0689005980722,container,0
949.8638985383874,881.1270251741905,951.318805333894,887.0822219633866,782.8862176618603,928.2317800826743,781.4313108663537,922.2765832934782,container,0
951.8672003094941,888.7874118916857,953.2821834600637,894.5791939777016,786.8481670282274,935.2404836179455,785.4331838776578,929.4487015319296,container,0
1023.4551067795134,606.0012204182124,1024.4421180144916,610.1613412865755,934.3911795863754,631.5264147450937,933.4041683513971,627.3662938767305,container,0
1022.837492381005,613.6598387178124,1024.1078114206175,619.01406424118,935.4525167648642,640.0480136465906,934.1821977252515,634.6937881232229,container,0
1024.4391848049622,620.6686598681622,1025.709503844575,626.0228853915298,937.0542091888216,647.0568347969404,935.7838901492089,641.7026092735728,container,0
1024.9894705617967,629.7802943527581,1026.2597896014095,635.1345198761258,937.604494945656,656.1684692815363,936.3341759060434,650.8142437581687,container,0
1026.194780946022,636.5993426414863,1027.4650999856347,641.9535681648539,938.8098053298812,662.9875175702645,937.5394862902685,657.6332920468968,container,0
989.3833668314307,653.201297693675,990.5526502827365,658.1296716720279,941.0603732237332,669.8719827845215,939.8910897724274,664.9436088061685,container,0
1018.601943948448,654.1122352313137,1020.0297063825125,660.1300636880961,945.6355295708231,677.7804855516786,944.2077671367587,671.7626570948961,container,0
1019.1591676200502,661.7727047435034,1020.5059956278801,667.4494053755808,946.1730833409457,685.0852918984477,944.8262553331158,679.4085912663703,container,0
1020.7251330121818,669.4123423936177,1022.0719610200117,675.0890430256951,947.7390487330773,692.724929548562,946.3922207252474,687.0482289164846,container,0
1022.7770657018883,676.7035694498973,1024.122102969497,682.3727223505002,948.3206864439013,700.3570194672022,946.9756491762926,694.6878665665993,container,0
1023.3597184274607,684.4941340572083,1024.7047556950695,690.1632869578112,948.9033391694737,708.1475840745132,947.558301901865,702.4784311739103,container,0
1000.540009173854,697.7171581780111,1001.7962747934196,703.0121504080406,955.4722318820797,714.0027807887153,954.215966262514,708.7077885586858,container,0
1022.8270534984933,708.6382286593157,1023.9115521921631,713.2092461790371,961.4450886614859,728.0297533866562,960.3605899678162,723.4587358669348,container,0
1023.7509328588335,716.1178204491406,1024.9611916382573,721.2188999768839,961.3331220657053,736.3150045169431,960.1228632862816,731.2139249891998,container,0
1022.6242956389574,723.6903068397012,1023.7659551564758,728.502249617129,961.9401540906986,743.17075618085,960.7984945731802,738.3588134034222,container,0
1022.5296866647911,732.5238512798159,1023.7660718532657,737.7350501412155,963.315962476448,752.07716639181,962.0795772879735,746.8659675304103,container,0
1022.8721146183804,739.9709801659063,1024.0556013651835,744.9592191426547,964.2414210356229,759.1504577783545,963.0579342888196,754.1622188016062,container,0
1023.127284450463,747.6260860300781,1024.3717340894204,752.8712754759382,965.432103785597,766.8550223756365,964.1876541466395,761.6098329297764,container,0
1022.9352030302468,755.5242125787825,1024.0619993967334,760.2735091546411,980.5357271070859,770.600353283935,979.4089307405993,765.8510567080763,container,0
1014.8414997445511,764.9638869632788,1016.1796195572734,770.6038837130611,996.0474253387729,775.3803559616292,994.7093055260506,769.7403592118469,container,0
1023.6065048007596,780.0165927966757,1024.776130355949,784.9464086973235,975.3835162589941,796.6650742316317,974.2138907038046,791.7352583309839,container,0
1022.631846983593,795.02537409418,1023.9622100506239,800.6326771942057,977.5169379618885,811.6520698546033,976.1865748948577,806.0447667545776,container,0
1013.931483933216,805.0475063185158,1015.0495862100428,809.7601584646626,979.243238936368,818.2554085213173,978.1251366595412,813.5427563751706,container,0
1022.8815089057483,811.1008173515936,1024.2873382738856,817.0262008573583,980.620764882037,827.3863321839556,979.2149355138998,821.4609486781909,container,0
1022.7352621660784,817.9510624850592,1024.124013025252,823.8044623506971,982.1208505911559,833.7699404074405,980.7320997319823,827.9165405418025,container,0
1023.0663674268752,826.3094168134548,1024.4144991119758,831.9916122715559,984.0514842060887,841.5679564332543,982.7033525209881,835.8857609751532,container,0
1022.7712701814814,834.6940708711188,1024.1051335510963,840.3161272802352,986.2862005044717,849.2888742251091,984.9523371348569,843.6668178159928,container,0
1023.3005759109897,842.0826886865018,1024.6157534037056,847.6259866137736,988.9705878123639,856.08299544226,987.6554103196479,850.5396975149881,container,0
1011.6496125836879,790.3725573517286,1012.6416504387695,794.848689423101,1000.5051713813937,797.5384774946647,999.5131335263121,793.0623454232923,container,0
967.8095715710894,713.0219330266586,969.018074345913,718.4747673121869,956.4395319993258,721.2625291499951,955.2310292245022,715.8096948644668,container,0
1006.3176845835558,706.3209202130482,1007.5261873583794,711.7737544985765,994.9476450117922,714.5615163363847,993.7391422369686,709.1086820508564,container,0
1012.5327126565478,860.3532213597232,1013.7057358893876,865.3947317904542,991.7506478643875,870.5030874481918,990.5776246315477,865.4615770174607,container,0
1010.4058540544755,854.0862853319957,1011.5449478157043,858.9819710422546,989.589859790704,864.0903266999921,988.4507660294753,859.1946409897332,container,0
1014.2256531936433,867.8963283736024,1015.3986764264831,872.9378388043334,993.443588401483,878.046194462071,992.2705651686432,873.0046840313399,container,0
1016.9470011912838,883.0790336658173,1018.1200244241236,888.1205440965483,996.1649363991235,893.2288997542859,994.9919131662837,888.1873893235548,container,0
1016.1423807527696,875.6367748260379,1017.3154039856094,880.678285256769,995.3603159606092,885.7866409145065,994.1872927277694,880.7451304837755,container,0
1019.0806877828985,891.0628867342159,1020.2537110157383,896.1043971649469,998.2986229907382,901.2127528226845,997.1255997578984,896.1712423919535,container,0
1022.8304432410846,897.5775862875499,1024.0034664739244,902.619096718281,1002.0483784489243,907.7274523760185,1000.8753552160845,902.6859419452875,container,0
1016.0023044883923,914.6403667564978,1017.2039137361912,919.8047363843486,1003.329158946459,923.0330168653534,1002.12754969866,917.8686472375025,container,0
1023.363808797379,920.0618707505691,1024.678944240729,925.714162086199,1005.8828165329465,930.0875130475013,1004.5676810895966,924.4352217118713,container,0
1022.439888924258,928.7310511971531,1023.6531048028443,933.9453047050009,1008.5649545499532,937.4559095188548,1007.3517386713669,932.241656011007,container,0
963.2539282161199,942.0877943251877,964.6351597230856,947.7414248263458,807.9006939766839,986.0330291807562,806.5194624697182,980.3793986795981,container,0
966.8724226931232,949.1330801273862,968.3226757067804,955.0692281453391,821.6631020089438,990.8994480276115,820.2128489952867,984.9633000096585,container,0
967.370751812063,957.195825133186,968.6516817916871,962.4389033326974,821.9487644712185,998.2797124420501,820.6678344915944,993.0366342425388,container,0
967.7982015060423,964.0668193967668,969.1895945152933,969.7620427655702,792.6300513438019,1012.8970873769907,791.238658334551,1007.2018640081874,container,0
967.4744676662878,972.810542063329,968.8670152989853,978.5104915148366,792.189071000743,1021.6744625597578,790.7965233680454,1015.9745131082501,container,0
973.5149267568191,979.1868650751217,975.0518860477946,985.4779175762233,807.7586921633114,1026.3491118021007,806.2217328723359,1020.058059300999,container,0
973.5689267868692,987.7989225745077,974.7543189614877,992.6509472499221,842.5798404445756,1024.9423313626492,841.394448269957,1020.0903066872348,container,0
972.8948753200576,995.3709448841545,974.3004515826569,1001.1242228754683,879.001147390724,1024.4066785497198,877.5955711281247,1018.6534005584061,container,0
975.4612011444569,1003.3396034160945,976.5100860149116,1007.6328789936496,911.5580820300843,1023.5012231180191,910.5091971596296,1019.207947540464,container,0
952.6588797988435,1016.7318542650806,953.7929432176,1021.6059201784474,932.0396769678533,1026.6673173632196,930.9056135490968,1021.793251449853,container,0
526.4824875424011,735.024620095412,567.4170987949467,726.3041261292705,570.0376148505055,738.6050125735294,529.10300359796,747.325506539671,container,0
530.6678064232159,748.556997162999,568.9237243568238,740.407157912028,571.4620234998323,752.3221123934076,533.2061055662244,760.4719516443786,container,0
534.1631539324906,761.4257784685074,569.5913663399369,753.878338708441,571.9222667191175,764.8197488235817,536.4940543116711,772.367188583648,container,0
527.5912465163453,776.6915668116937,579.469421414129,765.6397136896629,584.390849835793,788.7412444091644,532.5126749380094,799.7930975311953,container,0
549.7471655553225,800.8983385392378,563.9259140106071,797.8777726521229,568.8036791710804,820.7743449564464,554.6249307157957,823.7949108435613,container,0
543.4472916457793,829.0015261576399,592.8407906580298,818.4789952987162,597.7142389207596,841.35530378179,548.320739908509,851.8778346407137,container,0
548.0330820545502,855.2570450028334,604.1236637397203,843.307802926851,608.8976071735605,865.7170287533497,552.8070254883903,877.6662708293321,container,0
547.7346883682226,882.5137153499752,606.0927055694342,870.0814307549308,611.060031895046,893.3984094596847,552.7020146938344,905.8306940547291,container,0
555.9899467840347,909.4471069733105,576.4466143537616,905.0891262657723,581.5319342797624,928.9599752192711,561.0752667100355,933.3179559268093,container,0
589.2883450401574,902.7337559002011,595.4608724193041,901.4187931799348,600.0853671778781,923.1264964266373,593.9128397987314,924.4414591469036,container,0
596.9929963415632,900.7923283705901,604.7982486522836,899.1295385309621,607.3855569238369,911.2745453044018,599.5803046131165,912.9373351440298,container,0
567.7388512131027,964.12201160169,625.6893854306855,953.2177244598773,629.6817833893846,974.4352136461839,571.7312491718018,985.3395007879966,container,0
599.0890856046032,1010.8279475747748,614.5995672666963,1007.3391302892485,617.2876132887419,1019.2895665315724,601.7771316266487,1022.7783838170988,container,0
580.3670058415403,795.4682982457172,585.4892112741302,794.2461657376153,590.7219417071863,816.1776012192789,585.5997362745964,817.3997337273807,container,0
586.1349029511152,792.731289972875,590.1720585577275,791.7680449074361,593.2274437928381,804.5737846665777,589.1902881862259,805.5370297320165,container,0
544.0254175183571,816.1710346996643,549.1951803474082,815.0783086727106,551.8165921008484,827.4803899888781,546.6468292717974,828.5731160158318,container,0
462.44818365910425,406.6812400175375,491.47386295591133,399.8399393862525,497.5262122385972,425.5183240589202,468.50053294179014,432.3596246902052,container,0
469.12061079544077,433.19801289941284,508.47341522356527,423.9226273684158,514.0131152040805,447.4259878697305,474.660310775956,456.7013734007275,container,0
474.46619101471475,459.2742455648725,517.4170285996461,449.1508100621474,523.1512229695232,473.47935455623,480.200385384592,483.6027900589551,container,0
480.6155895210059,484.34986811171973,523.806868652297,474.1697609670985,526.4077576168813,485.20458797461254,483.21647848559013,495.38469511923375,container,0
483.7506000393602,496.55456209502745,526.9418791706513,486.37445495040623,529.5427681352355,497.40928195792026,486.35148900394444,507.5893891025415,container,0
497.52242900933874,563.0287379743746,540.513006262751,552.895935902954,545.9443009499736,575.9393637910458,502.95372369656127,586.0721658624665,container,0
517.5688977401373,584.4990806192901,528.5660810277544,581.9070642120735,533.767400993609,603.974775219917,522.770217705992,606.5667916271336,container,0
534.5454386092276,581.7735280130546,545.5426218968447,579.181511605838,550.7439418626993,601.2492226136815,539.7467585750823,603.8412390208981,container,0
206.6446814118889,949.9865254011584,202.13710814240193,945.387749201677,217.2808742093035,930.5443143047521,221.7884474787905,935.1430905042334,container,0
213.2239523449272,956.850473222518,209.82889001638554,953.3867176940294,225.41352045958607,938.1111616431552,228.80858278812772,941.5749171716438,container,0
216.61490984872165,923.6890589337519,213.54634038105448,920.5584022831127,229.52942023153884,904.8922988736352,232.597989699206,908.0229555242744,container,0
192.701776586527,1011.9988074825039,199.79755360044555,1003.0373333393012,217.1810543954383,1016.801747920144,210.08527738151975,1025.7632220633466,container,0
141.93618387932537,988.2629393523847,138.09627216619833,984.3453336832819,154.42868943653957,968.3368209136889,158.2686011496666,972.2544265827918,container,0
98.80030870409794,1008.0875845423249,91.12055756613921,1000.252446955043,108.24695597583147,983.4656992801248,115.9267071137902,991.3008368674067,container,0
6.043542276822506,958.525693500492,-3.3612613747564826,948.9305999528281,5.360243166855281,940.382060290056,14.76504681843427,949.9771538377199,container,0
573.3717268213277,256.16559608301964,581.1413154621257,256.018161692564,581.6595509434442,283.3284554202826,573.8899623026462,283.47588981073824,container,0
