498.88710082733286,1018.9569847344078,494.0161607790654,1015.8754879817368,501.2972683670217,1004.366198375905,506.16820841528914,1007.447695128576,container,0
152.10095807120916,903.5265840341114,148.95660146616788,908.126069538834,108.65917759986473,880.5774511618316,111.80353420490603,875.9779656571089,container,0
30.19707124017739,702.1891270543776,30.159703686735796,708.056319489981,18.507840755567376,707.9821099569626,18.54520830900897,702.1149175213593,container,0
167.80731490408965,63.085940066631075,167.9086819362127,56.672327526044114,179.9554932229807,56.86272716415109,179.85412619085764,63.27633970473805,container,0
42.94171559819375,20.270814652399004,40.16596776103775,26.05354108899442,29.304161927925495,20.839800757432002,32.079909765081496,15.057074320836582,container,0
19.791504450976866,49.801841569009795,26.205861537703534,49.774929491141705,26.256411009059974,61.823139273185575,19.842053922333307,61.850051351053665,container,0
123.37941332409041,84.51081858526011,116.96653612044766,84.65120044653447,116.73161136414431,73.91944635385481,123.14448856778706,73.77906449258045,container,0
50.948677885198805,113.78937861616348,51.05259695312654,118.85392746356945,23.46245151627517,119.42004742492725,23.358532448347436,114.35549857752127,container,0
51.05696626139152,131.28507907620494,51.16088532931926,136.3496279236109,23.570739892467895,136.91574788496874,23.46682082454016,131.85119903756276,container,0
32.838457911457475,140.73585101271,32.96475137959152,146.18311949513208,24.576918593738604,146.37758916301647,24.45062512560456,140.93032068059438,container,0
32.387648362362135,151.9299606269432,32.51394183049618,157.3772291093653,24.126109044643265,157.57169877724968,23.99981557650922,152.1244302948276,container,0
50.121038395698804,156.58154994526146,50.09790338714698,151.51598788643525,77.6935684963886,151.38995528810133,77.71670350494041,156.45551734692754,container,0
50.440437905154916,179.08880134082014,50.405328319677494,171.40132702252987,78.0009934289191,171.27529442419595,78.03610301439653,178.96276874248622,container,0
434.57259135134825,681.8781947997751,428.1250020549564,682.1697749111829,427.29422099109195,663.79906001861,433.7418102874838,663.5074799072022,container,0
