41.62708489851224,219.44504905130637,41.17410703640623,200.22841774407846,73.04877063095495,199.47706248625153,73.50174849306096,218.69369379347944,container,0
41.253247495762935,238.1117054948893,40.98893642220021,226.89886514225478,72.86360001674893,226.14750988442785,73.12791109031166,237.36035023706236,container,0
93.5257473083226,238.83712842374803,93.37207277781815,232.3178102824912,126.09503732914894,231.54645872314387,126.24871185965338,238.0657768644007,container,0
92.21013935232165,139.6107963581408,91.89609566093972,126.28815448864741,123.736625162385,125.53760384575386,124.05066885376692,138.86024571524726,container,0
105.72444283335759,224.54126902047983,105.70862683418044,219.20207413582227,125.23888182854014,219.14422075088441,125.2546978277173,224.48341563554197,container,0
107.30485056585084,203.98180806224562,107.28903456667369,198.64261317758806,123.67948327317856,198.5940606656728,123.69529927235571,203.93325555033036,container,0
105.74545201048926,177.88436500476664,105.72963601131211,172.54517012010908,122.12008471781698,172.49661760819382,122.13590071699413,177.83581249285137,container,0
94.7661117164861,184.233387935942,94.75029571730894,178.89419305128445,122.70004134929574,178.81139907888473,122.7158573484729,184.1505939635423,container,0
104.73985964399806,150.8898599110672,104.72404364482091,145.55066502640966,122.97229813200342,145.49660924006199,122.98811413118057,150.83580412471952,container,0
95.31062528190138,167.58183248275623,95.29480928272423,162.24263759809867,123.24455491471103,162.15984362569895,123.26037091388818,167.4990385103565,container,0
92.96623158165299,119.09046984278879,92.95041558247584,113.75127495813125,120.90016121446264,113.66848098573152,120.91597721363979,119.00767587038906,container,0
98.21012428197697,110.89552464034372,98.19430828279982,105.55632975568618,126.14405391478662,105.47353578328645,126.15986991396377,110.812730667944,container,0
157.0953518828989,102.96224448619421,157.07953588372175,97.62304960153666,186.018866762071,97.53732423596244,186.03468276124818,102.87651912061999,container,0
155.01262323094616,119.20110773405024,154.996807231769,113.8619128493927,183.93613811011826,113.77618748381848,183.95195410929543,119.11538236847602,container,0
162.52451138344196,111.61475718860372,162.50869538426483,106.27556230394617,186.82504537578205,106.20353133677501,186.8408613749592,111.54272622143256,container,0
167.37061140076617,151.33986588952442,167.05656770938424,138.01722402003102,183.9438952991389,137.6191529207841,184.2579389905208,150.9417947902775,container,0
149.5069562861999,172.4087320100134,149.0259884057538,152.0046831538935,184.40310205164508,151.17076751849442,184.8840699320912,171.57481637461433,container,0
150.05157904774174,191.17462626886905,150.0357630485646,185.8354313842115,182.33417447923264,185.73975560169256,182.34999047840978,191.07895048635012,container,0
162.58564512585858,205.4472647006413,162.3413219269692,200.11363944790114,192.1569382515074,198.7478429376331,192.4012614503968,204.08146819037327,container,0
162.49412705363284,217.02058408722166,162.55364150541413,211.68169748117614,192.85841871121266,212.01951551981273,192.79890425943137,217.35840212585825,container,0
152.83398988754536,230.6725675285042,152.89350433932665,225.33368092245865,169.31915609902072,225.51678345520804,169.25964164723942,230.8556700612536,container,0
175.2448718784002,251.41512591263913,174.93082818701828,238.09248404314573,191.81815577677293,237.6944129438988,192.13219946815485,251.0170548133922,container,0
217.12568279630943,138.42761353457578,216.86988708476375,133.09452618144363,238.24004643852516,132.0695298227154,238.49584215007084,137.40261717584755,container,0
237.46384299431693,172.29227080854153,236.68513436786495,139.2571981877445,269.3918940412735,138.4862286126711,270.17060266772546,171.52130123346814,container,0
235.29739125384623,190.49439512538694,235.01792337780591,178.63855936530743,267.7246830512144,177.867589790234,268.0041509272547,189.72342555031352,container,0
237.545244269693,210.89909562587917,237.2504964845856,198.39504192070038,271.1136890672106,197.59681270274206,271.408436852318,210.10086640792085,container,0
217.92126967560816,224.56156670225838,217.66547396406247,219.22847934912622,251.08185746312446,217.62569900287784,251.33765317467015,222.95878635601,container,0
236.48042910249316,250.87066987426755,235.88459871627288,225.59382124328806,271.993268022128,224.74266124733668,272.5890984083483,250.01950987831617,container,0
212.31994364047634,258.41927764675916,212.2609562666483,253.0803851912107,246.37700191547972,252.70345009559335,246.43598928930777,258.0423425511418,container,0
222.01214216182558,264.70940596710017,221.9531547879975,259.37051351155174,255.61317365683743,258.99861688081654,255.6721610306655,264.337509336365,container,0
296.3356076121879,158.17629301072037,296.27662023835984,152.8374005551719,329.93663910719977,152.46550392443675,329.99562648102784,157.8043963799852,container,0
318.9077943805576,177.28108159553435,318.6283265045173,165.42524583545483,351.3350861779258,164.6542762603814,351.6145540539661,176.51011202046092,container,0
322.0647430665888,248.89731923242215,322.0057556927607,243.5584267768737,351.9270948984421,243.22783738293907,351.98608227227015,248.56672983848753,container,0
295.3585432673815,264.6835303919323,295.21772487832817,258.7096069619112,346.64949805819947,257.4972480272536,346.7903164472528,263.4711714572747,container,0
294.18886751289074,284.69535532995314,293.9093996368504,272.83951956987363,326.6161593102589,272.06854999480026,326.89562718629924,283.9243857548798,container,0
614.5648320953032,373.78267802092216,766.9714470660404,370.6117413964308,767.6459845244087,403.0324368801778,615.2393695536716,406.2033735046692,container,0
780.1190212798031,370.3584471219573,1023.1529023340631,366.93466935761063,1023.6109280459218,399.44722538120914,780.5770469916617,402.8710031455558,container,0
773.7560148903203,375.9385644084497,778.8209711943015,375.9385644084497,778.8209711943014,396.4417585618713,773.7560148903202,396.4417585618713,container,0
627.0868971775806,444.73131313056376,632.1518534815617,444.73131313056376,632.1518534815616,459.73043710127445,627.0868971775805,459.73043710127445,container,0
632.4244937523538,434.0849366928354,637.487944742106,433.96146023509647,638.2305345318234,464.4131517929683,633.1670835420712,464.5366282507072,container,0
791.4688776339187,431.61559474119326,804.6214903818317,431.61559474119326,804.6214903818316,463.135938839849,791.4688776339186,463.135938839849,container,0
843.032992656667,435.2341291287545,849.4008534279025,435.2341291287545,849.4008534279025,466.98189096591693,843.032992656667,466.98189096591693,container,0
821.2800972107552,434.9937875502814,837.4246033039663,434.9937875502814,837.4246033039663,466.51413164893717,821.2800972107552,466.51413164893717,container,0
854.7828821104602,435.431921169476,867.7252336948648,435.431921169476,867.7252336948648,466.9522652681318,854.7828821104602,466.9522652681318,container,0
873.2965290319487,436.147321320245,879.6643898031841,436.147321320245,879.6643898031841,467.89508315740744,873.2965290319487,467.89508315740744,container,0
885.2412350702014,437.96514710862573,891.6090958414368,437.96514710862573,891.6090958414368,468.3379758329746,885.2412350702014,468.3379758329746,container,0
896.5074659107863,437.61005399272193,902.8753266820218,437.61005399272193,902.8753266820218,467.9828827170708,896.5074659107863,467.9828827170708,container,0
919.5339335109455,433.8625848884795,925.901794282181,433.8625848884795,925.901794282181,464.2354136128284,919.5339335109455,464.2354136128284,container,0
943.2388763087723,435.0906005671338,949.6067370800077,435.0906005671338,949.6067370800077,465.46342929148267,943.2388763087723,465.46342929148267,container,0
955.1344961283909,435.87005478867064,972.9189548646392,435.8700547886707,972.9189548646392,466.07720517684487,955.1344961283909,466.0772051768448,container,0
988.575117893177,436.8553442344848,1023.8164702225911,436.85534423448485,1023.816470222591,467.062494622659,988.5751178931769,467.06249462265896,container,0
958.6881331648509,548.3664842113545,958.7609115414464,553.4482960153158,938.7073504337371,553.7354899687083,938.6345720571417,548.653678164747,container,0
6.150196621714418,300.8520501951881,28.198954947877663,295.83559410978205,34.78382897024986,324.7779975626696,12.735070644086615,329.79445364807566,container,0
20.24011294665194,367.0751656602873,41.9663127829649,364.8752709851722,45.21708532469669,396.9799597518602,23.490885488383732,399.1798544269753,container,0
14.473091340133504,334.6111381495353,35.938598056201045,330.59874268903246,41.596044653319,360.8649413032161,20.130537937251457,364.8773367637189,container,0
34.50532480620191,409.05149783358996,43.826038822272665,409.05149783358996,43.826038822272665,437.70026016978153,34.50532480620191,437.70026016978153,container,0
34.885166255805515,442.56513640340063,44.20588027187627,442.56513640340063,44.20588027187627,473.2686331562992,34.885166255805515,473.2686331562992,container,0
34.98889272940741,478.4931682228958,44.30960674547816,478.4931682228958,44.30960674547816,509.19666497579436,34.98889272940741,509.19666497579436,container,0
23.219675234935114,411.98254394575076,32.54038925100586,411.98254394575076,32.54038925100586,434.34357088583886,23.219675234935107,434.34357088583886,container,0
23.047286732535298,437.96453457590803,32.36800074860605,437.96453457590803,32.36800074860604,463.0545520447115,23.04728673253529,463.0545520447115,container,0
22.598783254133757,466.98057401895403,31.91949727020451,466.9805740189541,31.919497270204502,491.20217990568744,22.59878325413375,491.2021799056874,container,0
22.978624703737356,493.976967471781,32.299338719808105,493.97696747178105,32.299338719808105,518.1985733585144,22.97862470373735,518.1985733585144,container,0
23.358466153340988,522.0778208286149,32.67918016941174,522.0778208286149,32.67918016941174,546.2994267153483,23.35846615334098,546.2994267153483,container,0
34.81650422700757,521.3240744424342,44.13721824307832,521.3240744424342,44.13721824307832,552.0275711953328,34.81650422700757,552.0275711953328,container,0
35.19634567661117,562.774405781964,44.517059692681926,562.774405781964,44.517059692681926,593.4779025348627,35.19634567661117,593.4779025348627,container,0
36.404532054219956,605.6053120015024,45.72524607029071,605.6053120015024,45.72524607029071,636.3088087544011,36.404532054219956,636.3088087544011,container,0
36.50825852782185,640.7049988929924,45.828972543892604,640.7049988929924,45.828972543892604,671.4084956458911,36.50825852782185,671.4084956458911,container,0
37.44032992942893,676.9091456884895,46.76104394549968,676.9091456884895,46.76104394549968,707.6126424413882,37.44032992942893,707.6126424413882,container,0
24.56665253094977,557.0815485854919,33.88736654702052,557.0815485854919,33.88736654702052,581.3031544722253,24.566652530949764,581.3031544722253,container,0
25.22260895655511,586.8390917983361,34.54332297262586,586.8390917983361,34.54332297262586,609.1229236761551,25.222608956555103,609.1229236761551,container,0
25.602450406158717,615.0222827302803,34.92316442222947,615.0222827302803,34.92316442222946,637.3061146080993,25.60245040615871,637.3061146080993,container,0
26.258406831764052,642.653243710221,35.5791208478348,642.653243710221,35.5791208478348,664.93707558804,26.258406831764045,664.93707558804,container,0
26.08601832936421,670.5603196661633,35.40673234543496,670.5603196661633,35.40673234543496,692.8441515439823,26.086018329364205,692.8441515439823,container,0
26.74197475496958,710.3403395901798,36.06268877104033,710.3403395901798,36.06268877104033,732.6241714679988,26.741974754969572,732.6241714679988,container,0
27.121816204573182,744.8741749701636,36.44253022064393,744.8741749701636,36.44253022064393,767.1580068479826,27.121816204573175,767.1580068479826,container,0
28.882232534185437,779.6841253261491,38.202946550256186,779.6841253261491,38.202946550256186,801.9679572039681,28.88223253418543,801.9679572039681,container,0
49.81544684992148,755.1221609377942,57.208123313700106,755.1221609377942,57.20812331370009,787.8652132674797,49.815446849921464,787.8652132674797,container,0
71.64413847282317,351.9912275005629,69.07824553316046,279.2352149573762,102.55725107101084,278.05450781120726,105.12314401067356,350.810520354394,container,0
72.49574666504101,415.37323958740126,70.44706059288515,357.2826516058087,103.92606613073555,356.10194445963975,105.97475220289141,414.1925324412323,container,0
74.40235279087378,490.6894071560747,71.69190086249918,413.8344178265321,105.17090640034957,412.65371068036313,107.88135832872416,489.50870000990574,container,0
76.49077558995074,582.9807781707733,73.20217255005352,489.73228743219386,106.6811780879039,488.5515802860249,109.96978112780113,581.8000710246043,container,0
83.53090030990361,626.228746249414,70.94964338935512,592.1223911656965,102.37925501178714,580.5285395868847,114.96051193233563,614.6348946706022,container,0
78.10897323562025,712.6758909570661,74.46930130105547,635.266349579296,114.49767335741754,633.3842800079384,118.13734529198233,710.7938213857085,container,0
82.23994365695211,739.4100352237298,74.26461450213726,725.3107341943073,108.30775565284301,706.0540876716094,116.28308480765786,720.1533887010319,container,0
86.3887609007077,752.8788142810766,83.07443305871112,747.703483583896,110.6478493607259,730.0452223642768,113.96217720272247,735.2205530614575,container,0
85.1224531350895,781.1418363862572,81.80812529309293,775.9665056890765,109.3815415951077,758.3082444694573,112.69586943710428,763.483575166638,container,0
83.96181322327718,800.4696394586595,77.89003284331466,789.7355546704536,109.6589244725439,771.7653469915044,115.73070485250642,782.4994317797103,container,0
80.97005454357878,857.764628660064,79.19430929946527,795.2075551255986,115.67880286425617,794.1719062010069,117.45454810836968,856.7289797354723,container,0
86.19226246305855,1024.1360501386644,81.42209825567008,856.089696596522,117.90659182046097,855.0540476719303,122.67675602784945,1023.1004012140728,container,0
132.53374683997671,332.65321867059987,115.62361900022394,299.14235753562735,154.7920995918602,279.37730251583224,171.70222743161298,312.88816365080476,container,0
162.13808725670907,353.9132468388868,151.98703396604753,304.5067872303798,189.51736062997816,296.79580471918,199.6684139206397,346.202264327687,container,0
136.60688890792898,1027.9058780626442,130.07059185616572,328.93604726016247,164.68204609942268,328.61238415432035,171.21834315118593,1027.582214956802,container,0
163.9695187104769,469.67229794410343,159.61676774045165,352.3543453030044,193.82264157917143,351.08523305564415,198.1753925491967,468.4031856967432,container,0
168.19314262832663,495.6087091939541,159.8147032495232,479.4844081866527,190.18838703064446,463.7017663123889,198.56682640944788,479.8260673196903,container,0
169.43020627448587,770.4783005801147,166.6327607583511,490.4894141994265,196.40452129109812,490.19195639998895,199.20196680723288,770.1808427806772,container,0
171.6778147012677,937.0891757308314,169.80779811138157,764.1788843183343,205.07309981805528,763.7974917551728,206.9431164079414,936.7077831676698,container,0
177.45749547776506,1024.6119300220662,169.02427518112475,943.8613520108369,204.1008720033975,940.1981129908322,212.53409230003783,1020.9486910020615,container,0
220.68318787121564,334.41255842914717,213.65468198952894,319.37647221454404,243.8083718046678,305.2813557596765,250.83687768635448,320.31744197427963,container,0
216.53645993644724,351.73420657286727,211.6724265660481,341.3285775047335,244.14437517324214,326.14980834113067,249.00840854364128,336.5554374092644,container,0
223.5391839239644,375.3363099791645,215.76484697560335,361.8102832078431,242.8832139715538,346.22349441315885,250.65755091991485,359.7495211844803,container,0
222.85717810388005,410.24183914192713,211.02804869324802,391.42309361701643,244.85361417846443,370.16094354528195,256.68274358909645,388.97968907019265,container,0
222.22657195372526,442.8302953453566,209.93401768007706,415.2275522411783,244.89228622395402,399.65930194929604,257.1848404976022,427.26204505347437,container,0
218.81619287234398,498.3400017506595,199.25247515275842,455.62686233291356,244.84977239766252,434.7421260612285,264.41349011724805,477.4552654789744,container,0
226.37099241063112,535.4835023648957,212.55499388299805,505.31926263476606,244.0449308334401,490.89606064343593,257.86092936107315,521.0603003735655,container,0
220.21856513507456,555.3075008422588,214.517987050293,544.332228566453,245.2550512297083,528.3673367579868,250.95562931448987,539.3426090337927,container,0
223.46331978152892,610.6231983860102,210.62206265626625,584.533801576893,247.57365268548637,566.3461496267839,260.41490981074907,592.4355464359012,container,0
224.4262137539715,568.5120637367637,221.60438074451747,563.9432201235877,249.25695484785817,546.8642931548139,252.0787878573122,551.4331367679899,container,0
224.52302814603223,645.3814735735702,212.39408301700368,620.7392707689314,249.3456730462238,602.5516188188224,261.4746181752524,627.1938216234612,container,0
227.70273613151718,671.489486071173,217.24168291173802,650.2359151917932,251.52430454133255,633.3619352184475,261.9853577611117,654.6155060978273,container,0
227.4656757455155,698.8687057887906,217.63810865871068,678.9021795449182,251.05360651334422,662.4549997553855,260.88117360014905,682.4215259992579,container,0
223.65328934009176,734.9207120394152,211.8284061164702,707.9651080802349,253.55284899046194,689.6614312157591,265.3777322140835,716.6170351749394,container,0
227.03067320492877,833.6922773757594,225.05834860390706,735.5210596927942,256.0769345395818,734.8978758149349,258.0492591406035,833.0690934979001,container,0
232.3561631466385,897.567393855732,214.00782481641738,842.695290613211,255.49219547844012,828.823592184614,273.84053380866123,883.695695427135,container,0
231.05371258721468,915.7396776463216,228.27656047710875,911.1285606705952,255.0859528105801,894.9819825461424,257.86310492068606,899.5930995218688,container,0
231.00121543563785,936.2043572721261,228.22406332553192,931.5932402963997,255.0563260566563,915.4328879446966,257.83347816676223,920.044004920423,container,0
243.21230455711824,936.1172468156898,240.4351524470123,931.5061298399633,258.1502088141296,920.8368264088061,260.92736092423553,925.4479433845327,container,0
234.31644219485753,967.4083994834804,223.81527465155085,947.5558429472197,257.5041633871238,929.7358375331108,268.0053309304305,949.5883940693715,container,0
235.78804997617033,1026.9442192781135,216.17910685885994,973.3767514239499,255.22891362001877,959.0821530381124,274.83785673732916,1012.649620892276,container,0
247.8752680312463,374.2565784120781,230.47985326383161,342.310642146463,270.676984467684,320.4222315537257,288.0723992350987,352.3681678193408,container,0
251.79401968810802,404.70958046455235,240.3545503685505,380.4213125704778,273.3440662186268,364.8836646789182,284.78353553818425,389.1719325729927,container,0
255.02346510678635,437.37087950389684,242.34533514155424,410.452688774105,275.00687341185295,395.0695142059511,287.685003377085,421.98770493574295,container,0
250.85439642728025,473.26602161785564,242.28932077212102,446.5531408432996,276.668238795299,435.53006788100396,285.2333144504582,462.24294865556,container,0
255.1004875849498,498.0970160743008,247.78275073773867,483.92990168307125,276.8157601841031,468.93348694792843,284.1334970313142,483.100601339158,container,0
254.56274061308528,515.0008702219644,252.18695531862792,511.1427134669291,280.0719299524364,493.97163492408436,282.4477152468938,497.8297916791197,container,0
253.523534081732,540.6397362921364,245.43443081183196,526.245507986257,278.5744247570343,507.6218744235527,286.66352802693433,522.0161027294321,container,0
258.0965279131665,577.5684731481889,243.13187261213164,550.9394813137769,276.77292232236687,532.0342701811466,291.7375776234017,558.6632620155585,container,0
251.3244177247263,590.6842788024703,248.94863243026896,586.826122047435,280.17608719157994,567.596802837315,282.55187248603727,571.4549595923503,container,0
260.7036997472513,619.4327653404084,249.59391461468675,599.6633572500882,278.3168766196374,583.521956617964,289.42666175220194,603.2913647082842,container,0
254.82370329404594,642.5015794850152,246.8880352982989,628.380382971739,281.4364659855299,608.9652522885716,289.372133981277,623.0864488018478,container,0
251.34552516421158,1007.0999254839018,250.89169072729007,635.8958560019864,291.5789036604312,635.8461117780149,292.0327380973527,1007.0501812599302,container,0
304.91208367731457,603.0750904504958,313.00588850369746,603.1714087026764,312.6294116593015,634.8074696901705,304.53560683291863,634.7111514379899,container,0
301.0504204688221,419.2147820327967,309.144225295205,419.3111002849773,308.76774845080905,450.9471612724713,300.67394362442616,450.8508430202907,container,0
303.2567675100399,459.33618320717756,309.64326599632216,459.4121840973581,309.2667891519263,491.04824508485217,302.880290665644,490.97224419467165,container,0
333.5406513625042,645.5830446707656,333.4696056370022,639.5542729537979,365.1057100021664,639.1814590387586,365.1767557276684,645.2102307557263,container,0
315.3430680113478,673.305526492696,314.8494339304819,648.4454076292203,349.0544099254462,647.7662177195083,349.54804400631207,672.626336582984,container,0
314.63838293832555,703.0588333282736,307.65847494905114,692.5881891806599,336.12499966564974,673.6119236811256,343.10490765492415,684.0825678287393,container,0
341.8954761120781,687.1997507379602,338.97346294454684,681.9259499302698,365.14330725423747,667.4262309508102,368.0653204217687,672.7000317585007,container,0
310.6502682642565,933.1089270969171,304.2966058169988,716.9216560780851,339.3909301906069,715.8902471064391,345.7445926378646,932.0775181252711,container,0
311.1482890512865,717.1961241055405,308.22627588375525,711.9223232978501,334.3961201934459,697.4226043183905,337.31813336097713,702.696405126081,container,0
316.9416109391946,970.4356447724101,304.3417800598979,947.7040078694799,339.96568479664273,927.9581718410459,352.5655156759394,950.6898087439761,container,0
318.62558851298604,990.4357454762206,310.9483789307634,976.5851198350832,340.57903990846455,960.1612556516515,348.2562494906872,974.0118812927889,container,0
320.3028077544137,1017.4847575099534,311.0833593895377,1000.8517443621315,343.15546671513346,983.0746203489871,352.3749150800095,999.707633496809,container,0
341.61125256544585,710.7715862100978,333.8354895473665,694.5924479863744,364.9632922685536,679.6322928850001,372.73905528663295,695.8114311087235,container,0
347.3604133997974,727.8192540591132,339.4172040940718,713.5548533148083,364.0119199962404,699.8591517057672,371.955129301966,714.1235524500721,container,0
348.31729466737585,767.6857227996153,332.67046269331206,739.5871705562585,369.24612579238766,719.219813195827,384.89295776645145,747.3183654391838,container,0
348.6181833889768,997.5905547824035,343.3014530367456,762.8400067130607,372.81937798134385,762.171472182349,378.136108333575,996.9220202516918,container,0
442.6167797031224,993.1492643909904,442.66428725161353,985.5392018288635,478.7840864688698,985.7646879006,478.7365789203787,993.374750462727,container,0
481.8533061557611,978.4629247980688,501.9303805086799,978.4629247980688,501.9303805086799,1011.0409716410088,481.8533061557611,1011.0409716410088,container,0
443.0179296529758,923.2971495609554,435.33291833652703,599.6349530330683,475.56270601094104,598.6797399224461,483.2477173273898,922.3419364503332,container,0
509.9263312072841,945.3917339230085,502.0017160277919,611.6383729952419,535.8177984206756,610.8354464296586,543.7424136001678,944.5888073574253,container,0
542.1494177806115,944.1276701885381,534.2248026011193,610.3743092607715,568.040884994003,609.5713826951883,575.9655001734952,943.3247436229549,container,0
601.8357120062271,999.2878370586852,592.58515519827,609.6910736601633,626.4012375911536,608.8881470945801,635.6517943991108,998.484910493102,container,0
635.8440403030205,1012.0939056539762,626.3283590128393,611.3311505950069,660.1444414057231,610.5282240294237,669.6601226959043,1011.290979088393,container,0
693.6528671120802,1023.3135354132733,683.8407739245572,610.0670868605362,717.656856317441,609.264160294953,727.468949504964,1022.51060884769,container,0
729.722206564474,1023.1171161435675,720.1684439695329,620.7505275653276,753.9845263624167,619.9476009997443,763.5382889573578,1022.3141895779842,container,0
787.7977941571725,1022.0739457689223,778.5315929866875,631.8183038690587,812.3476753795713,631.0153773034755,821.6138765500563,1021.271019203339,container,0
817.5023108509475,1022.7117874741754,808.2361096804626,632.4561455743118,842.0521920733464,631.6532190087286,851.3183932438313,1021.9088609085921,container,0
880.1434631188622,1024.4475170319,870.8772619483773,634.1918751320362,904.6933443412611,633.388948566453,913.959545511746,1023.6445904663166,container,0
912.4435939440415,1022.0992900229942,903.3264982733308,638.1233803947027,937.1425806662145,637.3204538291195,946.2596763369252,1021.296363457411,container,0
969.0947707312665,1022.6222880642574,959.8500610591745,633.2717828375995,993.6661434520582,632.4688562720162,1002.9108531241502,1021.8193614986741,container,0
1005.8450192877513,1023.2601297695078,996.6003096156593,633.9096245428498,1018.170220219236,633.3974701767806,1027.414929891328,1022.7479754034387,container,0
