271.15757644709356,185.72608413965122,275.2437073237305,189.96654027407413,259.26632601293363,205.3624479387891,255.1801951362967,201.1219918043662,container,0
346.81158160547125,197.7921362878861,352.2652130575344,195.5704617496068,361.0135007899131,217.045226080277,355.55986933784993,219.2669006185563,container,0
271.01740057823946,197.73489937596355,276.31150343376476,203.2289502538578,267.416848870793,211.79989674985893,262.1227460152677,206.3058458719647,container,0
365.11324274390233,174.2065399933034,368.14691798044254,177.7938354050883,360.7589679023946,184.04161782271137,357.7252926658544,180.4543224109265,container,0
381.33238654184896,170.16260897030733,384.9125018059304,173.20475434949316,378.6472753298074,180.57791708312223,375.067160065726,177.5357717039364,container,0
414.56247701844234,137.86437973561314,416.5325490787068,142.12943423580134,406.39168316510427,146.8136033601103,404.4216111048398,142.5485488599221,container,0
433.31452514374274,131.96773230624527,435.61986339954785,136.06129912975405,425.8867375359176,141.5426185681308,423.58139928011246,137.449051744622,container,0
376.6911795545572,211.22168802283278,380.27468619999786,214.25983777791285,375.0349980838044,220.4400654487245,371.45149143836375,217.40191569364444,container,0
263.1148626616606,269.78527224154203,258.1367909858896,266.6393643980321,269.99008402584354,247.88276208098097,274.96815570161453,251.0286699244909,container,0
245.14674840939048,310.7469379418333,249.27415586135263,306.5466472977876,258.2001059337207,315.3177148182601,254.07269848175852,319.5180054623058,container,0
394.7043361507986,445.7697751885019,393.25598821204517,440.061866463121,416.0074301460691,434.2888231973296,417.45577808482255,439.99673192271047,container,0
546.1017685067884,378.2953164263423,551.6570689320964,376.34171182112084,559.4440402864382,398.4848646172477,553.8887398611301,400.43846922246917,container,0
558.928215103949,400.48911268145156,564.483515529257,398.5355080762301,571.383703728781,418.15699050776624,565.828403303473,420.1105951129877,container,0
568.6803613545399,421.60413185193147,573.4361306265339,419.9316943526358,584.0781096718238,450.1933914014695,579.3223403998297,451.86582890076517,container,0
541.8794399023552,598.2664942482619,538.2600259598009,601.7756581472466,530.7199575754446,593.9986977590337,534.3393715179989,590.4895338600489,container,0
725.0797213636937,684.2565079873042,721.5507574804273,680.6563965351273,738.3023081755451,664.2359000652103,741.8312720588116,667.8360115173872,container,0
738.3758679333918,739.6975432409215,734.7760807884649,743.2268379394005,718.3540450140348,726.4767962668254,721.9538321589616,722.9475015683464,container,0
765.9522425313033,748.8040463158475,764.828584709069,753.7184925365344,741.9613495976417,748.4900402446633,743.0850074198761,743.5755940239764,container,0
823.4080358427392,784.9936739838844,820.8383003549436,780.6565265249827,841.0193271078966,768.6993816230314,843.5890625956922,773.036529081933,container,0
296.5940829050786,602.8086885514916,292.5409425684188,606.9425639466285,274.9767462338808,589.7213983720015,279.0298865705406,585.5875229768646,container,0
