106.87662953219613,203.1343205607557,111.53533151242718,205.75649625148682,105.78045585426138,215.98092580418583,101.12175387403033,213.3587501134547,container,0
70.88541227488388,247.09583345162548,75.99324280181999,249.6839584779853,64.94260041841592,271.49310909216365,59.83476989147981,268.90498406580383,container,0
84.87760641502952,249.34462913164126,95.61085040330329,254.85955318921762,84.8814127092108,275.74137702312294,74.14816872093704,270.22645296554657,container,0
138.45177366011998,270.9268112859451,143.8108497600818,274.0035601183351,132.21853303394923,294.19503849193615,126.85945693398742,291.1182896595462,container,0
164.38032230179385,269.25400698359067,221.16837702628322,289.6078581266575,212.16653207152456,314.72336380265995,155.3784773470352,294.3695126595931,container,0
161.8993254543817,294.338638515478,172.81283685343675,300.0635306202481,159.78289443525347,324.9028502977992,148.86938303619843,319.1779581930291,container,0
173.92911393548388,298.3954547252858,190.08419696052243,306.86991394195525,178.41427195593633,329.11659688949027,162.25918893089778,320.6421376728208,container,0
163.1339748239472,318.92776153070054,174.04748622300224,324.6526536354707,161.01754380481896,349.49197331302184,150.10403240576392,343.7670812082517,container,0
146.09197412834,417.8032527354783,150.16355828643907,422.3760100240523,134.39689719614043,436.4146487424864,130.32531303804137,431.8418914539124,container,0
146.21962879023621,427.50670954646347,149.7176814850722,431.4353391252747,130.9886652156786,448.11165958728265,127.4906125208426,444.1830300084714,container,0
155.3064121032352,427.1148266032283,162.33125600384145,434.7336558764661,141.85670507537972,453.611953190816,134.83186117477348,445.9931239175782,container,0
183.6369402800231,418.3311546846151,187.50659539185705,422.5732499840149,151.95324763701285,455.00514605711993,148.08359252517891,450.7630507577201,container,0
162.23983677970742,403.18031677470725,168.01542413690206,399.30650893500666,175.15080769760496,409.94488667268894,169.37522034041032,413.8186945123895,container,0
182.03009559212376,436.42587409810267,185.84724886715387,440.508477656028,169.2716472422507,456.0063361011048,165.4544939672206,451.9237325431795,container,0
193.72154815841273,435.42881264824507,202.07737621478844,444.0520679581743,182.93644864981925,462.5993907294559,174.58062059344354,453.97613541952666,container,0
287.1964726280871,321.5147225441201,292.4871273817713,327.07370364070204,279.0405306992226,339.87124682773367,273.7498759455384,334.31226573115174,container,0
298.66747031131564,294.4719306591579,310.63274723568856,307.82179916188414,292.8884735724053,323.72571223486193,280.9231966480324,310.3758437321357,container,0
356.53537465257455,242.4451053788484,384.9564390593411,274.15498346491125,327.9692055012939,325.23174354960463,299.54814109452735,293.5218654635418,container,0
403.97294506179816,300.31458243117146,407.9942124988666,304.97528917741033,390.96211958152486,319.6706142349031,386.9408521444564,315.0099074886642,container,0
305.87158947972074,9.61076405803656,315.8275126212562,14.803676401984452,306.4227812531979,32.83455704573344,296.4668581116625,27.641644701785545,container,0
328.8183955038126,30.750754041079865,332.6324140289867,32.536203999482524,325.33100217978364,48.13323595309732,321.51698365460953,46.34778599469466,container,0
333.09853687935885,33.95282259520361,349.3231747918173,42.75651581869123,335.13204560823084,68.90985018958136,318.9074076957724,60.106156966093735,container,0
132.05931238402147,65.52791050996478,137.1745015570756,68.04825691568836,132.28872245386097,77.96422890824573,127.17353328080685,75.44388250252216,container,0
608.9597968720557,93.24334759562716,604.4952613720798,87.76236853754575,613.20776971292,80.66558849709561,617.6723052128959,86.14656755517701,container,0
