88.59939606705467,786.3198038696563,96.78273271893526,787.7018064818169,93.26682975940938,808.5207378644155,85.08349310752878,807.138735252255,container,0
97.15252240055572,780.2385806873734,92.03902874696155,777.920195276968,101.83977990705147,756.3033930694297,106.95327356064564,758.6217784798351,container,0
104.70074801158846,664.4765560758264,109.21839592917873,668.5931139113234,98.18077662156979,680.7061656095642,93.66312870397952,676.5896077740672,container,0
117.93067113086285,650.2762155070322,118.40231664974796,655.7055461806299,102.03862082715195,657.1270591204584,101.56697530826683,651.6977284468608,container,0
93.33304838749918,650.4117699539875,91.5057709092938,655.5460798468938,40.07746029434843,637.2429786144039,41.904737772553794,632.1086687214976,container,0
101.25050379732222,652.0916258666033,100.51813076722395,655.573916985693,95.06477052492316,654.4270013981428,95.79714355502144,650.9447102790531,container,0
84.69180195365766,659.632339628728,82.97101154506645,663.8816437410001,67.49901799387214,657.6161335771617,69.21980840246336,653.3668294648896,container,0
84.6918423164795,664.6089214127343,88.89152168950284,666.5707892607902,86.29756856836758,672.1235442173569,82.09788919534424,670.161676369301,container,0
137.46897975430014,493.857339616683,147.00474962454243,502.65739250300015,109.79487176934907,542.978153833725,100.25910189910678,534.1781009474079,container,0
150.0272771707622,504.8681743459314,159.5630470410045,513.6682272322485,120.94370348117538,555.5162908159294,111.40793361093309,546.7162379296124,container,0
180.8403515960687,77.95024417839966,184.51622706377896,73.81100168246945,192.7037448445653,81.08196872086486,189.02786937685505,85.22121121679507,container,0
8.973754659429005,14.692685350928306,11.709480143323482,10.94714139245025,20.082547333175956,17.06278535326704,17.34682184928148,20.80832931174509,container,0
306.7820955355378,166.07415254478676,310.133104775697,162.20810555788233,319.0207520584513,169.91173364845375,315.6697428182921,173.77778063535817,container,0
312.3800615075631,186.12677499989934,309.0196286240363,183.32975963126327,315.41285120331617,175.64871660660708,318.773284086843,178.44573197524315,container,0
325.1530521144066,266.55843031417095,327.9208079359784,263.27714693671356,335.247960640559,269.4575852655004,332.48020481898715,272.7388686429578,container,0
300.92179936732566,204.54032806088583,303.6895551888975,201.25904468342844,311.01670789347804,207.4394830122153,308.2489520719062,210.7207663896727,container,0
459.78480752467334,251.30396709282016,464.8863944226785,254.0436789016098,457.6106952282291,267.5916774776454,452.5091083302239,264.8519656688558,container,0
602.6743020518751,249.1173680528549,606.9117499931411,252.3587723739579,600.9323962055372,260.1755079266401,596.6949482642711,256.93410360553713,container,0
603.5766295057932,261.87032329549675,607.8234406436516,264.60848327392824,603.7464609541147,270.93176711809053,599.4996498162564,268.19360713965904,container,0
570.6330812628519,65.41295700081709,574.0223456038666,61.046017883567615,581.8597362222529,67.12876550983428,578.4704718812382,71.49570462708375,container,0
809.04360040136,107.71947345702557,813.0335885300245,110.96276016183414,803.4681346310465,122.73046711343522,799.478146502382,119.48718040862666,container,0
796.9589311482823,121.9276595706227,800.7171577088063,125.43688270918828,792.3045168268225,134.44645809337018,788.5462902662985,130.9372349548046,container,0
784.1581707171084,134.8110141062419,787.9163972776324,138.3202372448075,779.5037563956486,147.3298126289894,775.7455298351246,143.82058949042383,container,0
