571.8930495313148,276.27559260700855,585.2924004411686,274.4416246390368,586.6840233674702,284.6091107943889,573.2846724576164,286.4430787623607,container,0
573.6892678731764,288.1748010755179,588.0542882376036,286.2086620151365,589.56990082258,297.2820423708194,575.2048804581528,299.2481814312008,container,0
582.461709860747,310.37273134419377,588.8413563612619,309.49954969475107,593.5404582128898,343.832163879252,587.1608117123749,344.7053455286947,container,0
613.7925775525007,339.69148651364145,612.9644838046364,334.6207371250835,636.1337263446139,330.8370153475094,636.9618200924782,335.90776473606735,container,0
639.0200558556917,334.3192168348961,637.1581451812922,324.3938672943375,670.9795197715566,318.0492667223225,672.8414304459561,327.9746162628811,container,0
683.7432910887286,326.2216762445813,681.8813804143291,316.2963267040227,693.7536426980879,314.06919185249217,695.6155533724874,323.9945413930508,container,0
699.1267408546773,335.37543284684637,697.314427169772,325.71447163793937,743.7970218995547,316.9947344692374,745.60933558446,326.6556956781444,container,0
698.4933889991576,324.37308517141105,697.5264559773792,319.6688401952965,718.300133263411,315.39891916575414,719.2670662851893,320.10316414186866,container,0
697.420380527862,318.0617746319407,696.4534475060836,313.35752965582617,717.2271247921154,309.0876086262838,718.1940578138938,313.7918536023983,container,0
783.9177976973847,270.82254865029466,783.3054407365727,265.77002064372334,805.3210734296433,263.10176706675185,805.9334303904553,268.15429507332317,container,0
840.788171078807,271.26504185539665,840.175814117995,266.2125138488253,862.1914468110656,263.54426027185383,862.8038037718776,268.59678827842515,container,0
784.651420489258,283.38742191254306,783.3462749081001,273.412908948364,806.3852472954734,270.39830431415436,807.6903928766313,280.3728172783334,container,0
809.0980560147754,276.80825982174923,807.6512423149898,265.7510550059764,831.0810613132018,262.6853088544938,832.5278750129874,273.74251367026665,container,0
831.7946900567739,258.70977866450323,831.2675239904522,253.86529699086842,864.659200326649,250.23168665896486,865.1863663929707,255.07616833259968,container,0
867.6061184990322,269.69986051143314,865.3722004441881,249.1708929460366,889.6684064183764,246.52703211781673,891.9023244732205,267.05599968321326,container,0
892.0410892587497,256.0195014804756,890.914795095877,245.66923089263028,912.2243736325811,243.35036843242062,913.3506677954538,253.70063902026592,container,0
926.291212992959,254.3643216495489,925.240237253717,244.70620244677292,937.1345356279295,243.41189050423554,938.1855113671714,253.07000970701154,container,0
939.4616262301626,258.0366584843412,937.9722050559396,244.3493708461336,949.7949796536983,243.06284196697055,951.2844008279212,256.7501296051782,container,0
953.3542816411095,255.95280824711614,952.7419246802975,250.90028024054484,974.7575573733682,248.23202666357338,975.3699143341802,253.28455467014467,container,0
884.9850354035996,297.34868810807535,884.2086191257362,292.31875788310094,906.1257853761333,288.93564044800127,906.9022016539967,293.9655706729757,container,0
816.5371315184616,322.7737411767992,814.7570308101565,309.600937354591,885.1255268079267,300.09172342727123,886.9056275162318,313.26452724947944,container,0
888.5055198439064,311.7118271576157,886.8709065860047,299.615635256191,908.3259060720428,296.7163238949003,909.9605193299445,308.812515796325,container,0
911.3470446554246,308.02690124134807,909.393475700375,293.5704266846202,931.5274243886514,290.57936583915597,933.480993343701,305.03584039588384,container,0
934.8542780652925,305.2403375338126,933.0711337064143,285.98378796654674,955.5138375799683,283.90560772608814,957.2969819388464,303.16215729335397,container,0
669.5545515984156,367.80545352259315,668.5931273238942,362.0540477315407,715.2693827355158,354.251488387474,716.2308070100372,360.00289417852645,container,0
669.9571116728595,383.81576436862184,668.3079342478317,373.9501006401921,692.0259388728442,369.98531946874806,693.675116297872,379.8509831971778,container,0
708.0777921471106,376.88600667203093,706.4286147220828,367.0203429436012,718.2502333865721,365.04420153381625,719.8994108115999,374.909865262246,container,0
733.8249976307005,372.65755529643485,732.1758202056727,362.7918915680051,743.997438870162,360.81575015822017,745.6466162951898,370.6814138866499,container,0
710.1090850265156,392.27892060049504,708.5806472590106,383.135542322817,732.2904414017452,379.17213364311755,733.8188791692502,388.3155119207956,container,0
684.4719225478846,398.3212301914556,682.8070154482017,388.3614688369308,694.8429521545359,386.34950130473624,696.5078592542187,396.30926265926104,container,0
676.9457260826397,426.02177516238726,674.2653568997484,409.98734452736693,686.3012936060826,407.9753769951724,688.9816627889738,424.0098076301927,container,0
688.5350193996401,408.2554490565275,687.6132880473647,402.74149317070385,710.9876048198992,398.83416401294744,711.9093361721746,404.3481198987711,container,0
697.1688798664676,378.5112528001852,696.5313739880995,374.05970530196424,705.9078900682081,372.7168949372381,706.5453959465761,377.1684424354591,container,0
721.4972122540136,369.47276069115577,720.8597063756455,365.0212131929348,730.236222455754,363.6784028282087,730.8737283341221,368.12995032642965,container,0
730.1659573580398,355.6121182510184,729.5106219078986,351.03607121747643,741.2654364430039,349.3526648586202,741.9207718931451,353.92871189216214,container,0
671.3759129745281,399.50085730801237,670.720577524387,394.9248102744704,682.0311199906041,393.3050280947618,682.6864554407452,397.88107512830373,container,0
626.4687780902625,394.7822734630964,625.8134426401213,390.2062264295544,637.1239851063383,388.5864442498458,637.7793205564795,393.16249128338774,container,0
735.1318497791798,420.12544311978695,731.850599746819,415.5992199235991,751.0377998190742,401.6896096085295,754.319049851435,406.21583280471737,container,0
718.3599607685035,442.4841003904557,712.435856610047,434.3122703274642,722.7254046677617,426.85294310608657,728.6495088262182,435.02477316907806,container,0
733.5210744945337,431.7908085766423,728.7975748216938,425.27511682028717,737.8340566154718,418.7241901661983,742.5575562883116,425.2398819225534,container,0
744.0813904006214,424.8237001953029,741.4528161362522,421.0210342433561,750.8518049182886,414.5240291590919,753.4803791826579,418.3266951110387,container,0
763.4396563544952,411.64209445728056,757.8207074362296,403.8912017544315,767.4249525652207,396.92867952025495,773.0439014834864,404.679572223104,container,0
693.2723985863154,448.5343245109234,700.8853493691165,441.5348298249925,716.0873865002293,458.0692177587532,708.4744357174282,465.0687124446841,container,0
688.7355659987335,453.02406587727677,691.7445932275832,450.2846156876613,699.127824284224,458.3943974864097,696.1187970553742,461.13384767602514,container,0
647.4576483555828,450.4860263235052,648.1215757237289,455.0087694719166,626.1160349076034,458.2391277565377,625.4521075394573,453.7163846081263,container,0
608.3764106892161,457.39774821422225,609.0403380573622,461.92049136263364,587.0347972412367,465.15084964725474,586.3708698730906,460.62810649884335,container,0
663.0940175642984,488.3629696585969,667.5636182409025,487.40449434416524,672.227108286846,509.15146888888233,667.7575076102419,510.109944203314,container,0
626.2879847240993,475.60747450151797,628.8740426178147,480.2073308628261,585.7431685467438,504.45568311411574,583.1571106530284,499.8558267528076,container,0
582.8477549674919,502.4160986278675,583.760868591352,507.1184903841023,572.8950493641844,509.2284225388559,571.9819357403243,504.5260307826211,container,0
580.8038453916358,492.09780962106794,582.7501025746676,496.4748346034825,572.6361085313906,500.97205215077867,570.6898513483588,496.5950271683641,container,0
595.1416742875542,485.6637917791761,597.087931470586,490.0408167615907,586.973937427309,494.53803430888684,585.0276802442772,490.16100932647225,container,0
428.6862466854549,224.2704410519385,434.02289641329526,224.2704410519385,434.02289641329526,235.876245307341,428.6862466854549,235.876245307341,container,0
429.6540686754551,239.32418336480464,434.9907184032955,239.32418336480464,434.9907184032955,250.92998762020716,429.6540686754551,250.92998762020716,container,0
411.28827396269673,207.77127546912413,415.0017588035297,211.6040108701872,406.6665711678422,219.67986002012816,402.95308632700926,215.84712461906508,container,0
425.9320419950066,200.24862971508574,429.6455268358396,204.08136511614882,421.3103392001521,212.15721426608977,417.59685435931914,208.3244788650267,container,0
379.21654353463725,288.2194448471556,379.28848897191426,293.10060032522773,360.3257340562848,293.3801004764748,360.25378861900776,288.4989449984027,container,0
472.7135950991138,324.7945158104836,479.37991354119674,325.2683969038719,477.3052035580344,354.45436278370477,470.63888511595144,353.9804816903164,container,0
382.8322941231683,324.5251312759848,383.59936401569706,328.85293668835044,361.2635129548972,332.8117927921372,360.4964430623684,328.4839873797716,container,0
