41.29818587217813,36.98836154319589,44.6052061477652,10.345105874720046,66.28669211843598,13.03626023671122,62.9796718428489,39.67951590518707,container,0
68.58129616106864,40.60931525497442,69.72538971213139,31.751032618574605,89.30906380568054,34.280366594042604,88.16497025461778,43.13864923044242,container,0
3.6326899546241282,119.9282328924661,8.093468549630623,85.39011532658651,31.455091101647582,88.4073911125607,26.994312506641087,122.94550867844029,container,0
8.104691327327348,80.07687930062599,8.934061875146252,73.65537756585864,59.498594654512786,80.18605153957665,58.669224106693875,86.607553274344,container,0
25.354433486374745,71.28504926860752,26.020071599032224,66.13126570781174,47.00654058520422,68.84177798340743,46.340902472546745,73.99556154420321,container,0
29.136676756254495,123.69814657519345,30.64936216535129,111.9859969163737,54.360680989031,115.04843780552443,52.84799557993421,126.76058746434418,container,0
55.6934305364855,128.37106788784578,57.955819548062664,110.85424745002433,82.07282475634679,113.96908485839117,79.81043574476962,131.48590529621262,container,0
59.99718970821532,105.77843066023392,60.974976819643146,100.00521929357654,84.88091553928518,104.05407828766239,83.90312842785737,109.82728965431977,container,0
199.77787868212448,50.59270047116341,201.98824681513378,32.78470463758387,222.32456009555278,35.30889316716396,220.1141919625435,53.1168890007435,container,0
162.0516839549224,114.88521752761835,164.154122716889,97.94676272711197,191.102079803187,101.29160322179226,188.9996410412204,118.23005802229864,container,0
155.5583248312813,135.64710869169244,157.64170338220487,118.86221390400598,187.8355084764579,122.60993628772212,185.75212992553435,139.39483107540858,container,0
189.3435709980312,145.16520862518104,195.14557580910852,98.42092383430001,217.10864057299122,101.14702838368248,211.3066357619139,147.8913131745635,container,0
212.5535371515479,149.61717367464007,218.38501762299452,102.63541602608922,274.35860018279,109.58298184633942,268.5271197113434,156.56473949489026,container,0
272.4639122215753,157.19837316735493,278.29539269302194,110.21661551880409,327.88374475743336,116.37163229867872,322.0522642859867,163.35338994722957,container,0
325.6138203405807,153.54422419023695,330.1650227496798,116.8771223040581,354.6066564605493,119.9108723553311,350.05545405145017,156.57797424150993,container,0
354.2731446988824,136.92770152194993,356.31850287224694,120.4491207437041,369.35184503360045,122.06684822125322,367.3064868602359,138.54542899949905,container,0
367.41232232819203,152.5831521554461,369.06968893001135,139.23045443095867,381.30996806573665,140.74974515820202,379.65260146391734,154.10244288268945,container,0
353.66041655379547,167.83966377268297,355.16551637148456,155.71371475891493,377.3498371793885,158.46728210161285,375.8447373616994,170.5932311153809,container,0
379.78781007377063,161.3163039869559,381.3414526360185,148.79926672868032,405.65349358722983,151.8169314377905,404.09985102498194,164.33396869606605,container,0
384.3489271731949,136.24424251186227,385.6526993505084,125.74030465879255,408.7085250274685,128.60204512823233,407.40475285015503,139.10598298130205,container,0
412.02502005213313,144.66745330291192,413.3287922294466,134.1635154498422,436.38461790640673,137.025255919282,435.08084572909326,147.5291937723517,container,0
406.282308620479,174.57636817120218,408.8419050549067,153.9547884627229,433.2977792617933,156.9903060761005,430.7381828273656,177.61188578457978,container,0
435.961329803285,182.58814924265886,442.43012226571193,132.91154223126955,521.0459690442378,143.14874697739168,514.5771765818109,192.825353988781,container,0
522.1248460078015,156.17214969727445,523.6881676995191,144.16673790474576,547.9532801154334,147.32649429189235,546.3899584237157,159.33190608442104,container,0
543.392299940413,195.18601224827253,547.9120114916037,160.4772260509322,570.8336270452011,163.46203485411317,566.3139154940103,198.17082105145352,container,0
516.8369637677624,193.13657844738003,518.6946796256647,178.8703887144646,544.6225278168085,182.2466633643691,542.7648119589063,196.51285309728453,container,0
521.0852228146753,167.8637551373817,521.9362272243004,161.92859875860663,545.3340948667437,165.2834705208321,544.4830904571186,171.2186268996072,container,0
573.766323316076,162.38265357297928,575.3592502484354,150.1498905532507,600.7685309597781,153.4586383407866,599.1756040274187,165.69140136051516,container,0
600.755102518492,173.01722522673333,603.1255061743827,154.81388796464,651.0420359121237,161.05348654113072,648.6716322562329,179.25682380322405,container,0
652.4597725842983,175.28706085514187,654.0860193032343,162.7984210310354,674.1842899202949,165.41557927305564,672.5580432013589,177.90421909716213,container,0
653.5688230844943,156.73847859572376,654.2946290205153,151.16470629437504,677.5321991879015,154.19065810121728,676.8063932518804,159.764430402566,container,0
578.4734434673614,140.69270608321463,579.1992494033825,135.1189337818659,602.4368195707686,138.14488558870815,601.7110136347476,143.71865789005687,container,0
569.3595599016536,196.4042876798368,572.1430462533548,175.02871280737432,595.2604358953785,178.03901493676543,592.4769495436773,199.41458980922792,container,0
594.5011620751208,200.9551351614892,596.1027109831766,188.6561603254401,619.0135777955826,191.63956944816422,617.4120288875267,203.93854428421332,container,0
644.3972726459862,208.45328041692957,647.255901542107,186.5006540049947,670.9720424609176,189.58892437696844,668.1134135647967,211.54155078890332,container,0
625.8122317481567,192.8708957187315,626.5380376841777,187.2971234173828,646.3443238903097,189.87626000957243,645.6185179542888,195.45003231092113,container,0
622.0003995694419,204.4073008006133,622.6342288106181,199.5398566355521,643.5232072660694,202.25997933534603,642.8893780248933,207.12742350040725,container,0
672.678033932708,200.91129873123256,673.3006915814526,196.12964597316594,686.3701507500349,197.83152587286074,685.7474931012903,202.61317863092737,container,0
671.2783968375643,211.92901251581773,671.9874188297704,207.00326573524177,696.793796347082,210.57394607879817,696.0847743548759,215.49969285937414,container,0
673.8776444413637,194.20715383177574,674.5866664335697,189.28140705119975,698.4324386215759,192.71381591336504,697.7234166293699,197.63956269394103,container,0
697.6881340732766,215.61163565143505,700.8288711108805,193.7921779735724,723.0578335029556,196.9918599511463,719.9170964653517,218.81131762900895,container,0
725.3617152766727,193.33498627740357,726.9389617901277,182.37747435079544,749.0793171388481,185.5644020506524,747.5020706253931,196.52191397726054,container,0
752.2327510917639,206.0688086331069,756.4175548762955,176.99596745809146,777.9366086176658,180.09346374317468,773.7518048331342,209.16630491819012,container,0
702.023868233793,175.68350321492193,702.8572897562063,169.1592171362845,751.1951104273652,175.33395864950643,750.3616889049518,181.85824472814386,container,0
675.5921658664763,170.51055951988195,676.2249315105771,165.65128316886546,688.4942947153684,167.2489761071077,687.8615290712676,172.10825245812418,container,0
688.6917731654588,178.8408117751732,689.3245388095596,173.9815354241567,701.5939020143509,175.57922836239894,700.9611363702501,180.43850471341543,container,0
702.3167795105193,187.4337661503612,702.9495451546201,182.57448979934472,724.694381176853,185.4060606295562,724.0616155327522,190.2653369805727,container,0
723.8227715467501,208.01575673308201,724.4555371908509,203.15648038206552,746.2003732130838,205.988051212277,745.567607568983,210.8473275632935,container,0
722.700835922662,217.49272021504353,723.3336015667628,212.63344386402704,745.0784375889957,215.46501469423853,744.4456719448949,220.32429104525502,container,0
751.860882805988,228.68897254657347,752.4936484500888,223.82969619555698,774.2384844723217,226.66126702576847,773.6057188282209,231.52054337678496,container,0
783.6121562407404,186.74785859385673,784.2449218848412,181.88858224284024,805.9897579070741,184.72015307305173,805.3569922629733,189.57942942406822,container,0
808.0078430304005,196.03365802101533,808.6406086745013,191.17438166999884,830.3854446967342,194.00595250021033,829.7526790526334,198.86522885122682,container,0
766.9913485833458,172.2189903411776,767.6241142274466,167.3597139901611,780.4872473695982,169.0347265105224,779.8544817254974,173.8940028615389,container,0
793.7890676294337,170.59934745716532,794.3840967244578,166.02986610720026,806.4315877368117,167.59866727419632,805.8365586417876,172.16814862416138,container,0
818.7354289184073,180.24337861090822,819.5386579169045,174.07504170254973,831.8233405426104,175.67472950639376,831.0201115441131,181.84306641475226,container,0
779.7019461863728,204.5144522064365,781.4215629738884,192.56785964930734,806.4660348377928,196.1728117765088,804.7464180502772,208.11940433363796,container,0
805.7086161302714,213.40165921209368,807.3222902006326,202.1910762621211,828.998970979332,205.3112617029834,827.3852969089708,216.52184465295596,container,0
802.9811832396908,224.23401008074313,803.6139488837916,219.37473372972664,825.3587849060245,222.20630455993813,824.7260192619237,227.06558091095462,container,0
750.6686093019584,216.18146959471315,751.3013749460592,211.32219324369666,773.0462109682921,214.15376407390815,772.4134453241913,219.01304042492464,container,0
761.321592476475,135.60607742218704,765.0089691402427,109.98898242374703,789.700192804665,113.5430872879248,786.0128161408973,139.16018228636483,container,0
837.973191761215,147.03998707853665,842.597808675672,114.91165801654526,868.2420893511778,118.60294784186416,863.6174724367208,150.73127690385556,container,0
0.43871520418496424,160.68525690571911,3.175804526757455,142.09889353052026,24.283101598668587,145.207223884213,21.5460122760961,163.79358725941185,container,0
24.107171019089,164.00838509848566,27.700794526344175,139.6056767949344,77.94724591015407,147.00513535514412,74.3536224028989,171.40784365869538,container,0
179.06768640236302,189.13523686591407,181.74500867047792,170.95472513130773,207.1410515657807,174.69463037479824,204.46372929766582,192.87514210940458,container,0
156.7548924403063,162.80393127406884,157.39891221808384,157.65762215097652,179.59752222144724,160.4356021633287,178.9535024436697,165.58191128642102,container,0
207.71184582004952,181.85404253071707,208.35586559782706,176.70773340762474,230.55447560119046,179.48571341997692,229.91045582341292,184.63202254306924,container,0
263.5037241681836,195.08707698519203,267.1940838218905,170.02747628334006,291.24681655995056,173.56956123169965,287.5564569062437,198.62916193355161,container,0
292.7270187554532,186.31071505117166,294.43611624512863,174.70498968270144,320.7082950535373,178.57391759751692,318.99919756386186,190.17964296598714,container,0
345.1517787999373,200.35931120635377,346.77440060754407,189.34080395926253,372.29071067519413,193.09842014419127,370.66808886758736,204.1169273912825,container,0
370.77812367020124,207.33158644803552,372.34759393444597,196.67400783076008,396.1454887808492,200.17856450862587,394.57601851660445,210.83614312590132,container,0
295.0865290429775,198.81695637518342,295.730548820755,193.67064725209107,346.0644614674655,199.96953728416318,345.42044168968795,205.11584640725553,container,0
323.5588414873552,191.56975816307911,324.2028612651327,186.4234490399868,346.4014712684961,189.20142905233897,345.7574514907186,194.3477381754313,container,0
399.47151026732735,217.9285459285818,402.2027505560293,199.38190075622538,426.983376913065,203.031177725544,424.25213662436306,221.57782289790043,container,0
430.47310643861675,220.00956387356788,433.31697974630424,200.69807767039578,458.47598485376335,204.40307594553232,455.63211154607586,223.71456214870443,container,0
458.5057500998294,222.86856966061765,462.13131776722906,198.2489426897565,511.55327988535174,205.526984234699,507.9277122179521,230.14661120556016,container,0
512.0251268059908,218.33878359335625,513.8278762395855,206.09710928229188,537.2921174867213,209.55253102797337,535.4893680531266,221.79420533903775,container,0
536.0836185162773,234.49841131624174,537.886367949872,222.25673700517737,561.3506091970078,225.71215875085886,559.547859763413,237.95383306192323,container,0
562.2548020885059,236.46569153672257,565.7483799157295,212.7423492106907,588.9200791932805,216.154690258702,585.4265013660569,239.8780325847339,container,0
374.0083756559845,192.61981786177367,374.95631594507796,186.18277449392195,427.4866694499605,193.9185680317277,426.53872916086704,200.3556113995794,container,0
594.4279113145442,229.10924191819635,596.0587937881235,218.03464014096994,639.1247241022322,224.3766714275576,637.493841628653,235.451273204784,container,0
690.9551830628,253.71878727734145,693.3968759023315,237.13833080780154,717.2930647928283,240.65736259158933,714.8513719532967,257.23781906112924,container,0
716.8428568982644,260.1811229255844,720.7159890875705,233.8803947480454,740.9815339325361,236.86476588571963,737.1084017432299,263.1654940632587,container,0
746.624486438171,249.3719726538276,748.3368203038315,237.74427048701878,770.6116678891573,241.02453818957966,768.8993340234967,252.6522403563885,container,0
640.7030366119415,230.96355676955795,641.5064810511124,224.79356540068892,696.2426645566871,231.92120620759226,695.4392201175162,238.0911975764613,container,0
175.93787607821255,215.90933381507446,178.13632741656167,200.98062282991563,203.51235794662094,204.71758098633367,201.31390660827182,219.6462919714925,container,0
204.5011704963257,220.90856010165078,206.42313885274092,207.85732279880938,233.16162827295238,211.79492115607786,231.23965991653716,224.84615845891926,container,0
232.65475779538357,226.94248228844538,235.2009705822103,209.65227707071426,285.7819484392354,217.1009991054118,283.2357356524087,234.39120432314292,container,0
283.8442075580413,239.77857181126024,287.32728611631677,216.1265253783634,312.3632860384013,219.81340950321066,308.8802074801259,243.4654559361075,container,0
311.19731397493763,247.30170125561762,314.6803925332131,223.64965482272078,339.71639245529764,227.33653894756804,336.2333138970222,250.98858538046488,container,0
367.20390247430237,244.8481237149766,369.7190619273148,227.7687879568296,395.81255049739934,231.6114013563474,393.2973910443869,248.69073711449437,container,0
342.9695241853464,230.16734669692335,343.6714319348995,224.55845954820882,355.85452944154696,226.08307759217087,355.1526216919939,231.6919647408854,container,0
354.42746826370615,242.9687465357933,355.1293760132592,237.35985938707876,367.3124735199067,238.8844774310408,366.6105657703536,244.49336457975534,container,0
398.5247140257379,239.73182524104703,400.2656329038595,227.91001489358638,425.8977357281392,231.68468310270106,424.1568168500176,243.5064934501617,container,0
426.1188168677992,246.88889816136015,428.46533430262457,230.95473578301517,454.87038950773365,234.84323151533687,452.52387207290826,250.77739389368185,container,0
457.56725934737204,243.961701592598,459.1230837064186,233.3967862839346,483.8061960759915,237.0317030210498,482.250371716945,247.59661832971318,container,0
483.0409599168546,259.302643583036,486.28801665343434,237.25331698333397,508.1951907845912,240.4794398773982,504.94813404801147,262.52876647710025,container,0
508.9013523259193,252.78977447634472,510.52902156759654,241.73699233622278,533.3719187624831,245.10091290242534,531.744249520806,256.15369504254727,container,0
533.3712540007572,260.91581086722357,535.020097237216,249.71924549070212,559.9213347600604,253.38628405907346,558.2724915236016,264.58284943559494,container,0
561.4603034798828,259.94470586794944,562.929668963002,249.96689455758985,584.9541492612005,253.21029234566103,583.4847837780814,263.18810365602064,container,0
587.5448905414185,256.3223202205899,588.219811561125,251.73922999464327,688.7524325777979,266.5439961557384,688.0775115580914,271.12708638168505,container,0
661.9079689403796,273.1519241763076,662.6625186525687,268.0281107078397,739.905295861406,279.4031374667735,739.150746149217,284.5269509352414,container,0
584.9669690352305,268.76387176769384,585.797008244371,263.1274425033943,660.3259299550971,274.1028179288781,659.4958907459566,279.7392471931776,container,0
661.5653771632909,285.29510182852084,662.3126544191348,279.5564421354295,686.2745445670272,282.6767135005541,685.5272673111833,288.41537319364545,container,0
737.611646127659,289.6900676778578,738.2324056195106,284.9229916734241,763.9968974398282,288.27799437011237,763.3761379479766,293.04507037454607,container,0
797.7125735219139,258.438102788766,799.3036733038035,246.2193712341622,825.5801839091397,249.64104803474783,823.9890841272501,261.8597795893516,container,0
769.3447508662307,265.0945612164712,770.0295944180695,259.83535647515646,796.5100336419391,263.28358846921856,795.8251900901004,268.5427932105333,container,0
845.4908511626915,279.35689449310723,847.5105471335239,263.8467906200444,873.6483127134571,267.25040030959883,871.6286167426247,282.7605041826617,container,0
887.6687804959507,285.2133638447321,889.0144808470125,274.879158831498,913.8204698933836,278.10934713581236,912.4747695423218,288.44355214904647,container,0
883.7218142361226,299.22315732846715,884.2619359174654,293.58191790133037,907.7051813966111,295.82649647805596,907.1650597152683,301.46773590519274,container,0
961.1508761996928,238.7983565397567,979.5205133575072,242.72488623352126,974.5282300527043,266.080480116811,956.1585928948899,262.1539504230464,container,0
853.5923741704207,351.6302975079287,854.709656088245,346.0744902019611,877.7978721072441,350.7175681296529,876.6805901894198,356.27337543562044,container,0
773.4921915538976,359.0924442108406,779.8555528862082,332.05581236925025,824.9342824759885,342.66557494847933,818.5709211436779,369.7022067900697,container,0
680.7837067932904,335.72820855722637,684.5946324702489,319.53635819342236,707.3391787513957,324.8895311468581,703.5282530744372,341.0813815106621,container,0
707.0460063444091,345.955178644385,712.1115440314439,324.4327362791123,735.9825369742223,330.05103053802475,730.9169992871874,351.57347290329744,container,0
649.9829187525052,327.15533920136625,651.2642149442859,320.783952866513,672.9943614377762,325.1539207958848,671.7130652459955,331.52530713073804,container,0
449.38112786298944,278.76344003367916,496.4677623177692,286.6564351917538,492.33423660240356,311.315491794587,445.2476021476238,303.42249663651234,container,0
518.2674565919224,298.0948474830785,519.5743097187762,291.96558526051984,581.1938905998256,305.10382915118555,579.8870374729718,311.23309137374423,container,0
-4.486019332342877,433.17116438208143,8.81429900524104,419.80653367818354,25.83243069488836,436.74277187272037,12.532112357304442,450.10740257661826,container,0
-0.9476600177276602,462.65130123113295,17.656932142647257,445.124910140576,34.58863900937796,463.0982338674594,15.984046849003043,480.62462495801634,container,0
15.311576923813853,481.6489667128164,38.53722720569746,459.7693239523705,55.01459360998593,477.2603567750958,31.788943328102324,499.1399995355417,container,0
43.46902548304055,517.1087812531597,78.64168058336523,483.9745043140226,95.11904698765369,501.46553713674786,59.946391887329014,534.599814075885,container,0
65.76501112121645,531.6741927465534,86.81634049293783,511.84286140832967,103.29370689722629,529.333894231055,82.2423775255049,549.1652255692787,container,0
100.43291705034763,564.7196866700514,133.27468158220583,533.7812170531109,166.11909602981257,568.646177693712,133.27733149795435,599.5846473106525,container,0
138.80970438444643,596.9341074248172,171.99547887226382,565.6715644299057,186.09494223448962,580.6384086694876,152.90916774667224,611.900951664399,container,0
155.11072144032613,612.199980936423,192.84275725471826,576.6546483311524,209.61834218378533,594.4622456992828,171.8863063693932,630.0075783045534,container,0
171.02536906417012,634.6495565478172,195.4175261527457,611.6710101227467,211.0367513840907,628.2511100297252,186.64459429551513,651.2296564547956,container,0
188.17309462545995,651.6048065020027,196.6748289789352,643.595777336376,212.29405421028025,660.1758772433545,203.792319856805,668.1849064089812,container,0
206.66026276161983,667.3858644330745,235.4307727429936,640.2827059514663,251.04999797433862,656.8628058584449,222.27948799296485,683.9659643400531,container,0
221.76760045535767,686.1024024219308,260.7069202715863,649.419752137715,277.1313426476748,666.8545838836243,238.19202283144614,703.5372341678401,container,0
239.73970109400116,703.4686273361426,261.4388936363707,683.0269787598912,277.8633160124592,700.4618105058005,256.16412347008963,720.9034590820519,container,0
218.35659139614208,577.2898774246689,236.26102799176846,560.4230654394336,252.68545036785693,577.8578971853428,234.78101377223055,594.7247091705782,container,0
255.07278266138994,583.1632925741253,265.139880425404,573.6796182727466,281.5643028014925,591.1144500186558,271.4972050374784,600.5981243200346,container,0
362.4524484412097,593.4072705245496,351.99548361738636,582.5225203109587,369.83010532844065,565.3888233294856,380.287070152264,576.2735735430765,container,0
263.43274065076196,611.4042579266517,259.30060647229675,606.6489370863155,274.51497121648583,593.4284208111916,278.64710539495104,598.1837416515277,container,0
314.62623020998154,590.0149289353373,319.9598961770219,585.3698434871454,338.2597141867579,606.3823991462785,332.92604821971753,611.0274845944704,container,0
385.22442775701825,534.1580919218876,387.03952519685447,528.1240831297459,408.3924297494425,534.5472760221636,406.5773323096063,540.5812848143053,container,0
395.8334370124432,528.3611156449098,397.5479943980615,522.297772195033,419.0047072426624,528.3651780385118,417.29014985704407,534.4285214883886,container,0
49.77114999128311,412.1310509480032,42.284802497857434,420.0109132203737,27.204444003305028,405.68365722105153,34.690791496730704,397.803794948681,container,0
77.23365681928044,436.6086173301936,63.62414421751929,450.93350473224723,55.81535907898419,443.51468483059114,69.42487168074534,429.18979742853753,container,0
64.63508021928766,426.5563789174683,60.82904058859978,430.66111310818076,46.932139504372515,417.77546599612305,50.73817913506039,413.6707318054106,container,0
130.15388013120824,481.469807217854,128.90186532692616,487.0886318156457,115.24632346719734,484.04583518241503,116.49833827147944,478.4270105846233,container,0
190.9732869259332,490.0464149451039,184.3092207913414,512.9118678361904,162.75964991074366,506.63131147877135,169.42371604533545,483.76585858768493,container,0
165.52420224029044,485.89688428615847,161.31887078053182,502.76423537728124,137.18651133920446,496.74760776287013,141.39184279896307,479.88025667174736,container,0
236.28363908999472,503.68072290966575,230.90304465338036,521.247295513569,208.71524333570608,514.4512310209396,214.09583777232044,496.8846584170364,container,0
212.1229053541084,495.9381698516409,209.7739074917368,505.64503786906494,190.34502371546574,500.9433764910793,192.69402157783736,491.23650847365525,container,0
280.85078843517636,527.5770154975905,278.09344835822594,538.9712941535485,253.61627313040978,533.0479796319305,256.3736132073602,521.6537009759726,container,0
214.73653347482207,458.09179376863773,212.34384672274322,469.39816227423864,170.16701272302151,460.4725773788081,172.55969947510036,449.1662088732072,container,0
267.397157056544,474.2625786324104,266.4007035210564,478.9712062290414,224.60068643570565,470.1253644304795,225.5971399711933,465.4167368338485,container,0
264.6198464959131,484.40288381353014,263.0399967343387,490.5345171988436,242.46830927825118,485.23410644686885,244.0481590398256,479.1024730615554,container,0
352.38367158071065,496.84729185149234,348.4283495003775,529.1917132510007,321.6083370813985,525.9119579570257,325.5636591617316,493.5675365575173,container,0
395.4411221179639,519.4570136596066,397.6727699793255,505.61492881978296,420.0557218135423,509.22355188269614,417.8240739521807,523.0656367225198,container,0
419.6071950356581,532.1156842026155,426.35708870739967,508.9773543361634,449.9992703559927,515.874231216088,443.2493766842511,539.0125610825402,container,0
391.73254953464465,504.41266960939276,400.0167447059078,469.55500536582167,450.57692420677887,481.5710254856025,442.2927290355157,516.4286897291736,container,0
440.5575494779671,703.0796616292333,385.08118955530796,678.3017332149312,396.1713387695021,653.4715254947611,451.6476986921612,678.2494539090632,container,0
484.7281033884638,664.8304384465026,452.61151137658055,646.9088960532854,466.5341506116927,621.958603593415,498.650742623576,639.8801459866322,container,0
444.99641402451294,666.3534403773812,437.46855068831235,661.5098433819766,450.9427231143623,640.5684379165874,458.4705864505629,645.412034911992,container,0
432.91764355034945,668.1406387213971,425.33677372703227,663.2629361570856,438.5312800061628,642.7561846349887,446.11214982947996,647.6338871993001,container,0
506.49389975720015,709.998667854548,510.7968601327655,683.5003981383252,607.054686102895,699.1313663269369,602.7517257273296,725.6296360431597,container,0
571.7946538851735,615.8971406925282,554.6904106250587,610.4021741567769,569.6888083852069,563.7164951571938,586.7930516453217,569.211461692945,container,0
627.9847639073366,611.8102250539359,597.6041136316309,605.2125908905377,613.0979447100494,533.8669157945044,643.4785949857552,540.4645499579026,container,0
626.2652345315919,638.2589123427192,615.6423979172978,636.073582531961,620.5479571469314,612.2277749373354,631.1707937612255,614.4131047480936,container,0
544.2960448308211,657.7340734528245,545.9881119700317,650.442913273426,566.704615256718,655.2506137748901,565.0125481175073,662.5417739542886,container,0
499.6117796127898,647.001207745224,503.02757664941976,642.2462310690369,518.80115422201,653.5773780332971,515.38535718538,658.3323547094842,container,0
602.2362599217122,480.3916636273889,610.0343211054546,445.4220355491877,660.7569013781317,456.7329303485003,652.9588401943893,491.7025584267015,container,0
