278.7141013272195,228.0813250748244,287.2220541235253,228.0813250748244,287.22205412352525,251.82580942577357,278.71410132721945,251.82580942577357,container,0
709.2614786742603,192.72817005394762,753.9335875177976,192.72817005394762,753.9335875177975,218.1277165392084,709.2614786742602,218.1277165392084,container,0
1003.079519103349,279.6168896364273,1007.7386076291916,284.36201383212943,1000.356678721299,291.6100981508709,995.6975901954563,286.86497395516875,container,0
987.3060322883081,322.14113285625535,987.6917176381555,325.9178114716019,977.4745434514483,326.96121886788933,977.0888581016009,323.1845402525428,container,0
53.27372169961952,936.6382595315613,53.48437651949073,922.1345277612085,65.56368809022352,922.3099698642059,65.35303327035233,936.8137016345587,container,0
74.85660285860335,742.3076476261249,89.51502698409317,742.7762216167218,88.83218423678237,764.1376262229483,74.17376011129255,763.6690522323513,container,0
193.33136458623338,1030.399757049159,176.77661837096437,944.6324718759842,207.03706736306944,938.7916194762271,223.59181357833845,1024.5589046494017,container,0
176.12321300491686,938.8264829734505,175.4188146244899,932.8336648011268,203.45549926038905,929.5382210412486,204.159897640816,935.5310392135723,container,0
237.6517136975234,935.614610535598,248.8979616627802,933.4067364267612,254.77631840100435,963.349321124734,243.53007043574755,965.5571952335708,container,0
237.59752795035044,966.5018515869748,253.28653177057856,964.092899245538,257.7553166231918,993.197162297338,242.0663128029637,995.6061146387748,container,0
255.78467197082264,967.9733502674887,267.5042154566306,965.1898721035559,274.07230454480333,992.8441237822337,262.3527610589954,995.6276019461666,container,0
241.81701640737188,1001.5422061641934,273.2770691299487,994.8551251067862,279.4089370533465,1023.7031211908609,247.94888433076974,1030.390202248268,container,0
252.78054833047602,934.3899025941681,259.6490751060349,932.816545241726,266.2891491239493,961.8039371479232,259.4206223483904,963.3772945003653,container,0
231.3989718337237,934.2149070131537,235.99612987547644,933.1618467803439,241.2921754738623,956.2818525060815,236.69501743210955,957.3349127388913,container,0
213.97150084589254,967.9283892566589,210.6891793692315,964.2438327716441,229.55946776976708,947.433572665775,232.8417892464281,951.1181291507899,container,0
219.484108405224,986.0355881748652,212.53415769018642,979.1451675078155,233.3156800654579,958.1841023899395,240.26563078049548,965.0745230569893,container,0
219.47916996548778,996.9204583806974,215.2529524034921,993.0548922519532,235.18538278363255,971.2627964708435,239.41160034562824,975.1283625995876,container,0
225.4413416804897,1018.6224650447571,213.02412529761776,1007.3277891072859,232.88529528044012,985.492683199066,245.30251166331206,996.7873591365372,container,0
237.35050086726912,1029.1138366690482,230.48701981903264,1022.870827619956,239.64565595839846,1012.8019449584178,246.50913700663494,1019.04495400751,container,0
269.5218528433405,876.1669498619058,272.9587220501315,886.6374534030091,244.68636674094614,895.9176553516684,241.2494975341552,885.4471518105651,container,0
279.81285743626603,899.6809408302057,282.9363729259308,909.1968048411505,256.9424066787696,917.7291415913863,253.81889118910482,908.2132775804415,container,0
285.2378570167641,912.9757747957433,292.19204225836444,934.1618650472408,263.99410814225644,943.417638762261,257.0399229006561,922.2315485107636,container,0
293.40243920165614,939.8648865012161,302.62338013038817,970.6118050170624,273.8046969870383,979.2544719162419,264.5837560583063,948.5075534003956,container,0
304.8562252082959,978.9030602993938,310.94743704745514,1023.8049485077786,280.0944486932817,1027.9903423839605,274.00323685412246,983.0884541755759,container,0
307.9776515395723,980.0874728193488,315.6215082799323,979.3286785388124,318.65051334738814,1009.8419301477824,311.00665660702816,1010.6007244283188,container,0
480.5846340308001,903.90416591026,487.01250110688545,920.2741937061285,461.4347704426234,930.3175641186872,455.00690336653804,913.9475363228187,container,0
458.13828397442063,936.6107057356359,483.55849774054644,922.8003825838459,499.4587633589254,952.067485642545,474.0385495927996,965.8778087943349,container,0
491.7215539295965,925.3119150216269,507.33584767041907,918.463856940166,518.6502829470351,944.2619611354096,503.03598920621255,951.1100192168705,container,0
482.0602559942043,898.5076742955189,496.30132209697257,892.2618812143556,507.10842706126715,916.903218859728,492.86736095849886,923.1490119408912,container,0
580.6897974609009,1001.4987128179064,611.9878770065019,987.7721190875667,624.5903341875409,1016.50704889396,593.2922546419398,1030.2336426242998,container,0
473.04651085413394,575.1289190489373,477.7477492393819,585.3726633413954,451.45882736536777,597.4376353957929,446.7575889801198,587.1938911033347,container,0
494.082618162584,597.7217208210166,504.26713788605826,618.9107062598728,478.03688171642386,631.5183208189701,467.8523619929496,610.3293353801139,container,0
508.61293752989275,621.0188749532293,518.9250899082864,650.1713994166602,491.2085727563176,659.9755914559463,480.89642037792396,630.8230669925155,container,0
520.5917613163535,651.5430444451422,527.9378777613239,672.3105652802608,512.3115851467933,677.8380697937221,504.965468701823,657.0705489586035,container,0
533.9414893269002,673.3447921772056,543.8222030694038,701.4221434815436,516.3880699353899,711.0765020188835,506.5073561928862,682.9991507145455,container,0
550.6983440558986,705.3750235273357,557.418010016373,722.5917103888542,534.7348074853373,731.4449552174532,528.0151415248629,714.2282683559347,container,0
546.3230750791602,701.262973878835,548.0341828154092,705.8459502489936,520.84144289443,715.9986771867905,519.130335158181,711.4157008166319,container,0
566.5723803439632,726.1880176396004,577.97424303565,759.9209495652261,547.2208108726079,770.3157297045337,535.8189481809211,736.582797778908,container,0
581.2418523896987,760.748088861743,594.7179055586024,793.4216617288236,568.0211984379699,804.4325862474203,554.5451452690662,771.7590133803398,container,0
600.6399160554927,793.5109649952943,620.5241922939889,837.0493015660073,602.1907951495343,845.4222979164377,582.3065189110381,801.8839613457247,container,0
622.1605840774228,838.2760450469286,628.7475239370895,854.362983260431,600.2107049171705,866.0476374920627,593.6237650575038,849.9606992785604,container,0
632.1234655192824,860.3636376613085,643.6086853568221,889.2092860926114,618.0697216646321,899.3779121550936,606.5845018270924,870.5322637237907,container,0
644.9997618289415,890.623562010374,651.0874021542256,905.912945677669,634.2772128258146,912.6061119071356,628.1895725005304,897.3167282398407,container,0
653.6285975104761,909.0037466961337,662.4167409461651,934.8698888817735,639.1764078710371,942.7659013250516,630.3882644353481,916.8997591394118,container,0
636.3711894328135,946.0255261758001,662.5130038667143,935.4599959594195,673.9797928616292,963.8317543017519,647.8379784277284,974.3972845181324,container,0
643.7759803991964,977.9067469042118,671.1078952941888,966.8602232046135,682.10118743307,994.0604296520605,654.7692725380776,1005.1069533516588,container,0
655.4030378139512,1005.5051382522482,684.791861183594,993.6272901357393,696.7225692684585,1023.1469025387229,667.3337458988157,1035.0247506552319,container,0
463.22930618166623,556.656303016365,473.14259788340985,551.0183379196116,487.97181258602194,577.0926978228736,478.0585208842783,582.730662919627,container,0
485.3630652536599,581.665059129147,496.36635461098524,575.4071820069428,511.1041360738808,601.3207739095183,500.10084671655545,607.5786510317225,container,0
491.0280813765583,564.8327822430142,500.03891089779034,559.299212385071,515.1851048980949,583.9631771557229,506.1742753768628,589.4967470136661,container,0
485.6583702743899,567.0908321233027,489.8335006372227,564.507417914533,494.9635404532535,572.798223518119,490.78841009042065,575.3816377268887,container,0
507.86645798302374,589.2638071448627,516.6913197512756,584.9407167113027,529.7776727929745,611.6543046915652,520.9528110247227,615.9773951251252,container,0
535.4863299935834,601.2285310147256,545.1568207344417,596.4911870078158,552.1853248723363,610.8386956726831,542.514834131478,615.5760396795929,container,0
543.3889598088067,587.5098066760372,557.1753343488512,580.7561888344575,564.8954241339452,596.5154532400938,551.1090495939007,603.2690710816736,container,0
528.4358781001431,605.1913696220137,532.3560143028508,602.7657362438223,535.8626836231651,608.4329658742698,531.9425474204575,610.8585992524612,container,0
513.4589571005722,630.8852712644473,551.8585759386337,612.0742089259539,564.8767606400834,638.648642708793,526.4771418020218,657.4597050472863,container,0
550.5319556096083,605.8754049594476,564.9046772327978,598.8345495913823,578.5293784730698,626.6470848429566,564.1566568498803,633.6879402110219,container,0
526.1611646803887,659.2501387511795,581.0040009126506,632.3839342834859,594.8333267591169,660.6141762408997,539.990490526855,687.4803807085933,container,0
541.4475753949343,688.553709354761,591.9933450350259,662.0417651029877,607.7825154526834,692.1442639299338,557.2367458125918,718.6562081817071,container,0
559.1419861283559,717.9241684714245,609.432801726678,691.5459510852285,623.1119078944848,717.6255528931599,572.8210922961628,744.003770279356,container,0
574.1438886635833,744.8425692519098,625.1799000215997,718.0734865454634,639.2665972274617,744.9301721659305,588.2305858694453,771.6992548723769,container,0
588.109588394997,772.2118457858647,638.3690304969411,748.0954182312034,651.2398364301669,774.9186085291911,600.9803943282227,799.0350360838524,container,0
605.0049895760052,799.160444889584,653.9394381639071,775.6798005580429,667.5743632455338,804.0954407332359,618.639914657632,827.5760850647771,container,0
619.087758613806,828.0895760603142,669.5888604191215,806.7923881828527,681.8562727422602,835.881573204986,631.3551709369448,857.1787610824475,container,0
632.5597275833619,857.8837696874755,683.384874011925,836.4499265891319,695.1072039642062,864.2465813269218,644.282057535643,885.6804244252654,container,0
643.8432603973696,886.8679019244615,695.9752239705939,866.4769044084973,707.1473152072437,895.0396587774181,655.0153516340193,915.4306562933824,container,0
656.710547687998,915.9569212132225,709.3309215020367,896.8616164142186,719.4103166394565,924.6371112561807,666.7899428254177,943.7324160551846,container,0
666.0490748001107,943.7639575407587,726.3336398961861,923.0750341212591,736.5658127363718,952.8901229565284,676.2812476402963,973.579046376028,container,0
677.7168858478658,976.1485070428107,742.553904858849,953.352591665991,752.5968742718419,981.9171914196413,687.7598552608587,1004.713106796461,container,0
691.3803192236422,1004.7485298768819,753.2490784636931,984.4701231928569,762.0717438270957,1011.3877882603941,700.2029845870449,1031.666194944419,container,0
752.3624443994572,1013.0051267438023,767.4927625047535,1007.023341445148,773.90816451154,1023.2504489539838,758.7778464062437,1029.2322342526381,container,0
593.8607402804029,589.2845088887173,634.9630315186317,666.4983437360827,607.9823889591349,680.8606174201598,566.8800977209061,603.6467825727943,container,0
635.2111345574539,668.9211009103019,810.1558318531676,1024.2156565769567,781.7702037051935,1038.1925527739115,606.8255064094798,682.8979971072567,container,0
641.6230422119603,606.2529828770038,733.8812996333115,795.243618373815,705.7238013002228,808.9890704843202,613.4655438788716,619.998434987509,container,0
731.8933991121365,797.0457068360122,842.8075738499933,1024.2529070931978,817.3606135196777,1036.6751745276326,706.4464387818209,809.467974270447,container,0
741.0555482397815,624.6605777422943,780.4615467356363,730.091964881331,751.8481373382403,740.7865028009368,712.4421388423856,635.3551156619001,container,0
635.610012250558,594.8537604292723,633.6806298549126,609.4517683322405,603.9817301660449,605.5265386289403,605.9111125616904,590.9285307259721,container,0
636.9698140418261,602.4120758031062,651.5452319138916,594.78291324695,666.3284562502947,623.0260750112374,651.7530383782292,630.6552375673936,container,0
665.2348731467798,602.9134691815404,674.739210945776,599.0471278741479,686.0468422755368,626.8438326449016,676.5425044765407,630.7101739522941,container,0
655.6508176722951,598.4297547719783,660.1402225998488,596.3235247496847,672.6054365909239,622.8929841734965,668.1160316633702,624.9992141957902,container,0
688.220590204603,619.067529989726,704.9956055180616,612.9463715688102,715.5860820369994,641.9695390096266,698.8110667235409,648.0906974305425,container,0
674.6373685909288,632.300515501943,690.321189934717,626.577530855029,700.7063718086187,655.0380889697269,685.0225504648304,660.7610736166409,container,0
656.3697977572822,635.0110915154937,670.273545201881,628.0932666959804,683.3727582147492,654.4206389850547,669.4690107701504,661.3384638045679,container,0
671.1400302658541,663.1567224600428,683.9111750950436,656.802425316413,697.3944371157564,683.9016761295516,684.6232922865669,690.2559732731814,container,0
688.683637695737,661.255810959882,716.6371413335456,651.7820417953654,726.1034975949759,679.7136727645675,698.1499939571673,689.187441929084,container,0
685.332495312927,692.2705995558325,693.9986024683666,687.9587684176921,707.1965963398761,714.484674804802,698.5304891844365,718.7965059429424,container,0
699.1016292155396,691.4105007540525,727.1635346804887,681.266153611265,737.560468159204,710.0267786469046,709.4985626942548,720.171125789692,container,0
703.8269778240276,727.7851285422631,739.2840458436484,712.2173419099272,751.5150799241756,740.0746486411718,716.0580119045547,755.6424352735078,container,0
716.1793337547244,756.078921817827,751.6364017743452,740.5111351854911,763.8674358548724,768.3684419167357,728.4103678352516,783.9362285490716,container,0
730.6855203657068,785.5446466197351,764.2717398075696,770.798275098875,776.2310636810256,798.0367368060148,742.6448442391628,812.7831083268749,container,0
742.4527051515271,814.5270181583794,776.6508579201733,799.5119710815115,788.4418066846655,826.3669429687859,754.2436539160193,841.3819900456538,container,0
757.9255982890376,843.187154188181,788.9073970367831,829.5842800835321,801.2306444914424,857.6516112682293,770.2488457436968,871.2544853728782,container,0
771.9484316367561,873.2973500077744,802.2764383081527,859.9815299692114,814.7647845715044,888.4248888981226,784.4367779001078,901.7407089366857,container,0
785.7333342335932,902.1826090056774,815.1855192681362,889.2513273717836,827.4851186636475,917.2647979235247,798.0329336291045,930.1960795574184,container,0
799.7448201921853,930.3764470767421,828.1280807831245,917.9144876004195,840.222369944522,945.4603451826347,811.8391093535829,957.9223046589573,container,0
813.8006821922711,959.0025684412742,840.2817881028179,947.3757693394547,852.2212325765795,974.5689538826789,825.7401266660327,986.1957529844984,container,0
829.4744301978413,988.8579592796493,854.8844670288834,977.7014239596235,867.0510982427435,1005.4120472298212,841.6410614117015,1016.568582549847,container,0
842.3867259387043,1017.3007082522943,865.6560131020599,1007.0840908646069,872.8029817626864,1023.3619703036513,849.5336945993308,1033.5785876913387,container,0
573.693934020343,732.6805519489479,585.0957967120298,766.4134838745737,554.3423645489877,776.8082640138813,542.9405018573009,743.0753320882555,container,0
783.566097811698,729.597780663599,831.0968858541667,847.0889731967757,801.8961063067211,858.9020804894994,754.3653182642524,741.4108879563228,container,0
834.8232836768557,850.3939711311331,856.331273767433,903.5594983358537,827.9544039850614,915.0392948538248,806.4464138944841,861.8737676491041,container,0
857.2501053239617,904.9381301694092,905.4130199867976,1016.9352947461371,876.9887104572314,1029.1587970052915,828.8257957943955,917.1616324285637,container,0
787.6647608196516,655.4550773506542,858.7811714666109,831.5973602148764,830.889091852138,842.8586232995019,759.7726812051787,666.7163404352797,container,0
776.9544070642935,636.8159836934167,777.2548857465252,642.8095883738562,750.4473238854832,644.1535376817139,750.1468452032515,638.1599330012745,container,0
775.0584753298378,630.3307770596309,773.8078250478949,636.1878389931773,745.8305963411565,630.213900290282,747.0812466230994,624.3568383567357,container,0
780.4937084347539,642.4607234802925,783.728699585056,657.8619695005817,756.6201482957852,663.556049278463,753.385157145483,648.1548032581737,container,0
860.9059801404308,831.3098776542263,936.614981134494,1015.2822132487456,908.7986475600026,1026.7292975043042,833.0896465659393,842.7569619097849,container,0
818.0280401304709,726.774856211873,862.7139764054838,711.6667159492592,871.8773159696383,738.7694831140165,827.1913796946254,753.8776233766303,container,0
829.46157285881,755.1239061137927,874.1475091338227,740.015765851179,884.0010072153615,769.1598418065229,839.3150709403487,784.2679820691366,container,0
841.5839720519994,785.0661712035608,885.4025723920697,770.2512738279097,895.0434161578212,798.7663738114463,851.2248158177508,813.5812711870974,container,0
854.3813802852286,815.535151166608,895.616192589409,799.6301462992215,906.3580910965667,827.4792524407391,865.1232787923863,843.3842573081256,container,0
868.9617521676844,844.1803241269417,909.7810143723905,828.435604367828,920.302841696795,855.714160925108,879.4835794920889,871.4588806842218,container,0
879.8810360031393,872.9365615854912,921.7883768992749,856.7721504074951,932.5366179986895,884.6377001529862,890.6292771025539,900.8021113309823,container,0
892.1224575963295,902.1001468376197,934.0484132141144,885.9285556284341,945.1085915785914,914.6028240560491,903.1826359608065,930.7744152652348,container,0
907.6379900434426,931.5226280439922,946.748812217046,916.4368841718032,956.4660813215926,941.6295685485813,917.3552591479893,956.7153124207704,container,0
918.6896681719479,959.4273525519826,957.0885264819905,942.6117716890515,968.7261485376678,969.1866134399469,930.3272902276252,986.002194302878,container,0
930.0550032167772,987.5294530909904,970.0043711517068,970.0348749577363,981.5300675332643,996.3541312407959,941.5806995983347,1013.84870937405,container,0
804.4993062747102,698.8717958587658,823.6218822165366,691.4137507652309,834.6009935826943,719.5644106553291,815.4784176408679,727.022455748864,container,0
793.0499397171039,670.080655441976,807.0869550553165,664.6060429373892,817.7982712778331,692.0700707534113,803.7612559396206,697.544683257998,container,0
823.3362467038078,686.6219767985872,852.1125803912321,677.302554648929,861.8228286993601,707.2856738826347,833.0464950119358,716.6050960322929,container,0
823.3283749068074,657.6060238858823,840.8649223673269,654.0219133054909,846.0780755430395,679.5291363763978,828.54152808252,683.1132469567892,container,0
810.368080993671,656.1838697536969,820.8312038679596,653.68283282207,826.3396654614647,676.7275587004901,815.8765425871761,679.2285956321169,container,0
783.7980813256494,640.1821909705546,793.5847746261301,637.8428433706947,800.044084585999,664.8654566470474,790.2573912855183,667.2048042469073,container,0
797.9035451155454,646.5340747615638,806.3973104266041,644.5037802704487,811.9133258755734,667.5801078085232,803.4195605645147,669.6104022996383,container,0
849.8021500974621,673.8642583865848,852.730000326105,668.8967713771145,873.6112312793109,681.2042251669556,870.683381050668,686.1717121764258,container,0
884.3668291973448,681.1627772960344,936.4475928865331,816.2468647034655,908.3816370038631,827.0675057137412,856.3008733146748,691.9834183063101,container,0
975.8145600570848,999.7952493276363,980.2901970760959,1008.4845059592238,954.2209478318847,1021.9121789952654,949.7453108128736,1013.2229223636779,container,0
939.2521737295252,817.009479211606,1022.2038625592091,1009.5614351582223,994.5786755460164,1021.4624096547655,911.6269867163325,828.9104537081492,container,0
985.1327999954625,1005.8643296884615,987.5835590669268,1010.4476975211442,962.9919151375151,1023.597022786393,960.5411560660508,1019.0136549537103,container,0
929.7278980753848,712.9195392456816,998.9403905967276,883.4411289737202,971.0690918104975,894.7537261755094,901.8565992891547,724.2321364474708,container,0
1002.071328246943,886.0383782458927,1046.9369591230825,992.3382915092396,1019.7039876233598,1003.8324160993512,974.8383567472205,897.5325028360043,container,0
927.3811109035815,697.1826156043811,925.3824539505067,702.2100792410773,895.197885624652,690.2102714414378,897.1965425777269,685.1828078047416,container,0
926.5057460868467,702.7479868842883,925.1892686167957,708.2552988227665,895.0023712933909,701.0393701336089,896.3188487634418,695.5320581951307,container,0
927.4011813866608,708.8778876206687,927.6860484744716,713.7426653318936,897.3252531353131,715.5205042929484,897.0403860475024,710.6557265817236,container,0
1018.0833579838243,715.1943887924458,1030.5128528756554,754.2339949063271,1001.6583844794354,763.4207286682181,989.2288895876044,724.3811225543368,container,0
1024.1231198473608,758.5162315085561,1036.442207752213,791.7807271839,1016.1836141370048,799.2832427190872,1003.8645262321525,766.0187470437432,container,0
1012.8603267389733,910.2487374640182,1018.0721408431073,907.7458979837501,1026.8686326902123,926.063365259251,1021.6568185860783,928.5662047395191,container,0
1001.9449095760804,880.5371057088505,1020.1856710702059,872.4244898508592,1031.8570332633285,898.6668927703308,1013.616271769203,906.7795086283221,container,0
988.9965848471419,852.9863681683443,1019.2026420948506,840.3600131182452,1030.0983814835927,866.4259146730943,999.8923242358838,879.0522697231934,container,0
977.3453352441725,821.4293173181635,1018.542071891747,807.4655157452958,1028.8702645077308,837.9362889817791,987.6735278601562,851.9000905546468,container,0
965.3081273466967,793.0468488468172,1005.2559620328962,778.6301613835286,1015.4771418379182,806.952478988644,975.5293071517187,821.3691664519325,container,0
952.2022869151632,764.9906139420281,971.981145382508,757.6436091540396,982.0556065624409,784.7650481026595,962.2767480950961,792.112052890648,container,0
957.1073759020334,713.8479702608608,980.0394186580468,710.7713668720759,983.5612169160162,737.0217534263531,960.6291741600028,740.0983568151381,container,0
976.825621029103,754.5200465324681,992.5863309881169,747.902523204748,1004.1042316527386,775.3342801811721,988.3435216937247,781.9518035088921,container,0
929.9167902223516,710.273194840081,939.476609428083,706.448582225885,948.4549052593308,728.8903021019637,938.8950860535994,732.7149147161597,container,0
943.0812335812307,709.9348814377386,950.9609771672151,706.9754162068164,960.1270539488726,731.380614137254,952.2473103628881,734.3400793681762,container,0
939.0881569011337,731.8303191172179,958.754395895382,724.1437114374895,971.416661417238,756.5402054875474,951.7504224229897,764.2268131672757,container,0
980.8231133809654,718.5548813418179,986.7940888071555,717.3081224336848,992.5419135570942,744.8355939536777,986.5709381309041,746.0823528618108,container,0
965.0477793942174,742.7734958339996,970.7540614945701,740.559137828462,982.3000489606715,770.3125297569335,976.5937668603187,772.5268877624711,container,0
