29.401369756694336,31.651320744263842,46.42102554131801,21.915375216797543,57.54103070576831,41.35454110862179,40.521374921144634,51.09048663608809,container,0
48.164227646070856,20.497709673964657,60.35613627373669,13.523434766358143,65.10705249455086,21.82863311732767,52.915143866885025,28.802908024934183,container,0
65.39686764938116,10.496515033884664,74.21845979326008,5.450200251424526,79.2757816940568,14.291034220839615,70.45418955017789,19.337349003299753,container,0
38.40966448690055,53.64244762995081,93.26143648251522,22.26497025953441,104.29454119048474,41.552223237234685,49.44276919487007,72.92970060765109,container,0
92.1700424624568,53.51547585253053,104.86884644135895,46.128867936990034,116.04111237783688,65.33584585563831,103.34230839893473,72.7224537711788,container,0
57.542583715730295,74.23784785687405,69.81162981406663,67.10122040938609,80.98389575054455,86.30819832803436,68.71484965220822,93.44482577552233,container,0
31.306590435967237,84.22669194343935,44.42087963985203,76.28971365174401,75.07086669288161,126.93276438672312,61.956577488996814,134.86974267841845,container,0
63.71081380547226,135.9848071906967,72.07986242702678,130.92366625205483,77.21947838027344,139.42248031993205,68.85042975871893,144.48362125857392,container,0
69.88127679192128,146.49224712629567,79.96026952792263,140.66846828438074,90.15802687660236,158.31733940927583,80.07903414060101,164.14111825119076,container,0
78.10350723782317,163.95002450194883,144.77991374754566,125.42349157775755,156.9883298276829,146.5521333634276,90.31192331796036,185.0786662876189,container,0
79.47295461052147,125.48037528038243,134.2492629746396,93.82988062830293,146.4576790547768,114.958522413973,91.68137069065868,146.6090170660525,container,0
90.32843474888351,99.85965547181243,127.04080538523853,78.64674928676777,132.52845569337487,88.14401714236428,95.81608505701983,109.35692332740894,container,0
0.5741107530716931,157.20758888741238,26.459405949268895,142.25071388720846,37.06930597701999,160.6128646852016,11.184010780822785,175.56973968540552,container,0
-2.0370128510413608,185.3839802572527,38.198284847828745,162.13547898590534,48.99910663134648,180.8280508115081,8.763808932476373,204.07655208285544,container,0
-0.5557214760779061,210.9199109551388,50.65059532274615,181.3322058980464,62.893704780434476,202.5208901938833,11.68738798161042,232.1085952509757,container,0
132.15888996950625,24.99116488169858,146.08486616617424,16.966092411202897,163.65433700559063,47.454543898377096,149.72836080892264,55.47961636887278,container,0
158.60405536266705,15.360417722783806,171.20942435771005,8.096366838741412,181.93161341831433,26.70267228746045,169.32624442327133,33.96672317150285,container,0
198.04627091701047,56.22614556185735,235.94630300618005,34.38562969034014,247.75131095239067,54.87095991817435,209.8512788632211,76.71147578969156,container,0
197.06334604897182,94.1430984806355,245.84103580297173,66.03415375093935,257.70531050420146,86.62233008049841,208.92762075020156,114.73127481019456,container,0
151.07608472429314,56.36470869956136,155.87895670186757,53.54685222745991,166.7361190311575,72.0522520672306,161.93324705358307,74.87010853933205,container,0
160.39924486885138,50.23085651941548,165.2021168464258,47.41300004731403,170.822010742371,56.99178135750874,166.01913876479657,59.809637829610196,container,0
172.1574919077454,70.578801737264,176.96036388531982,67.76094526516253,182.580257781265,77.33972657535725,177.77738580369058,80.15758304745871,container,0
173.44486530099545,51.23443821181686,181.77839842486864,46.34513440396534,187.39829232081382,55.92391571416005,179.06475919694063,60.81321952201157,container,0
199.73596290629195,35.299230038554576,226.39442337340148,19.65864754660918,232.0143172693467,29.237428856803895,205.35585680223716,44.87801134874929,container,0
180.04675887638032,106.25974523679601,189.83010308265074,100.62193247951804,201.69437778388047,121.21010880907711,191.91103357761006,126.84792156635508,container,0
248.53088565604347,98.05930675874001,254.0679543531267,107.9000194762352,233.35905110238835,119.55228727760391,227.8219824053051,109.71157456010872,container,0
298.72257872850327,35.40993544930975,366.05399063363154,-3.036037935215788,377.7385900416253,17.427498462140896,310.407178136497,55.87347184666643,container,0
286.26481602325003,13.902299097896687,327.44120686138854,-9.609259347728592,339.1258062693823,10.854277049628088,297.9494154312438,34.365835495253364,container,0
362.25033161245005,31.501670023617063,368.5162954893664,42.340184981129724,324.370701169967,67.86164252533212,318.1047372930506,57.02312756781946,container,0
-4.048166235164437,117.7095996458364,9.569493804342146,110.56623713444762,20.36295943843159,131.14222574188446,6.745299398925008,138.28558825327326,container,0
86.0012327391401,315.7000929436626,113.29796921977506,298.9595224280165,136.9289685074765,337.49161186472855,109.63223202684155,354.23218238037464,container,0
110.31403220002683,355.62093719686743,128.29865827397117,344.8055685740143,163.73035058555217,403.7241093664527,145.74572451160782,414.53947798930585,container,0
159.19417358594427,437.4296369833095,186.0586019275387,421.27424436285867,209.6712410866362,460.53915531540974,182.80681274504178,476.69454793586056,container,0
146.373088628761,416.3381390139356,159.60350774187285,408.26301791877825,164.8523191780997,416.8627620376152,151.62190006498784,424.9378831327725,container,0
152.68547456615553,426.6261244822984,161.40948789604133,421.3014659456102,166.65829933226817,429.9012100644472,157.93428600238238,435.2258686011354,container,0
152.84722861587483,386.3878973401571,157.32957470175714,383.6662262188763,175.02369666369162,412.8068441646175,170.5413505778093,415.52851528589827,container,0
182.93293295159145,478.28661596747423,196.85348342718729,470.2642843223999,207.76373646938265,489.1960282211522,193.84318599378682,497.21835986622654,container,0
201.47500767997465,467.6103361031413,206.2672323762667,464.69941086297547,210.53958290769717,471.7329352714454,205.74735821140513,474.64386051161125,container,0
207.8387718782194,520.9268531589508,236.71882936081107,504.6722774655587,257.41372644313174,541.4416049833914,228.53366896054007,557.6961806767836,container,0
230.6272016574506,559.7789079035302,253.86851823931048,546.240344516364,288.77835605360264,606.1691988017791,265.5370394717428,619.7077621889454,container,0
255.75371199374385,546.0435567471825,260.5927846900016,543.2669795362821,305.0314129781525,620.7154841066292,300.19234028189476,623.4920613175296,container,0
280.55118348458564,639.1098980332005,308.94424582208586,622.8100040766539,379.729661843706,746.1123234074215,351.3365995062058,762.4122173639681,container,0
271.8112198401261,618.3420399210007,277.1225848278446,615.4097955797606,282.009032610601,624.2609364286403,276.69766762288253,627.1931807698804,container,0
282.66981923426425,623.939500088808,287.98118422198274,621.0072557475679,292.86763200473916,629.8583965964476,287.5562670170207,632.7906409376877,container,0
282.4671602310344,611.7308560882074,287.7785252187529,608.7986117469673,292.66497300150934,617.649752595847,287.35360801379085,620.5819969370871,container,0
46.920015925647064,706.8177546398791,54.82525181129772,702.1403841984701,60.67901475515414,712.0338440964048,52.77377886950349,716.7112145378138,container,0
58.34653127037289,717.1618813116021,66.25176715602355,712.484510870193,72.10553009987997,722.3779707681277,64.20029421422932,727.0553412095368,container,0
62.680159493045274,731.7092419016737,82.9924051333352,719.6908911869294,94.90943834640495,739.8318998554817,74.59719270611502,751.850250570226,container,0
95.64111719111528,770.2324992279886,106.72726042954211,763.5551198234036,132.67553097753895,806.6358295831373,121.58938773911213,813.3132089877222,container,0
88.87208364695698,757.1824524091691,93.45241309929531,754.54095413198,98.72109470749123,763.6767910747523,94.1407652551529,766.3182893519413,container,0
130.64465190626342,813.667220599152,135.22498135860175,811.0257223219629,146.58603311621047,830.7256632321237,142.00570366387214,833.3671615093127,container,0
100.28333449347673,796.1457054874168,104.84754684152452,793.593287841703,124.0021768410451,827.8454404676309,119.43796449299731,830.3978581133446,container,0
78.3707909176024,759.7230847238137,82.95112036994074,757.0815864466247,94.31217212754943,776.7815273567854,89.7318426752111,779.4230256339745,container,0
91.50242297345015,782.4056683314334,96.08275242578848,779.7641700542443,101.3514340339844,788.9000069970166,96.77110458164607,791.5415052742056,container,0
143.43311192051323,850.9198849369949,154.51925515894007,844.24250553241,180.4675257069369,887.3232152921436,169.38138246851005,894.0005946967285,container,0
51.188162982908764,875.5334606936626,55.742935695041616,873.0433332382601,67.1332977209311,893.8778130253395,62.578525008798245,896.367940480742,container,0
60.37634924861859,870.5522821115409,64.93112196075144,868.0621546561383,72.25840182077053,881.464719367502,67.70362910863768,883.9548468229045,container,0
2.4305518341798518,901.7585056726118,19.173270030674626,891.5507861786451,69.70121485726207,974.4268038611067,52.958496660767295,984.6345233550734,container,0
60.90174829469657,996.6492996620032,66.07240493357646,993.822463972785,76.05077528466354,1012.0742240937705,70.88011864578364,1014.9010597829886,container,0
170.58077492897328,905.8646956408596,182.96974778405956,898.4025990029802,207.95905724854285,939.8911901653179,195.57008439345657,947.3532868031973,container,0
177.56543807402252,891.8567493163781,180.26783840804652,896.187113350821,169.28926247846832,903.0383865978787,166.58686214444432,898.7080225634357,container,0
224.24596227671873,911.2199646022935,246.46269613344995,897.8384343530837,258.5258960953624,917.8664055957721,236.30916223863116,931.247935844982,container,0
243.22191491016588,941.7155368622209,265.4386487668971,928.3340066130111,277.5018487288095,948.3619778556995,255.28511487207828,961.7435081049093,container,0
255.28654017590884,893.1140251361636,282.1161781145124,876.9540614814704,294.1793780764249,896.9820327241588,267.3497401378213,913.141996378852,container,0
272.7531953692456,923.6095973960911,300.00645969649366,907.1944761034405,312.0696596584061,927.2224473461289,284.81639533115805,943.6375686387795,container,0
291.8051545757103,954.3611472740962,306.05347845781785,945.7791307518434,318.1166784197303,965.8071019945318,303.86835453762274,974.3891185167846,container,0
310.3628375742887,984.3447642978684,333.0997329244696,970.6499316161788,349.4328047452272,997.7669730118051,326.6959093950463,1011.4618056934947,container,0
96.06335443578223,665.0281410557403,136.54694384562063,642.1885208921441,148.0461166439869,662.5709872723793,107.56252723414849,685.4106074359755,container,0
111.80222961497327,684.2818471428607,152.85203845777846,661.122783052312,163.52747372323296,680.0451615753495,122.47766488042778,703.2042256658982,container,0
128.16065038345022,702.8133711304836,161.30669429837678,684.1133728354008,171.98212956383128,703.0357513584383,138.8360856489047,721.7357496535211,container,0
150.2659965604305,717.7403875843553,174.4222994422681,704.1121300503562,218.95732971299861,783.0511783760659,194.801026831161,796.679435910065,container,0
202.1158149863167,795.0122824559919,225.09509957787668,782.0480631426011,230.35436014851217,791.3701860157441,207.3750755569522,804.3344053291349,container,0
204.4769536907347,808.0052197440048,234.20180942196663,791.235352639433,264.4595941404227,844.8677565156445,234.7347384091908,861.6376236202162,container,0
164.80504377852907,794.6545613787088,184.07272737726623,783.6336676589797,194.8326521145845,802.4451026167218,175.56496851584734,813.4659963364509,container,0
182.20194268161862,813.8141210764062,196.40868441381375,805.435990767958,219.18938290249764,844.0650748228326,204.98264117030251,852.4432051312808,container,0
211.30069931675223,852.680180498437,220.41288808997086,847.3064567849837,226.2026955113276,857.1241960282393,217.09050673810896,862.4979197416927,container,0
305.97679538582724,862.4385569988801,332.57636526917605,846.4171673875463,380.2934313643756,925.6395984636711,353.6938614810268,941.6609880750049,container,0
354.2704974998155,943.6889573029567,376.30360280130657,930.5339119129296,412.2485383004887,990.7373186992858,390.21543299899764,1003.8923640893129,container,0
401.63228855954844,999.3364724012288,418.8054327114228,989.0831064904283,431.0322370110397,1009.5615205625236,413.85909285916534,1019.814886473324,container,0
391.1204533761561,1005.7717403294288,400.07157158605565,1000.4274021287323,407.07171309517923,1012.1517900288139,398.1205948852797,1017.4961282295104,container,0
178.03468105501736,644.9645108250609,205.25778349578744,629.6060574743124,233.0149129562459,678.806010197869,205.79181051547582,694.1644635486175,container,0
208.6097878903947,695.4064165448319,229.49125045943427,683.6257251464226,257.7265929537078,733.6733180659517,236.84513038466824,745.454009464361,container,0
238.91626906312243,747.4208461492165,265.96083047749664,731.7501380052964,300.9220106019888,792.0862615749686,273.8774491876146,807.7569697188886,container,0
275.9235217184519,809.0959338777069,292.0996642020495,799.7228254042157,304.78286281065635,821.6115327013557,288.6067203270588,830.984641174847,container,0
298.5891727702672,797.606598817674,303.01604746840513,795.0817893878707,314.3244721488682,814.9094161793469,309.8975974507303,817.4342256091502,container,0
382.47925561467866,814.6511461898871,386.84618089145147,812.167047187712,405.7451302357591,845.3904813277535,401.3782049589863,847.8745803299286,container,0
403.12127789473334,805.4085051598526,411.44401518950747,800.6741664434841,427.8178784250939,829.4586219661086,419.4951411303198,834.1929606824771,container,0
408.3127002969276,842.5917331638129,429.26520392216247,830.673028342974,434.3378057976204,839.5904158261405,413.3853021723855,851.5091206469795,container,0
401.1440579835178,832.8960141940278,405.373699337217,830.5862077204878,409.5271924322937,838.1919471443265,405.29755107859455,840.5017536178665,container,0
408.3038446284788,856.3195251921336,437.0046748671526,839.9932316929755,465.4441987404972,889.9885320224512,436.74336850182345,906.3148255216092,container,0
437.91655330852353,908.0400207203585,465.0902057925119,892.5824530399673,470.001884600501,901.2169455940951,442.82823211651265,916.6745132744863,container,0
446.4864089475287,916.5940324042938,471.6539491829153,902.2776295296089,482.07770226599297,920.6020806796935,456.91016203060633,934.9184835543783,container,0
461.1364060251661,935.8221482544159,478.82264888546285,925.1927730318706,502.09501583857394,963.915720077116,484.40877297827717,974.5450952996613,container,0
483.7645993649224,977.2358835204132,502.9094582668601,965.7298847360016,514.6941910629047,985.3385298266805,495.5493321609669,996.8445286110921,container,0
498.3975612118208,997.0643121410532,515.9863490784011,986.4935070571012,526.5622307918048,1004.0907419395704,508.97344292522445,1014.6615470235224,container,0
480.623130769249,924.3056353220153,485.2376780883163,921.5637962851104,495.436446132366,938.7284427512228,490.8218988132987,941.4702817881277,container,0
524.6434549951643,1010.6095581102817,532.8121991576148,1005.7001690735303,543.3880808710185,1023.2974039559996,535.219336708568,1028.206792992751,container,0
138.16979756957335,284.5214636773027,165.46079795914784,268.432698439668,189.14360509556337,308.60529647561,161.85260470598888,324.69406171324465,container,0
162.0455920959484,327.0266672955878,178.59834565056613,317.12066617136924,212.63990772540632,374.0035173413969,196.08715417078858,383.90951846561546,container,0
191.8912631953371,334.41291974507163,199.3407565028612,329.9547678831655,222.41931645672463,368.51863543389794,214.96982314920052,372.97678729580406,container,0
184.4018247361463,323.1017952303378,188.15317297111986,320.81827816598036,192.38780786235725,327.77491114803803,188.6364596273837,330.0584282123955,container,0
208.89190505762815,405.70495163239616,236.8353333401104,388.9821972539521,260.8545514558476,429.11788803964964,232.91112317336538,445.8406424180937,container,0
196.8243576330441,386.1825597236998,218.8904572553515,372.92774489646735,229.9398849041852,391.322401815228,207.8737852818778,404.5772166424604,container,0
220.39326379048435,372.6184276801966,224.14461202545792,370.33491061583914,228.3792469166953,377.2915435978968,224.62789868172175,379.57506066225426,container,0
244.291562001706,441.3082496078888,260.8450093753271,431.4018332674463,283.27831555096253,468.88749310981495,266.7248681773415,478.79390945025744,container,0
258.3262968813477,488.2352526961252,279.6793141976335,475.4565320535058,327.35361391661496,555.1194479205311,306.0005966003291,567.8981685631505,container,0
249.18249709952866,468.8898134939373,253.48948410904617,466.1744885376586,264.1108460615727,483.0218525509917,259.80385905205515,485.7371775072704,container,0
280.86075693582916,475.75163529489174,285.16774394534673,473.036310338613,295.78910589787324,489.8836743519461,291.48211888835567,492.59899930822485,container,0
308.33425031712477,569.1653944017984,333.1029177350233,554.3425767674084,338.082437011861,562.6632658503571,313.31376959396243,577.486083484747,container,0
305.5757525710177,515.3848491139604,309.91989945479634,512.7293803096813,320.30712594813826,529.7221002126382,315.9629790643596,532.3775690169173,container,0
315.11691460913437,579.8755262513087,335.45734141404864,567.7027907525459,340.4368606908863,576.0234798354945,320.09643388597203,588.1962153342573,container,0
319.9224623281389,590.0986359076496,346.0028534403814,574.490816771971,357.3011695704793,593.3701041997147,331.22077845823685,608.9779233353933,container,0
342.4100346477409,617.5724183576729,363.1492747624769,605.2073496621322,429.21369178788393,716.0135118813594,408.4744516731479,728.3785805769,container,0
339.33121098060855,623.8590874596282,343.6850550061688,621.253527987631,371.1353452584553,667.1224799341378,366.78150123289504,669.728039406135,container,0
410.6996339096601,730.0182208829982,431.8339501262839,717.3703819895677,444.75005112800153,738.9529594683128,423.61573491137773,751.6007983617433,container,0
442.3991385226811,717.7290430774309,470.9164116959183,701.0330603961102,497.51200584947225,746.4591870373398,468.994732676235,763.1551697186605,container,0
450.8518584310068,785.6633373122465,467.644718453488,775.8316364198796,478.81542235779636,794.9115564735168,462.0225623353152,804.7432573658838,container,0
476.5094244855876,770.3250141217956,503.51033915123554,754.5168125136366,514.6874674888211,773.6077057050785,487.68655282317314,789.4159073132374,container,0
171.5729822165757,264.82036100364985,191.23171537280282,253.2310187990794,214.17114206967713,292.1426377875016,194.51240891345,303.73197999207207,container,0
210.5370241439538,274.4513215137638,215.2201628686512,271.6921856968832,222.3959421599208,283.8717854372178,217.7128034352234,286.6309212540984,container,0
196.77648205508132,303.55358479295575,218.71595656199844,290.47067901395826,334.5392757400172,484.70144099743123,312.5998012331001,497.7843467764287,container,0
324.02122266676605,494.36070724173277,342.6411808230718,483.28119531959493,352.74758976055756,500.2657802768526,334.1276316042518,511.3452921989904,container,0
347.32316908698283,512.1886993811905,356.3329805094922,506.82755344123035,362.7069374093152,517.5394703197763,353.6971259868058,522.9006162597366,container,0
342.8521844541599,547.9204872161251,369.93940869651146,531.8026623847563,381.21728213202596,550.7559820740296,354.1300578896744,566.8738069053984,container,0
358.0395203846016,573.0227219898177,385.12674462695315,556.9048971584489,396.40461806246765,575.8582168477221,369.3173938201161,591.9760416790909,container,0
375.8687622510754,595.4830247115037,399.7854058612931,581.2518037929331,411.06327929680765,600.2051234822063,387.14663568658995,614.436344400777,container,0
396.5580577746256,616.1820393985187,410.6255113777119,607.8114233852527,421.7367237296885,626.4846565126296,407.66927012660216,634.8552725258955,container,0
402.0110939222264,645.3613541683468,424.97435713660707,631.697427191757,437.24555629381797,652.3201059199074,414.2822930794373,665.9840328964972,container,0
329.89891438656696,523.3815463025692,333.7007916413386,521.1946774908737,339.0174565044855,530.4377135186135,335.21557924971387,532.624582330309,container,0
339.14386374309134,530.0252634356871,342.94574099786297,527.8383946239916,348.2624058610099,537.0814306517314,344.46052860623826,539.2682994634268,container,0
339.28891487550476,518.1754562047596,343.09079213027644,515.9885873930641,346.815552311369,522.464092890349,343.0136750565973,524.6509617020445,container,0
223.78934431243368,233.18342305995785,250.27735899294197,217.42262157683908,273.0805452112041,255.74625200633474,246.5925305306958,271.50705348945354,container,0
248.2421281883212,273.18987723929274,270.08637583668417,260.1921930078928,305.8137223399615,320.23650482084463,283.9694746915985,333.2341890522446,container,0
295.0297475831504,328.68324824344444,309.4245369611216,319.692972106781,320.66955500243773,337.6979436777996,306.27476562446657,346.6882198144631,container,0
274.7553277219681,265.093955014841,278.98907601300556,262.44976445184454,296.56795482078815,290.5962033478608,292.3342065297507,293.2403939108573,container,0
296.2309212488891,355.3377506406157,318.0377289933811,342.2236148076387,353.0926890820915,400.51466691212295,331.2858813375995,413.62880274509996,container,0
324.6750894704392,351.61794459995025,328.6033544886926,349.2555721866694,357.8239620966462,397.8449859611973,353.8956970783928,400.2073583744782,container,0
334.0364427856917,415.29257649919515,360.05292791069786,399.6468330312117,371.90609587756325,419.3568435350398,345.8896107525571,435.0025870030232,container,0
345.6384508276823,437.2746327123734,372.53132917875547,421.10184558241025,385.52659316402855,442.71098757430315,358.63371481295536,458.8837747042663,container,0
362.48160728306226,466.9172174019426,390.0531692109858,450.3362848561666,481.771422811625,602.8497518815929,454.19986088370143,619.4306844273689,container,0
460.57917856332864,617.1737474786272,481.8834620395315,604.4947828631153,543.6047164913798,708.2041267428434,522.300433015177,720.8830913583553,container,0
467.3412497536659,640.1480869648782,471.06485819410216,637.9041919147164,493.8226152741937,675.6693165994558,490.09900683375747,677.9132116496176,container,0
504.80132559302467,703.823224931251,508.9347613979678,701.2688353139172,520.8918230178355,720.6173897733028,516.7583872128923,723.1717793906366,container,0
535.0750477853853,753.1292692579669,562.0859055856758,737.9704255992812,584.9534953936752,778.717149455446,557.9426375933847,793.8759931141318,container,0
571.7051653930109,814.6287967725747,599.9931871839284,798.7531921208259,623.0071718030383,839.7607702686927,594.7191500121208,855.6363749204414,container,0
602.0823603808016,853.6322065027613,623.5415202575398,841.5890477099769,656.832012538404,900.9078699992261,635.3728526616658,912.9510287920106,container,0
605.1522201561778,874.1478751264234,609.3881428877246,871.6622977035443,618.2569980854868,886.7766067527001,614.02107535394,889.2621841755793,container,0
628.1422043992666,911.7085557569932,631.8931331660717,909.5075656897844,635.1860578125325,915.1193701078731,631.4351290457273,917.3203601750819,container,0
632.9961145928107,918.7627471115203,643.0950018866089,912.6630031904773,654.0680845152881,930.83031089503,643.9691972214899,936.930054816073,container,0
645.1828501294515,939.3155389951447,665.2241886220096,927.2105388022402,694.0024479364365,974.8565385507665,673.9611094438784,986.961538743671,container,0
679.9736521755107,987.9751446669906,700.586312753322,975.5250650296781,723.1223784080299,1012.8363341646638,702.5097178302186,1025.286413801976,container,0
672.4010123418265,934.2434011888522,677.1004045528821,931.5496885912247,683.4172359046694,942.5698947109447,678.7178436936138,945.2636073085722,container,0
455.4768950912583,816.7884924890494,481.2242263735281,801.7142252346882,491.74438590806875,819.6829946685579,465.99705462579897,834.757261922919,container,0
471.14042681247344,840.4538364441565,496.8877580947432,825.3795691897953,507.4079176292839,843.348338623665,481.6605863470141,858.4226058780262,container,0
484.91545100243064,864.9285487705547,506.83896806925384,852.0930066400808,518.0926890899586,871.3147225874679,496.1691720231354,884.1502647179418,container,0
498.51716554459296,889.5484501950189,510.7739288687159,882.372493821299,521.8402475561574,901.2741205811865,509.58348423203444,908.4500769549063,container,0
518.2829580817577,891.4689458870796,527.1367135506188,886.2853455100463,532.6302825885866,895.6685373797311,523.7765271197255,900.8521377567644,container,0
514.4527524792979,913.3300408040267,536.1163752775586,900.6466587409104,547.7120385639919,920.4524230301878,526.0484157657312,933.135805093304,container,0
527.6204665485064,938.9799760401635,551.735183168575,924.8615542468951,562.9253704957733,943.9747526108605,538.8106538757048,958.0931744041288,container,0
541.9605236327425,963.6841314164978,570.4643011104805,946.9960500480747,581.3566613136925,965.6005501452037,552.8528838359545,982.2886315136268,container,0
557.1341068119922,990.3908266796534,584.4883943091571,974.3757361926309,602.514736180918,1005.1653054730482,575.1604486837531,1021.1803959600707,container,0
598.0740210999261,1015.8116103938629,605.4974195618589,1011.4654398675277,615.227645910029,1028.084978118405,607.8042474480961,1032.4311486447402,container,0
490.42971157289884,795.1995455071315,516.9723763709022,779.6596350433408,528.3261344744875,799.0522175323631,501.7834696764842,814.5921279961537,container,0
505.1062578933453,820.1090360838929,532.5097921250976,804.0651131547646,543.9582772518248,823.6194924333132,516.5547430200725,839.6634153624415,container,0
520.1523469435044,843.9581175415589,546.6888129886332,828.4218362561267,558.1372981153604,847.9762155346751,531.6008320702316,863.5124968201073,container,0
534.0328243281552,869.6408798387664,561.0940827635577,853.7973488171455,572.0162897445774,872.4528281667286,544.955031309175,888.2963591883496,container,0
548.2298907287985,893.1160089971628,572.1781944248386,879.0950168312171,583.6930269217611,898.7627195430908,559.744723225721,912.7837117090365,container,0
562.8755941282714,918.0573799906734,590.0422432476772,902.1521459785805,601.3857450642308,921.5272104008553,574.219095944825,937.4324444129483,container,0
578.1640201649386,942.9648406066315,600.6536385773147,929.7978636224882,611.9971403938684,949.172928044763,589.5075219814923,962.3399050289063,container,0
593.4500542130812,969.2212485080753,621.2293501563399,952.9573287023347,639.4753754804959,984.1221243556566,611.6960795372372,1000.3860441613972,container,0
621.6130905276178,1002.9077618227537,626.2449473431357,1000.1238210081524,633.0216448657251,1011.3987347714339,628.3897880502072,1014.1826755860352,container,0
638.3407091153631,992.8920791006052,642.9725659308809,990.108138286004,649.1776364114048,1000.4319920997208,644.545779595887,1003.215932914322,container,0
259.146506308203,211.91278266442802,287.2840546688067,195.3985830798875,358.83362369323083,317.30757711249754,330.6960753326272,333.82177669703805,container,0
332.7924239688709,333.86143008562175,354.6948741962742,321.00666996898576,389.53975616542795,380.37676214374784,367.6373059380246,393.2315222603838,container,0
369.96107883561524,394.77168722906947,396.17742395251156,378.8770143174745,420.9713397598508,419.77158680850744,394.7549946429545,435.6662597201024,container,0
382.9565938390509,364.6993076595236,386.8654467111322,362.4665259569671,395.20235974411696,377.0616681582678,391.29350687203566,379.29444986082433,container,0
393.8686866502775,437.516988801817,415.9162264479187,424.2245874944196,487.625857796725,543.1662982112881,465.57831799908377,556.4586995186854,container,0
428.9511653406723,442.5819242761847,432.66789756845895,440.341116604339,468.51313576487183,499.7960862080275,464.79640353708515,502.03689387987316,container,0
468.73038714488155,557.2179704317816,488.0882139265298,545.3521507485458,499.339487397836,563.7074105405188,479.98166061618775,575.5732302237546,container,0
478.08689740176635,579.0018929077207,499.4696149689232,566.1440389928647,573.5466597371286,689.3347780522065,552.1639421699717,702.1926319670625,container,0
501.12972011464115,565.0614821442161,504.84197390263563,562.916887244259,514.452150368404,579.5519235343563,510.7398965804095,581.6965184343135,container,0
537.454396774279,625.5261192289543,542.1215970719883,622.7926660616902,567.327786308197,665.8306574625447,562.6605860104877,668.5641106298087,container,0
558.0869596617042,712.2957373672937,580.0528298542517,699.6515014541188,649.8411044208647,820.8893675156651,627.8752342283171,833.5336034288399,container,0
593.5878824670596,719.6081591440025,597.8990704658613,716.9877533602621,604.3481481390269,727.5980132064319,600.0369601402251,730.2184189901723,container,0
610.0538156169825,748.1602205401649,615.0198620161887,745.2901882504763,633.8873906758738,777.9368672090992,628.9213442766677,780.8068994987879,container,0
629.9000034622653,834.8271620780604,652.2275729027048,821.9233669676136,663.308320457765,841.0964984665236,640.9807510173256,854.0002935769704,container,0
643.2115024016007,854.7678453297868,664.9641972405361,842.1962880874966,699.7504542361617,902.3873064658031,677.9977593972262,914.9588637080934,container,0
667.4067614525476,841.5798301443799,671.7520735168104,839.0730064953852,683.2491204867728,859.0019141080161,678.90380842251,861.5087377570107,container,0
683.9121009237498,914.8079178246961,697.4681189177446,906.867382622872,703.4248713985777,917.036702670392,689.8688534045829,924.977237872216,container,0
687.3628830986745,928.6484464127873,713.3264676088735,913.4400897360628,736.6596558457186,953.2743215046319,710.6960713355196,968.4826781813564,container,0
714.752890323844,967.8631096269557,727.5675251318587,960.3568449674784,762.442613533,1019.8953161021986,749.6279787249853,1027.4015807616759,container,0
752.6934391648924,999.1444417098566,756.1366540640546,997.1275537766629,773.226172927712,1026.3026432808613,769.7829580285498,1028.3195312140547,container,0
734.0554461057391,956.8602372796164,738.3014996795681,954.4231606925867,745.895811320564,967.6545274274839,741.649757746735,970.0916040145136,container,0
311.61680976268866,181.57504831207532,336.90551433929494,166.6508839540374,420.5988334583388,308.46757609581346,395.3101288817325,323.3917404538514,container,0
397.03532902886593,323.96149021611706,419.1997049701122,310.8811527698685,430.70201042935355,330.3715843766458,408.5376344881073,343.45192182289435,container,0
414.3803193233675,340.4977055468906,435.35941680818746,328.11686183865305,470.5460701861742,387.7399577097531,449.5669727013542,400.12080141799066,container,0
422.29767940127795,366.45242515527235,427.54804591366474,363.43002209288977,449.0485621016328,400.77963690678865,443.798195589246,403.80203996917123,container,0
444.61676683641707,405.46497093449113,465.8233575786182,392.83842507003305,623.8197820660539,658.1972610338336,602.6131913238528,670.8238068982917,container,0
497.7218692571938,441.648648124363,502.02613172351516,439.2102164934462,527.1836057872894,483.6176011366012,522.879343320968,486.056032767518,container,0
479.3086507699594,412.8704244325654,482.8652868854478,410.6858671448191,493.4445264740051,427.9097256383103,489.8878903585167,430.0942829260566,container,0
527.7508824234046,494.2230664873503,532.0056007367095,491.69918133305634,628.9283980755827,655.0898174374197,624.6736797622777,657.6137025917136,container,0
610.0844880591011,682.1376930493384,635.2116356571827,666.5540556192537,653.3728029904449,695.8372274193987,628.2456553923633,711.4208648494833,container,0
634.5549061097546,722.2936664656269,658.9401493702119,707.6388649648143,756.0216064977011,869.1801146366168,731.6363632372438,883.8349161374294,container,0
633.8268235483043,710.3235243771974,654.9213467391512,698.0563459161294,659.3259526455298,705.6304642623752,638.2314294546829,717.8976427234431,container,0
731.1067807717958,886.0837788448817,752.5963007083682,873.462089024196,782.778877813245,924.8505403050518,761.2893578766726,937.4722301257376,container,0
754.7804742504285,873.0601105167638,758.4725535126486,870.9409550935819,763.3870994407315,879.5032780387575,759.6950201785114,881.6224334619393,container,0
773.1244329727294,905.0206516946173,776.8165122349495,902.9014962714355,783.8193929697736,915.1022015401522,780.1273137075535,917.2213569633341,container,0
766.8708389831565,937.1266224986779,788.4920143228841,924.4618632776462,810.9186585575189,962.7484503983472,789.2974832177914,975.4132096193789,container,0
790.3665322917485,977.912579743661,807.6751208317733,967.7739493097947,830.1017650664081,1006.0605364304957,812.7931765263834,1016.199166864362,container,0
823.6014318336045,1012.5550741547805,835.938806699851,1005.3283679445257,848.7778965755331,1027.247159179313,836.4405217092865,1034.473865389568,container,0
821.3647409364688,987.3496141071063,825.5256377949783,984.8514218498192,836.0688383070782,1002.4117876549204,831.9079414485687,1004.9099799122075,container,0
349.0805972478954,159.31305388553648,378.17561848321685,142.237692625112,473.3460962730529,304.40041527793454,444.2510750377315,321.475776538359,container,0
449.9645238084585,319.70649983132176,473.4221476660145,305.9210061265829,490.9757034842119,335.79042673386533,467.51807962665595,349.5759204386042,container,0
464.0923285297669,352.5442589846275,491.9348281985961,336.18187691901164,667.8433307974998,635.5106913736237,640.0008311286705,651.8730734392395,container,0
647.3575867323259,659.3837352720068,674.4782149855746,643.9278409591482,685.7615887827574,663.7269014341705,658.6409605295087,679.1827957470291,container,0
658.3474343843237,681.0712147012962,681.760991888451,667.4771939268056,740.9788124261157,769.4705533182737,717.5652549219884,783.0645740927642,container,0
720.7034624826671,784.0034207129172,743.0078878868997,771.4413689088774,763.8300616224993,808.4119711707069,741.5256362182668,820.9740229747467,container,0
742.468245860872,823.8419809984291,770.5839797092375,807.1294031948798,812.9092174763391,878.3335665571528,784.7934836279736,895.0461443607021,container,0
786.2482571930875,896.1188384570916,814.3112811385755,879.4375925176726,886.2462670278519,1000.4545260764984,858.1832430823639,1017.1357720159174,container,0
867.6114870596593,1013.3088471408703,887.1579340209076,1001.195382917812,900.0223393703172,1021.9535584669325,880.4758924090689,1034.0670226899908,container,0
901.4071473721752,968.4701786595557,921.1845786797168,956.7376250088075,933.6444599463504,977.7411041478316,913.8670286388088,989.4736577985798,container,0
899.3035351280134,941.5574939185911,906.7094426257512,937.1640918787341,912.0662131640338,946.1939386201033,904.660305666296,950.5873406599603,container,0
405.5529692805261,124.9320361993928,426.73684829031515,112.01660351083001,451.1124698831927,151.99747221755084,429.92859087340366,164.91290490611362,container,0
436.1861719660352,188.69258993315458,462.1392205069799,173.23307722693627,474.5778293474026,194.1147068844782,448.6247808064579,209.57421959069652,container,0
450.7985321183377,210.3255433368237,472.41445172663055,197.4495382958824,483.5965128730429,216.2217066840827,461.98059326475004,229.097711725024,container,0
461.53382262632493,231.2976392705411,489.8511126603173,214.4298133426727,525.0113228346567,273.4559067716982,496.69403280066433,290.32373269956656,container,0
509.15518015455797,310.67445525967537,537.4724701885503,293.806629331807,640.9084116950071,467.4523361408974,612.5911216610147,484.32016206876574,container,0
616.5020575828462,483.8574655295284,635.9632266653664,472.6748500972308,657.86933044693,510.7981667947676,638.4081613644098,521.9807822270652,container,0
644.9531430514842,520.4513092360698,662.9943342301292,510.0846297197527,673.8666604762759,529.0058007711577,655.8254692976309,539.3724802874749,container,0
649.28017126591,548.0916076193221,672.4076068802361,534.8023125459586,690.3035612377382,565.9467434488154,667.1761256234121,579.2360385221789,container,0
649.5996839962451,491.6296832972774,656.9679804278396,487.42692946046174,666.1171798259237,503.4673676813042,658.7488833943291,507.67012151811986,container,0
674.1607185362504,587.8739734594367,696.7250278744143,574.908257332407,807.7279625902775,768.0872944047317,785.1636532521136,781.0530105317614,container,0
797.3589561699031,776.8781759757156,815.4696604390946,766.0295216574636,833.3381137001389,795.8590528845942,815.2274094309474,806.7077072028462,container,0
817.689896589289,807.310951099157,835.9411809237628,796.3780866635282,846.7107389964442,814.356747946529,828.4594546619704,825.2896123821579,container,0
814.797681435726,813.6209266450878,819.1295169037118,811.1938525491787,826.6627533978592,824.6391532464568,822.3309179298734,827.0662273423659,container,0
832.4028354693419,841.4216964492481,854.6499636633376,828.6428840065267,878.4987294671773,870.1621216105508,856.2516012731816,882.9409340532721,container,0
826.6626852261671,844.8197012231738,829.9915761810411,842.6951921355534,836.4596503200461,852.8300103965121,833.1307593651721,854.9545194841324,container,0
-0.07532722245782963,835.7317125124895,5.6280473872268,832.536115017077,16.42278395827145,851.8021291399174,10.719409348586819,854.9977266353299,container,0
