562.3476302759216,179.95636003984455,551.8168299588511,220.09254537635707,539.0978747973961,216.75538774854417,549.6286751144665,176.61920241203165,container,0
590.7244854249846,183.31699404427772,582.1332632396508,218.1319095362753,571.9796849277209,215.62632691396428,580.5709071130547,180.8114114219667,container,0
628.4383402527646,195.19834914076046,615.0248977836819,231.14315549399046,604.1836617377462,227.09755584415848,617.5971042068289,191.15274949092847,container,0
572.715477124923,149.02926488133812,568.5179097480092,162.01407508311408,556.6362508769572,158.17312069982052,560.8338182538711,145.18831049804456,container,0
332.1868382372532,736.0991191108453,316.54434527577314,785.9094794979087,306.5254865669602,782.7631475778655,322.16797952844024,732.9527871908022,container,0
346.66235900405513,740.1801415014371,329.00100800079616,793.1470161886234,317.7025378386181,789.3796380204275,335.3638888418771,736.4127633332412,container,0
319.43009623243404,840.334289886346,312.4820666956036,865.379573096591,298.2679172425808,861.4363024451285,305.21594677941124,836.3910192348835,container,0
266.6595009438252,975.587211171664,265.58342540691035,980.404858533864,251.11033376878996,977.1721312949412,252.1864093057048,972.3544839327412,container,0
480.72877137394266,490.25716249710575,496.79312164666516,496.82802954469787,488.05517276396347,518.1904266987085,471.990822491241,511.61955965111633,container,0
449.9555608977605,470.0391697204451,457.04486899906203,472.93893847562276,449.9289109599099,490.3359184539081,442.8396028586084,487.43614969873045,container,0
459.6806324909607,452.46447647961827,464.86092105159656,454.58339114608316,457.74496301244443,471.9803711243685,452.56467445180857,469.8614564579036,container,0
466.38372369620623,412.3637528479609,475.48676728756413,416.0872080859119,466.588608989438,437.84128264683477,457.4855653980801,434.1178274088837,container,0
662.6683977728537,86.91286565715494,664.6151938408016,81.20735435701897,681.356844435445,86.91982740879122,679.4100483674972,92.62533870892719,container,0
641.9216839402071,138.86764228222157,643.868480008155,133.16213098208559,660.6101306027984,138.87460403385782,658.6633345348506,144.5801153339938,container,0
362.6084406469703,920.2968538314311,364.816406370763,923.4889838495499,356.92479354233865,928.9475367692936,354.71682781854594,925.7554067511749,container,0
346.6353351716688,919.758828942438,349.842292327012,920.9415869181554,346.73130716647603,929.3767835734093,343.52435001113287,928.1940255976918,container,0
353.7953896901559,920.657888291324,357.00234684549906,921.8406462670414,353.8913616849631,930.2758429222953,350.68440452961994,929.0930849465778,container,0
358.06059926005577,934.2518167557697,356.50213430115787,939.4715874757333,341.5030000518221,934.9933016667432,343.06146501072,929.7735309467796,container,0
347.3949409133437,946.8516812974475,346.2437523987916,951.5938806781878,336.2339950430603,949.1639706773198,337.3851835576124,944.4217712965794,container,0
340.8894291501762,935.5120651829867,344.0963863055194,936.6948231587043,341.9238522470982,942.5854819299158,338.716895091755,941.4027239541982,container,0
323.9659973223465,938.8975384429672,328.1846442531791,940.1329525074872,326.732945975552,945.090158888156,322.5142990447194,943.854744823636,container,0
330.7368052062784,938.1965226292838,335.752341090658,939.6653024713181,333.3754141551582,947.7819459589051,328.3598782707786,946.3131661168708,container,0
283.2126128619456,938.6186783139996,282.13653732503076,943.4363256761995,268.64957817720557,940.4238621820435,269.7256537141204,935.6062148198436,container,0
290.26342792619425,921.4311081849917,295.0609965766535,922.5934333166954,291.10074223956417,938.9396272836238,286.3031735891049,937.7773021519201,container,0
264.7827173646565,961.5207987055807,268.2368884295457,961.793515312109,267.38494806112385,972.5840124771856,263.93077699623467,972.3112958706573,container,0
343.32357628492514,704.7170913060353,341.48195063069363,709.0879557653149,330.0836988360003,704.2854016907012,331.9253244902318,699.9145372314216,container,0
