14.680397997991026,671.8284529073779,15.010531848801339,691.8484832030856,0.24220831508019547,692.0920154778217,-0.08792553573011741,672.0719851821141,container,0
205.19632530512925,618.6800883396473,205.34458056680143,626.4403770573578,185.81112436647638,626.8135510159158,185.6628691048042,619.0532622982054,container,0
234.69919005800602,618.4657749414492,234.8559761839396,626.6726040984892,215.46719007429368,627.0430142291885,215.31040394836012,618.8361850721486,container,0
2.0000000000000018,342.6104134214204,12.576730801557801,342.6104134214204,12.5767308015578,353.3583593090459,2.0,353.3583593090459,container,0
1.3579469618057098,354.52096201466463,11.116994492330495,354.52096201466463,11.116994492330495,365.26890790229015,1.357946961805708,365.26890790229015,container,0
15.459670715001097,345.6251385753233,19.24240738417764,345.6251385753234,19.24240738417764,354.13920524655344,15.459670715001094,354.1392052465534,container,0
14.23302960335758,358.5924874698404,18.015766272534123,358.5924874698404,18.015766272534123,365.70467858490645,14.23302960335758,365.70467858490645,container,0
209.85951772520173,150.96518146175808,208.71574815051116,143.11234688047446,224.36876152216212,140.83247707532283,225.51253109685268,148.68531165660644,container,0
238.50251577866618,164.28950703218223,237.37326300612781,156.5363411678089,255.26254528310056,153.93075759544897,256.39179805563896,161.6839234598223,container,0
210.14104245681997,169.57735720213662,208.73449241797775,159.92033796527298,228.74370302353557,157.00598569319544,230.1502530623778,166.6630049300591,container,0
292.64640809054924,166.7071765039468,291.953926211433,157.07025200605,309.32411106941447,155.82208011742756,310.01659294853073,165.45900461532437,container,0
25.85409486181728,136.12830618085067,33.0467827603594,135.58457408015465,34.53125249309814,155.22168483516506,27.338564594556022,155.76541693586108,container,0
19.677016367746585,114.47517923540934,26.399712519587986,113.46933120271882,29.08461844699252,131.41419579417985,22.361922295151118,132.42004382687037,container,0
29.02108105259718,164.1847151729351,36.82222393594251,163.59498684499655,38.479498384034656,185.51802183244143,30.678355500689328,186.10775016038,container,0
34.06727211946299,786.2310322201002,34.11523165928983,779.3424874750751,57.2853912592607,779.5038031423547,57.23743171943386,786.3923478873799,container,0
