502.8461362203923,369.8587541662479,512.7588948131372,365.41897247061615,522.4618112981182,387.0828008646597,512.5490527053732,391.5225825602914,container,0
304.07982710381066,606.8965714282313,314.4613983232576,602.6036925508764,327.81192827852703,634.8895970703607,317.4303570590801,639.1824759477155,container,0
200.2601698605967,633.6631071755679,204.59941375644445,636.6455325720294,191.65421064106988,655.4799998702034,187.31496674522214,652.4975744737419,container,0
161.73217985327196,610.9339661495018,167.2240292993533,614.1739147135877,155.52598234415203,634.002597614077,150.03413289807068,630.7626490499911,container,0
142.56859267036418,600.284392904164,160.07480600976686,611.0233474767988,154.2994684982947,620.438071219138,136.793255158892,609.6991166465032,container,0
222.94785349375755,594.1523436187908,230.3726502346392,599.5633296744232,215.86535588787635,619.4698144957499,208.4405591469947,614.0588284401175,container,0
258.90750076842534,638.396554062836,262.83169628504487,640.9725661154545,255.28965426135488,652.4618165114052,251.36545874473535,649.8858044587868,container,0
235.31859519033117,615.6151266440447,239.7725258703867,618.2257012066483,233.4429204855589,629.0247122825906,228.98898980550337,626.414137719987,container,0
342.16888635140674,555.0804773462307,346.81062988220094,551.2456902239467,354.1965652636478,560.1858521371003,349.5548217328536,564.0206392593843,container,0
306.66669669538965,533.4149851599199,313.34443651964455,533.41498515992,313.34443651964455,546.1003910163514,306.66669669538965,546.1003910163513,container,0
690.5286822087055,558.0478839809635,686.6470594914633,546.0925720174803,698.3275716934077,542.3001706438835,702.2091944106498,554.2554826073667,container,0
699.265618792083,540.4226573927382,692.5160216924781,519.5757195362153,703.9509843714651,515.8734304296148,710.70058147107,536.7203682861377,container,0
340.3874466846475,362.1317787835304,343.45037723294973,368.6702326221652,326.9787565762094,376.3863427813385,323.91582602790714,369.8478889427037,container,0
433.13647069853675,335.95281376614787,439.96825629819193,344.2767318198704,429.756989421071,352.6575430622579,422.92520382141583,344.33362500853536,container,0
429.06087867082056,308.0480005328937,433.13491688497504,317.66839776567474,421.81558383169147,322.4618999778997,417.741545617537,312.84150274511865,container,0
427.20566292248157,305.78269321376297,471.4245309547901,289.29048458312747,476.54613364057127,303.022512739489,432.32726560826273,319.5147213701245,container,0
460.7619869768584,306.53434638072315,465.404551370838,305.0378052879085,469.0873695035587,316.4626304494509,464.4448051095791,317.95917154226555,container,0
471.49960827877715,305.62720343870865,476.226785104244,304.2382255606607,480.4492832201996,318.6088613747995,475.72210639473275,319.9978392528475,container,0
493.6807137582409,283.9655162945122,514.5807137582408,283.9655162945122,514.5807137582408,297.06551629451224,493.68071375824087,297.06551629451224,container,0
512.5826826368274,335.437455607814,499.9491509549882,299.752916237496,516.7000290309794,293.82253987266375,529.3335607128186,329.5070792429818,container,0
530.3330982578607,326.88364592433425,521.7641533300545,304.9912925119268,558.4849806154614,290.6182947448706,567.0539255432676,312.510648157278,container,0
525.3148392418245,305.11337548444925,523.0811651069976,300.5242785735423,545.3379420290219,289.6911260164057,547.5716161638488,294.28022292731265,container,0
526.1369270103006,297.96663378395186,524.515377087389,294.56424004965936,538.8428671262474,287.7358885470489,540.464417049159,291.1382822813414,container,0
474.9839224387589,236.3047592327824,475.24213795855536,230.85348215573694,487.4704603645233,231.4327120465807,487.21224484472685,236.88398912362615,container,0
361.1212798078275,77.42739613596615,373.97035063540676,98.0943114416646,349.9967638657997,112.99921185071909,337.14769303822044,92.33229654502064,container,0
514.6892604163704,341.92004903680106,512.919319374144,337.19177232187974,547.4764885057209,324.25594905330615,549.2464295479473,328.9842257682275,container,0
510.98805119198107,354.4384952890037,507.9590723057203,346.3467848894978,542.9903670705227,333.2334816492532,546.0193459567834,341.32519204875905,container,0
513.0304200683645,366.14601305327886,509.39417407450554,356.43203001525467,520.4095323648141,352.30863878662404,524.045778358673,362.02262182464824,container,0
493.8082216139776,380.4893337780641,499.8332861362142,377.87838106312785,505.59977396450336,391.18519471524,499.57470944226674,393.7961474301763,container,0
514.626116186123,369.5654866362837,518.99371450545,367.73762997223184,524.0877947312949,379.9097530224044,519.7201964119679,381.73760968645627,container,0
516.6282710126437,241.5835943267258,510.6993444764099,227.6261212585604,522.7629721374714,222.50167202526427,528.6918986737052,236.45914509342967,container,0
532.875837868771,246.64063253611016,520.2276121231296,220.15498331724433,532.0127597760202,214.5269842930294,544.6609855216616,241.01263351189522,container,0
551.8487412055152,252.42454971562836,539.9984019803599,229.25892497038987,561.8018875276747,218.10538592847126,573.6522267528301,241.27101067370975,container,0
565.2381211441107,212.57462477972845,574.9528222631434,207.91086309114112,580.2883882533677,219.02494488969128,570.5736871343349,223.6887065782786,container,0
528.8865491014811,190.83953928540933,557.9185746567019,175.4945696689762,574.8715905104472,207.56894986044392,545.8395649552264,222.91391947687706,container,0
514.3406832022272,170.20392802955124,543.8989799713231,154.19287871521064,555.4542538360392,175.52528531991308,525.8959570669433,191.53633463425368,container,0
496.9094799998981,148.59338659937936,506.7115783406771,143.88766790053768,516.8262202837662,164.95665254518553,507.0241219429872,169.6623712440272,container,0
525.7802881171629,146.9748244574286,532.6298276928103,159.31231913088274,520.3591804183636,166.1247463172527,513.5096408427162,153.78725164379856,container,0
542.1821884751348,148.505013135196,544.9816580261767,153.7483321320678,534.6471011167882,159.266073358303,531.8476315657464,154.02275436143123,container,0
506.2460578219683,115.7536944989161,516.6842208457823,109.79932709848151,528.077897828129,129.77274321212815,517.639734804315,135.72711061256274,container,0
487.6194197844919,73.16057869461274,493.11014467490634,69.81344341630655,515.874503524404,107.15667019276206,510.38377863398955,110.50380547106825,container,0
470.5007865276736,53.22228026744715,477.59099473921333,48.966444665575125,489.2518562039855,68.39340177707324,482.16164799244575,72.64923737894526,container,0
498.77808191682857,100.59662767449299,501.7788082247816,105.18085689420225,481.6157725159511,118.37909563836368,478.6150462079981,113.79486641865442,container,0
444.42031759206543,19.131105553308245,495.05186148251056,96.52568873239032,472.6883302361624,111.15591306249372,422.0567863457173,33.76132988341165,container,0
423.6875098615696,33.75161607785883,481.05416058280395,121.44137783106072,459.62491646900645,135.4603914276098,402.2582657477721,47.77062967440793,container,0
396.97680436468943,39.5459006791462,453.24468247981025,125.55609587512926,430.8353770188386,140.21626570091934,374.56749890371776,54.20607050493628,container,0
369.4185208364853,48.557050727089695,398.5618871593314,93.10514299684996,375.94827659306134,107.89896924252179,346.80491027021526,63.35087697276151,container,0
228.02043839611665,250.9285758606163,236.72470161120623,265.52103526063024,224.43573262559195,272.85128835646935,215.73146941050237,258.25882895645543,container,0
346.39666545509164,101.86963482355173,367.0335337060269,135.06272824175392,355.3003901525479,142.3574788283225,334.6635219016126,109.16438541012033,container,0
320.9905656344292,86.11199189765459,360.37897263493625,149.46574583281117,345.3319992943536,158.8207764861054,305.9435922938465,95.46702255094883,container,0
411.8107757416414,155.24684039690132,436.75144196989515,195.36231983691312,414.7674606841434,209.03023923535946,389.8267944558896,168.91475979534766,container,0
389.5486073421297,170.1292966412231,412.3445281859061,206.79508918884576,390.1621890167629,220.58633199841586,367.3662681729865,183.9205394507932,container,0
413.131461858115,206.91077786118746,419.1680804644078,216.6202959378779,400.40012231385685,228.2887437927439,394.36350370756406,218.57922571605346,container,0
367.70434589743076,185.45808821687413,370.4470932643601,189.84695044715716,359.9031044628737,196.4362430712604,357.1603570959444,192.04738084097738,container,0
316.40927861501797,215.3067447739789,340.82661234146286,199.79942727585313,348.24831769498604,211.48541077739822,323.83098396854115,226.99272827552397,container,0
375.05148254851565,215.82929385165195,379.5306333529084,213.1762919398222,385.8558695494743,223.8553972474704,381.3767187450815,226.50839915930015,container,0
296.2627120513846,210.19854010990437,331.9256369524824,186.95917399787135,339.36998207687054,198.3831999299488,303.7070571757727,221.62256604198183,container,0
288.17127467489433,198.67344942213074,319.6804416317145,178.14083554299893,327.19688131988005,189.67549715254623,295.6877143630599,210.20811103167804,container,0
273.4341186663114,175.47467016773606,315.287466291729,148.20138085737648,330.0218806136586,170.81268225395598,288.168532988241,198.08597156431557,container,0
294.32467496448436,116.09955463707618,315.5490794463917,147.44420634030197,296.0401891736381,160.65426150577244,274.81578469173076,129.30960980254665,container,0
227.02483866313062,133.94788289116275,266.04889485390834,108.51827128445703,274.3640692679578,121.27866411265174,235.34001307718012,146.70827571935746,container,0
275.22708039692697,96.25497401206395,277.3524257236833,99.42425290716467,244.2907717437775,121.59567868154245,242.16542641702117,118.42639978644173,container,0
209.60576764721577,111.08666833722557,256.2269480989109,80.70647142133133,269.80274115678054,101.5397629130886,223.1815607050854,131.91995982898283,container,0
193.81200797148378,87.93307925586336,238.63881131495577,58.72216911823235,253.24192113518004,81.13197179230289,208.41511779170804,110.3428819299339,container,0
193.9766805937911,70.47153637849814,218.7058671002613,54.35702472612056,225.22200759636846,64.35663607685132,200.49282108989826,80.4711477292289,container,0
168.64306505044175,58.60081224613154,193.52413607721107,42.38732665979394,206.4619996163011,62.24165717599132,181.5809285895318,78.45514276232892,container,0
154.4846246767047,30.88369753629103,160.82638165160557,26.751158981419895,175.21172814952791,48.826783994532384,168.86997117462704,52.959322549403524,container,0
303.70746737977294,50.48640842895357,310.12157542120656,59.9879284870462,287.1779762732005,75.47626328978278,280.7638682317669,65.97474323169016,container,0
282.4486845394922,49.621935509927994,295.67032193932783,41.00619597124899,301.6008510624757,50.1071333084807,288.3792136626401,58.7228728471597,container,0
271.7393652710861,27.900071213776293,282.4350125709675,20.930366286419947,294.80839823228695,39.91845406319765,284.11275093240556,46.888158990554,container,0
266.1963622214886,1.1551251920246486,280.5165300340253,21.550596410548117,260.04321908443296,35.92541743503792,245.72305127189622,15.529946216514452,container,0
279.61380987634635,-2.543356361755581,308.3284559722127,38.35342261911765,298.76357732939135,45.069161902814656,270.048931233525,4.172382921941416,container,0
297.5168120565131,-3.1213320528886914,305.86773492745743,8.772453640973431,295.55603015958013,16.0125581292299,287.2051072886358,4.118772435367781,container,0
326.8003212392847,-5.080463011265671,347.00640378494074,23.698010844204763,325.94108984383104,38.48849189896411,305.735007298175,9.710018043493672,container,0
355.3714542078631,-7.135559831766532,368.80270571445755,11.993874062972946,348.798232700974,26.03951230712749,335.36698119437955,6.910078412388013,container,0
410.94733374979563,6.624306113095926,434.44885852007343,-10.065401825358068,449.45823940693236,11.069979213054818,425.95671463665457,27.759687151508814,container,0
530.7697920957994,34.202168504774164,536.62611420274,30.197971655990354,549.8536590816252,49.5438645828811,543.9973369746846,53.548061431664905,container,0
601.7684377618414,86.14823961328064,607.4192759938111,83.83458932158403,618.6327974197295,111.22239110649629,612.9819591877598,113.53604139819289,container,0
622.378571964807,102.87246615322036,627.9592171260972,102.87246615322037,627.9592171260972,117.32407905644615,622.378571964807,117.32407905644614,container,0
646.4307333728863,41.7269924056263,655.0240954442374,43.65648152403328,641.5153873676744,103.82018937325651,632.9220252963232,101.89070025484953,container,0
861.8965324470308,-0.5084659805898628,866.2899310224971,4.530788429364053,852.3085622611346,16.720235637646482,847.9151636856684,11.680981227692568,container,0
958.1100092624794,54.96970966365369,959.891555131509,60.22629323037071,935.9350989292958,68.34554502993772,934.1535530602662,63.088961463220706,container,0
943.7881151599809,63.625888932872115,959.2256554842563,63.208142527889855,959.9806107630152,91.10701232033954,944.5430704387397,91.52475872532179,container,0
851.7449175588492,233.51818780466866,856.7324961481835,231.1999859551279,861.9019623046461,242.32201949391074,856.9143837153118,244.64022134345151,container,0
799.2475361810849,207.91878414860943,804.6799686135173,207.91878414860943,804.6799686135172,233.08094631077157,799.2475361810848,233.08094631077157,container,0
771.3933533198874,252.71287857238568,771.2746297766001,247.08818205217113,786.6522605216912,246.76359799632743,786.7709840649785,252.38829451654198,container,0
747.7131291224727,249.44064135202538,746.472736635463,244.65917523114032,753.2405865475997,242.90348148115103,754.4809790346094,247.6849476020361,container,0
757.9069961260202,248.2082895543866,756.3994939879711,241.41446682869523,765.7963919660799,239.32936034814807,767.303894104129,246.12318307383944,container,0
848.0384537615045,165.59828190485473,853.4134537615045,165.59828190485473,853.4134537615045,179.84828190485473,848.0384537615045,179.84828190485473,container,0
813.450930101914,303.3806992562818,812.5752946513976,285.8081823083917,838.4608246325841,284.51831087027335,839.3364600831005,302.09082781816346,container,0
813.3621501411806,350.67884016844096,811.2535321100487,308.36245603068556,838.5052356875963,307.00450840085944,840.6138537187281,349.3208925386148,container,0
816.3758462597298,369.88646520281253,816.2103538037659,349.5075067053805,837.5862349042072,349.3339184887819,837.7517273601711,369.7128769862139,container,0
729.6379514197431,331.99877210568434,727.1923963255799,319.3709562732282,754.1389653069111,314.15237216360424,756.5845204010743,326.78018799606036,container,0
737.4831497304705,357.40368071240334,732.2797548311146,335.0926596436027,761.6245872271082,328.24883341346697,766.8279821264641,350.5598544822676,container,0
745.1466305348742,362.61175175359836,743.6694768937215,356.4738073999499,759.7623054202613,352.6009178974091,761.2394590614141,358.7388622510575,container,0
798.7130340917257,376.3423416624821,817.8014691707222,375.86554665370426,818.5767049265615,406.90202380598964,799.4882698475651,407.3788188147675,container,0
791.7292030222529,372.58184072678847,798.9496710379458,372.6106119932061,798.8054916381348,408.7940294955221,791.5850236224419,408.7652582291045,container,0
780.1907187161395,383.82166440687854,785.4692825249103,385.7606576262358,776.487003257471,410.21331366857885,771.2084394487001,408.2743204492216,container,0
817.8776473967795,379.1265080715495,821.8090097233948,375.58334395021416,835.8030541056997,391.11061195067083,831.8716917790845,394.65377607200617,container,0
314.5560817188167,225.23181302961405,319.8295518926156,222.2908392788416,328.9482858032353,238.64167249788397,323.6748156294364,241.58264624865643,container,0
