737.7093567996476,519.4159319077485,741.1518617242233,515.4852035610969,751.3042055509206,524.3765566481559,747.8617006263449,528.3072849948074,container,0
677.7323565965311,555.8308730021995,678.8977126301265,550.7374055382943,692.0531963988564,553.7473044909034,690.8878403652609,558.8407719548086,container,0
663.3329724575198,918.7320344701978,674.5156800343668,922.2377888365046,671.4653856170302,931.9676634735287,660.2826780401831,928.4619091072219,container,0
672.4784780180889,860.5894308279694,673.4939181377414,856.2063874666292,686.5061255203159,859.2209863040598,685.4906854006634,863.6040296654,container,0
676.8989509101849,866.9243403317757,678.3324754749221,862.3003259614288,690.9878763866042,866.2237194958075,689.5543518218669,870.8477338661544,container,0
600.5968318134694,795.3073353827872,603.3381680676612,786.9134819253665,625.8193337857404,794.2555727698259,623.0779975315486,802.6494262272466,container,0
628.1750947180504,799.9469347104226,630.8532290808881,789.8679411612783,655.0746611965004,796.3039259994142,652.3965268336627,806.3829195485586,container,0
653.6741833288534,816.4294874323748,656.2934981856306,808.4092582346565,677.7301237841782,815.4102142578859,675.110808927401,823.4304434556042,container,0
679.7006759766006,824.1411311690891,685.6747975110974,805.8486285179788,708.5309177904752,813.3131752210944,702.5567962559784,831.6056778722048,container,0
625.5153301731503,808.4694375376258,626.9950692787664,803.6963523341731,651.0127312370943,811.142243641434,649.5329921314782,815.9153288448867,container,0
596.6247863054556,914.7142432770164,628.0911089807347,924.5788666119656,624.586688431545,935.7573195590747,593.1203657562659,925.8926962241255,container,0
572.7072891266129,895.7993565205377,578.7203902311438,897.7130489388396,572.050004398231,918.6723755453215,566.0369032937,916.7586831270196,container,0
631.4324574783816,915.2455713165086,637.4455585829126,917.1592637348106,630.7751727499997,938.1185903412925,624.7620716454687,936.2048979229905,container,0
643.7374808231824,842.9659423259052,646.9494308632062,837.8498198579671,658.5985447719617,845.1632436706202,655.3865947319379,850.2793661385583,container,0
684.2087569741968,940.0783550051841,690.3279229926594,942.0258029878961,685.2555959626986,957.9637954127523,679.136429944236,956.0163474300404,container,0
555.2787268805386,791.9784566966559,560.1752098377303,793.536781120049,557.506452875058,801.9224053125774,552.6099699178662,800.3640808891844,container,0
759.632985806659,976.2491754163144,755.9049262171854,988.4058366289007,732.9149371665035,981.3555415155064,736.642996755977,969.1988803029201,container,0
771.2902015066323,978.8013906636461,770.0086824660403,983.7274608441871,760.3838687502283,981.223561876672,761.6653877908203,976.2974916961309,container,0
755.881119417079,992.968255916538,754.5705803511713,998.0058770587257,743.2397414836254,995.0581549958124,744.5502805495331,990.0205338536248,container,0
765.9218249239051,986.2028460181662,771.3666720210679,987.9356894258384,766.2743146723534,1003.9366200379759,760.8294675751906,1002.2037766303037,container,0
749.6886548321667,697.2580435368164,750.6936403362553,692.872591236248,763.7129992832166,695.8561528206543,762.708013779128,700.2416051212227,container,0
733.4949272245244,692.3523628832654,734.499912728613,687.966910582697,747.5192716755744,690.9504721671033,746.5142861714858,695.3359244676717,container,0
672.3842621270867,670.0537932256894,674.015647131304,665.3662912818658,687.0774728181218,669.9121809281095,685.4460878139045,674.5996828719332,container,0
584.4273425101242,714.1832837567504,590.4086755514287,715.9991095856163,587.1848331842882,726.6184512449304,581.2035001429837,724.8026254160644,container,0
