55.18719462325798,143.34518039503055,67.81002584730325,136.0340543769468,79.71128799236602,156.58186370736533,67.08845676832075,163.89298972544907,container,0
216.20786668442483,17.443162965864207,216.33981397352076,7.595749268144716,232.30157057958897,7.809623751133851,232.16962329049304,17.657037448853345,container,0
234.41505988100337,18.870696711678704,234.50741017852224,11.978462767300833,293.3915089842448,12.767461528475234,293.299158686726,19.659695472853105,container,0
295.7776620428667,19.971324069114367,296.03297662024426,0.9168343276281927,322.34771769833446,1.2694303345695541,322.09240312095693,20.323920076055728,container,0
332.1685712101543,10.414660072558647,332.30412951686003,0.2977509989465217,357.0559814087799,0.6294055691205527,356.9204231020742,10.746314642732678,container,0
381.2565538729638,12.616017442155151,381.3378313566983,6.550163326268458,455.64943090018227,7.545877978778329,455.5681534164478,13.611732094665022,container,0
357.0392133891069,16.647704791875338,357.23066041988545,11.421728091870154,378.8298104453583,12.212985569101829,378.63836341457977,17.438962269107012,container,0
470.5714878417481,27.663019631558072,470.9242753269535,1.333988258510189,495.6738109133669,1.6656117920849987,495.3210234281615,27.99464316513288,container,0
590.1950670041887,30.219361144056645,590.5933781675316,0.49283297715548713,616.3421686446326,0.8378457089491782,615.9438574812897,30.564373875850336,container,0
497.8047612752611,14.287259451995748,497.991105392863,9.20057822842076,520.3545092822555,10.01983317701665,520.1681651646536,15.106514400591639,container,0
496.28721092572755,25.3187640306829,496.5030617647637,19.42663057271373,517.5302627802962,20.196935423097734,517.3144119412601,26.089068881066904,container,0
519.6781077278871,27.11833286564577,519.9478320029002,19.75560297157334,541.512872310111,20.54561088252165,541.2431480350979,27.90834077659408,container,0
545.099258669733,10.936476172564275,545.3149187175167,5.049550790351344,566.9759399713496,5.843074841592072,566.7602799235659,11.730000223805003,container,0
521.9953116895547,10.091524397944589,522.1161808096131,1.070890198870634,543.1289686790301,1.3524443694199721,543.0080995589717,10.373078568493927,container,0
568.5435077509413,5.781503777844293,568.759167798725,-0.10542160436863757,590.4201890525579,0.6881024468720902,590.2045290047743,6.575027829085021,container,0
616.5818402581908,30.24011146465129,616.8337367204468,23.364031761507796,649.1022204475044,24.54614675204451,648.8503239852483,31.422226455188003,container,0
562.144468072268,29.176704537787447,562.2937000840718,18.03930742076952,585.5028869932503,18.35029154196027,585.3536549814464,29.487688658978197,container,0
649.5457536225736,30.897776519564445,649.927570252276,2.4022588388985735,674.7318646736505,2.734616096073198,674.350048043948,31.230133776739066,container,0
679.7248813933677,34.88806321248278,680.070434930958,9.09891163023394,706.4110425357558,9.451854227476284,706.0654889981655,35.24100580972512,container,0
710.6703551964421,32.027305040295666,710.8049763261954,21.980338814478692,732.6740787361028,22.27336689946887,732.5394576063495,32.32033312528584,container,0
734.0368430708656,11.707323899451698,734.1301333944339,5.075187892230667,758.1562621377602,5.413149194911685,758.062971814192,12.045285202132717,container,0
732.3001300239279,23.12425517892469,732.3965958771097,16.266366451738786,756.9334347249766,16.611511610548554,756.8369688717947,23.46940033773446,container,0
312.8659340830444,99.74970226077578,313.0448458094485,86.39726586480508,335.42814466354616,86.69718376157287,335.2492329371421,100.04962015754357,container,0
490.39831142401346,111.59262982437005,490.65520283242705,92.42045894180768,507.8998792360176,92.65152350075044,507.64298782760403,111.82369438331281,container,0
510.840143685346,117.47594075513182,511.08864240571944,98.93012810799526,522.688145170009,99.08555195750442,522.4396464496356,117.63136460464098,container,0
369.918979679674,117.05975571259263,370.174918755882,97.95865873590822,385.76670886952724,98.16757597050402,385.51076979331924,117.26867294718843,container,0
46.339178713736814,192.2163837645566,51.006017713565065,189.8567019673066,60.75866761556898,209.14491572874914,56.09182861574073,211.50459752599915,container,0
