122.50019475620634,32.74051792852349,121.90342844603904,29.564388807611852,138.49862108095743,26.446300248160203,139.09538739112472,29.622429369071835,container,0
126.67294153092534,45.22520944525214,125.97039383838472,41.48608720076421,139.43281924151137,38.95661763958325,140.135366934052,42.69573988407118,container,0
1017.770483724468,86.43170534900618,994.8297720434543,83.80877438262684,996.3774281018491,70.27264557401462,1019.3181397828628,72.89557654039396,container,0
985.500035558248,544.4882274201025,985.1631788651939,538.5913511249889,1018.5082374537184,536.6865280282025,1018.8450941467725,542.583404323316,container,0
632.6153736756863,335.3193876889807,631.7268115181414,330.57790228120723,645.312933686151,328.0318406595722,646.201495843696,332.7733260673457,container,0
608.074762976025,310.63214583817285,607.3713277931312,306.87852249659215,615.0130239146043,305.44645608511144,615.7164590974982,309.2000794266921,container,0
679.5489679506512,301.3788812130249,679.2115640344972,297.68400010326053,688.8438383347133,296.804413731246,689.1812422508673,300.49929484101034,container,0
654.9790599244659,363.50984351258455,655.9410068342469,368.5544686753274,641.2033640935731,371.36475277662214,640.2414171837921,366.32012761387927,container,0
612.1798983150828,365.079453205749,612.8617745933772,369.97429741089144,604.7326958318005,371.1067187382305,604.0508195535061,366.21187453308806,container,0
634.6629115397691,385.85428999344134,625.2350954190764,386.4955767229393,624.4352848321087,374.7372371246467,633.8631009528013,374.09595039514875,container,0
639.8961543535202,385.9884689158168,636.7128781388881,386.01603130226096,636.6390917295223,377.49418133933983,639.8223679441544,377.46661895289566,container,0
649.0064796908588,384.22203683866303,645.1150281976178,384.3046726323338,644.9424996881982,376.1800295958923,648.8339511814391,376.0973938022215,container,0
671.7135475564586,383.63495666841135,652.5364841831781,384.93939410064274,651.9226921143164,375.9157881294141,671.0997554875969,374.61135069718273,container,0
638.6383392492354,386.1795859698134,639.1518641518355,389.3212892209493,630.7413078792953,390.6960308007301,630.2277829766952,387.5543275495942,container,0
642.9982745115826,419.59718616280225,658.7234088379855,417.03616938443,662.0496074851455,437.4596671781991,646.3244731587426,440.0206839565713,container,0
614.705955557065,429.03823635018006,625.1923718694635,428.83438449320795,625.5961937425818,449.60752995516333,615.1097774301833,449.81138181213544,container,0
613.709674518525,411.5723810224282,614.3281391793452,416.0120253647615,594.936130296555,418.71342918712526,594.3176656357349,414.273784844792,container,0
616.532148263892,416.99155651816505,617.0058513647747,420.3920309915019,604.9799678105907,422.0672967154881,604.506264709708,418.6668222421513,container,0
618.3365314546031,421.8584238996667,618.8102345554857,425.25889837300355,606.7843510013017,426.9341640969898,606.3106479004191,423.53368962365295,container,0
633.7643141177222,410.1804743139346,634.2597255012314,413.73678154579443,618.8378074308495,415.88513186242847,618.3423960473402,412.32882463056865,container,0
632.6595254124409,418.88793122990865,633.4069426161066,422.6712205134253,622.5587788382024,424.81435671797476,621.8113616345368,421.0310674344581,container,0
635.7103715080832,409.4779074196925,639.4161018154539,408.95719947888887,641.5327496926086,424.0207803728137,637.8270193852379,424.5414883136173,container,0
659.9025205533476,407.19269603624855,661.2980749694113,411.3353355384243,646.7097171378518,416.2497982099311,645.3141627217881,412.10715870775533,container,0
682.5714873996801,395.5575271657246,683.3847339522151,399.85260157927934,668.2595746364691,402.7164596841015,667.4463280839341,398.42138527054675,container,0
659.5206965819702,415.2386738006548,663.8051618777473,414.3712688764904,668.3299995614911,436.7212803704876,664.0455342657141,437.588685294652,container,0
665.071517872962,412.4052854170442,668.8298137398856,411.6444053266746,672.8867189336847,431.6831081595344,669.1284230667611,432.443988249904,container,0
627.1681822210948,427.38650719218697,630.1714900153064,427.2133596085352,631.0535355771118,442.5127605863022,628.0502277829002,442.68590816995396,container,0
632.5826941823377,424.5357880396795,636.000407344665,424.33874903594756,637.3735779822491,448.1568930242169,633.9558648199219,448.3539320279489,container,0
638.200529554189,425.7247578904575,641.5865301179465,425.2201909363567,643.9369868651415,440.9934154933887,640.550986301384,441.4979824474895,container,0
675.9281519275536,409.1725507325035,685.1570302039755,407.1737557230199,689.8873982884076,429.0149105421789,680.6585200119856,431.0137055516625,container,0
550.9294708622317,404.0714269933527,547.8202781661073,408.4543206071745,534.9114778058715,399.2969119789566,538.0206705019959,394.9140183651348,container,0
558.8820720761868,401.62560932225244,555.7728793800625,406.00850293607425,543.7188950459539,397.45749454914517,546.8280877420782,393.07460093532336,container,0
647.7824092633498,707.8636963208984,651.7851396357387,707.2722395510434,654.4106479710217,725.04057443573,650.4079175986328,725.632031205585,container,0
989.0438665720063,731.7024435065838,993.9515799697585,731.5140669733196,994.4934127249993,745.6302619481313,989.5856993272471,745.8186384813955,container,0
304.7404182085825,690.1809990785434,305.0112224516021,699.8999066037022,279.51342614521917,700.6103682898067,279.2426219021996,690.891460764648,container,0
306.79470929754615,719.7243942135871,307.08642387269816,730.1937537333272,281.0936946444145,730.9180060574137,280.80198006926247,720.4486465376735,container,0
330.63398190593244,689.2220994065459,333.2088406862773,781.6313397400008,309.6690600786863,782.2872439609006,307.09420129834143,689.8780036274457,container,0
333.7821222380211,784.5178694274176,339.1977017199808,831.6326108069219,316.07463023843695,834.2904802509387,310.65905075647726,787.1757388714344,container,0
306.8115372191019,779.3878602513927,307.2035567082827,788.5550503037226,283.0006611149624,789.5900464926341,282.6086416257816,780.4228564403041,container,0
305.8310070855234,747.1465030070514,306.93112107259947,756.2558828954343,282.88085385877787,759.1603654923873,281.7807398717018,750.0509856040044,container,0
310.13492588007637,803.0681655422832,310.48983734737715,812.2368672271356,286.2829507945693,813.1738921103242,285.9280393272685,804.0051904254718,container,0
313.75522860056356,826.1767665378285,316.12215859568875,835.041793054067,292.7170246364551,841.2908791122483,290.3500946413299,832.4258525960097,container,0
149.3220845154722,778.0445978524336,149.390015462564,772.6803452337257,170.5359687141224,772.9481299063804,170.46803776703058,778.3123825250883,container,0
230.1111948582363,776.9082470957396,229.50501491549386,771.5779219041679,250.5172258101645,769.188352724193,251.12340575290693,774.5186779157648,container,0
126.39338796483126,680.6999134761743,125.87684467126606,675.3601565718985,146.92623549948888,673.3239362231323,147.4427787930541,678.663693127408,container,0
119.6220792045731,669.6578062889771,124.98456794290676,669.5043940921593,125.28635269721418,680.0532121127733,119.92386395888052,680.2066243095911,container,0
13.405513182492719,825.8711309834199,18.751367777705802,825.4220659349836,19.634745945292323,835.9381621062345,14.28889135007924,836.3872271546708,container,0
28.909160805916013,781.37657642899,28.316474119124265,776.3187295985639,41.11801893663027,774.8186238345733,41.710705623422015,779.8764706649994,container,0
614.0306425037271,887.4040422824183,626.29515287501,907.0084731562346,607.9259920894116,918.5001999202913,595.6614817181287,898.895769046475,container,0
