300.0495559890973,177.66858333935852,280.9899055618184,70.68683036288338,295.12326358268507,68.16886018809542,314.182914009964,175.15061316457053,container,0
294.9915426899225,206.55604423994757,286.5131832647049,158.96704164332976,294.76507500966073,157.49690147786444,303.24343443487834,205.08590407448224,container,0
345.01758844271757,44.79379402201752,351.8879283851728,43.99211322962529,353.9469111476604,61.63742997936771,347.07657120520514,62.43911077175994,container,0
360.6919360202421,449.0104810132251,366.5203808240167,453.706556893737,326.82044461306805,502.9793737745541,320.9919998092935,498.2832978940422,container,0
351.7554158821605,444.6294695050185,356.33495897911223,448.31928430217204,326.7904715273746,484.98786009816024,322.2109284304229,481.2980453010067,container,0
327.93746682239833,460.85812048289097,332.5170099193501,464.5479352800445,315.2790387737138,485.94251362754073,310.69949567676207,482.2526988303872,container,0
309.0007289131528,467.5105894158338,313.5802720101045,471.20040421298734,299.17136380641614,489.0837451735464,294.5918207094644,485.39393037639286,container,0
70.31428723534675,517.1391247579891,75.13226417973095,520.724665111599,58.62894893379324,542.9005673520464,53.81097198940903,539.3150269984365,container,0
42.05313099021895,590.679196526744,48.0360761404042,590.156349709925,50.442604861970544,617.6942994120535,44.4596597117853,618.2171462288725,container,0
85.63412506840166,718.0976755370675,63.16883750938487,700.563992281917,70.06986551578012,691.721949434419,92.53515307479691,709.2556326895696,container,0
66.46868954557618,748.6989546893276,67.39128016495822,762.9304609090484,56.19845156396651,763.6560621568851,55.27586094458447,749.4245559371643,container,0
103.63911072239317,717.4055014946509,97.95823761550447,725.3349669405859,88.84037787527679,718.8026975784442,94.52125098216548,710.8732321325092,container,0
124.30313189558132,732.847345570677,120.82930750920481,737.6961724884296,102.3653699694654,724.4681324733805,105.83919435584191,719.6193055556279,container,0
116.62682872927411,787.7802625820011,113.1530043428976,792.6290894997537,82.19017893408517,770.4465245617371,85.66400332046167,765.5976976439845,container,0
110.3594583745313,767.8257569125255,106.80788093580924,772.6179251109997,87.03974055431573,757.9673372191228,90.59131799303779,753.1751690206486,container,0
141.2048523768075,748.4756871443795,138.69515404369855,751.6650526851316,129.89449248522905,744.739849110524,132.404190818338,741.5504835697719,container,0
160.651389164197,762.1451035328338,158.14169083108806,765.3344690735859,149.34102927261856,758.4092654989782,151.8507276057275,755.2198999582262,container,0
149.1567942269532,807.4047662974873,146.64709589384424,810.5941318382394,137.84643433537474,803.6689282636318,140.3561326684837,800.4795627228797,container,0
188.3477073259153,809.1582548066674,192.14347731784142,804.5570909849697,222.32144464723373,829.4526668099506,218.52567465530763,834.0538306316483,container,0
190.9334037312849,803.372973948788,194.729173723211,798.7718101270902,229.6387049363517,827.5707306058997,225.8429349444256,832.1718944275974,container,0
196.5029280226242,797.4551185146032,200.29869801455027,792.8539546929055,235.20822922769094,821.652875171715,231.41245923576486,826.2540389934127,container,0
109.02715289296108,978.0668835736415,106.25488059212549,1022.4411636656858,95.69212577605916,1021.7812581407657,98.46439807689475,977.4069780487213,container,0
392.5266686932783,887.1097383398217,392.0083092062306,893.0519501997181,356.0063781921387,889.9113784844722,356.5247376791864,883.9691666245757,container,0
739.2134730720345,979.3533051500632,742.0803601771083,1004.2307020136765,729.8874527176001,1005.635820457566,727.0205656125263,980.7584235939527,container,0
826.169808021306,912.8707862838577,845.8099145774813,910.9964517649402,847.3206731499396,926.8268486574183,827.6805665937643,928.7011831763358,container,0
832.7952559586054,931.1467060764724,849.2451770719948,928.9854271725882,855.9163155770939,979.7607815001372,839.4663944637044,981.9220604040214,container,0
712.1117392281338,930.9111075727193,727.3424800567127,929.4575765950722,728.3637216981025,940.1585984532632,713.1329808695236,941.6121294309103,container,0
737.2406742991665,922.3312036040776,737.968527920836,927.1797504470007,726.0205403346835,928.973357133288,725.292686713014,924.1248102903648,container,0
606.7894343965698,859.8379522544809,611.3148829512205,857.9515554876771,615.9634190760654,869.1033510471356,611.4379705214147,870.9897478139394,container,0
614.7292519972289,856.0797851916531,619.2547005518795,854.1933884248492,623.9032366767244,865.3451839843077,619.3777881220738,867.2315807511116,container,0
925.6992141636057,518.9670219441377,931.1102546477978,514.8604631247917,960.6060442048591,553.7258290985076,955.195003720667,557.8323879178536,container,0
925.9861921342435,480.7036597749732,923.5887493902968,476.592534538842,941.8971518330677,465.915811240823,944.2945945770144,470.0269364769542,container,0
953.4248910765164,463.74844951368055,950.8386984565152,459.7533662667496,968.6303218384428,448.2360680668866,971.216514458444,452.2311513138176,container,0
939.2346490345184,506.21648164443485,943.1715017158866,503.54248213380276,955.0798373564947,521.0747826861988,951.1429846751265,523.7487821968308,container,0
930.2235075378088,493.75822669208446,934.160360219177,491.0842271814524,939.8340808641157,499.4374831358939,935.8972281827474,502.111482646526,container,0
956.3838759611064,533.179009802159,960.3207286424746,530.5050102915269,965.9944492874132,538.8582662459685,962.057596606045,541.5322657566006,container,0
963.338748835979,543.213070808017,967.2756015173472,540.5390712973849,972.9493221622859,548.8923272518265,969.0124694809176,551.5663267624586,container,0
779.9618645033539,81.85052446960694,773.8544201177438,82.7078736694592,772.2771725248991,71.47213453621472,778.3846169105093,70.61478533636246,container,0
890.2334776824094,329.7780811209187,893.5024091914405,334.38613263496626,883.8658100135257,341.2222937752134,880.5968785044946,336.6142422611659,container,0
642.7237015926706,280.3431911246752,648.3525190250286,279.6094982777243,651.4108296691812,303.0725487066783,645.7820122368232,303.80624155362915,container,0
