773.347855882788,231.36240232564026,778.0014873112929,231.82534674841122,776.9296282154423,242.59993853531094,772.2759967869375,242.13699411253998,container,0
864.2105707466995,305.656712737127,869.2455109182448,306.4317825381662,867.3090493997578,319.0112532864903,862.2741092282125,318.2361834854511,container,0
141.58359382432354,957.9022663384662,150.72060615754435,956.2164504276518,155.21252677192405,980.5623673158177,146.07551443870324,982.2481832266321,container,0
137.75831658423408,934.4662122393848,146.55821065258903,932.8425960185797,150.49368103846513,954.1725889449148,141.69378697011018,955.7962051657199,container,0
150.301439616966,933.3071000973885,156.85687303148262,932.0975959893228,160.7606283762183,953.2556954602755,154.2051949617017,954.4651995683412,container,0
147.87768729585355,998.9304932989661,152.18289529003877,998.1361649264877,156.30951065187458,1020.5021511612102,152.00430265768935,1021.2964795336886,container,0
133.33911360590247,893.0411657196834,142.0816861651662,891.4281255502759,144.26973974198341,903.2872332908527,135.5271671827197,904.9002734602601,container,0
130.42460669973696,881.6478074178029,158.38500110665723,876.4890010109807,160.48524193243497,887.8721693656997,132.5248475255147,893.030975772522,container,0
127.08711849256206,855.4672651802819,136.74118371161782,853.6860509105854,138.84142453739554,865.0692192653046,129.1873593183398,866.850433535001,container,0
218.50657464581303,878.2266017382306,216.8940626883457,883.1973466941175,195.42873356289397,876.2339840205268,197.0412455203613,871.2632390646398,container,0
125.92933942106706,839.9842294083323,144.69965482656133,836.5210299282859,146.68553185978382,847.2843539830742,127.91521645428956,850.7475534631207,container,0
114.92620991139886,763.9255573893122,120.08577728496358,763.0964827563046,123.66599715643311,785.3772098508107,118.50642978286838,786.2062844838183,container,0
199.77124533150163,759.3522880010009,197.95907317965649,764.2537706666366,176.79284164811054,756.4282089014396,178.60501379995569,751.526726235804,container,0
112.06351091505236,737.5180779388315,121.59881895191083,736.1354261567312,123.25042572572845,747.5255531200003,113.71511768886998,748.9082049021006,container,0
107.08401363096597,726.0697173792777,111.84632859688193,725.3791656688248,113.49793537069955,736.7692926320939,108.73562040478359,737.4598443425467,container,0
105.65769353512681,712.2818201569852,114.61772403772379,710.9825855549984,116.07956317273826,721.0640005816534,107.11953267014128,722.3632351836402,container,0
151.72987028932363,636.7539032859876,175.47485343829885,633.310800751705,178.8370927226914,656.4981192691761,155.0921095737162,659.9412218034587,container,0
95.61572745685682,649.4933099010227,118.82207264437926,646.1283116853872,123.94227216758598,681.4392123011496,100.73592698006354,684.8042105167851,container,0
145.0958412138462,609.6193117601207,168.84082436282142,606.1762092258381,172.20306364721398,629.3635277433092,148.45808049823876,632.8066302775918,container,0
155.7281958812784,578.5432969692479,164.01869775289953,577.0939342575888,168.22757899282527,601.1691622983963,159.93707712120414,602.6185250100554,container,0
151.5595627250858,579.4869447221587,154.64116386855048,578.9895335490847,157.37498489717626,595.9263183739598,154.2933837537116,596.4237295470338,container,0
132.79781815216558,531.3033586790749,156.24144473522642,527.2048953144072,160.0271031497611,548.8592458220807,136.58347656670026,552.9577091867484,container,0
136.36633635944156,556.5607050092839,159.8099629425024,552.4622416446161,163.5956213570371,574.1165921522896,140.15199477397624,578.2150555169574,container,0
129.95061389584382,506.4600613486876,152.46194784899023,502.524583312903,156.24039057153303,524.1376593297382,133.7290566183866,528.0731373655227,container,0
91.40035377653977,625.7118845595504,115.44561786386618,622.2252402778028,118.56817490395447,643.7596161961366,94.52291081662807,647.2462604778842,container,0
86.46070694953465,600.5497713698644,110.50597103686106,597.0631270881167,113.62852807694935,618.5975030064506,89.58326398962295,622.0841472881982,container,0
82.9473802183686,577.2894371073912,106.992644305695,573.8027928256436,110.11520134578329,595.3371687439774,86.06993725845689,598.823813025725,container,0
77.10780875176208,554.3351169076549,100.36198714883149,550.9631827155235,103.41167710985401,571.9950387270861,80.1574987127846,575.3669729192175,container,0
75.17858622220585,529.8353932745839,87.30132306290082,528.0775556009683,90.35101302392336,549.1094116125308,78.22827618322839,550.8672492861465,container,0
66.6570175736939,481.3257106854517,85.21263206809857,478.6350840848759,88.52608219940615,501.485933500332,69.97046770500148,504.1765601009078,container,0
119.75387851832063,458.266954366417,176.8192374107454,448.94447385532743,180.54195771904367,471.732225483926,123.47659882661891,481.0547059950156,container,0
88.90016322981694,527.2283265633775,93.27058289759333,526.5336808606744,95.60886415271753,541.2451666532454,91.23844448494114,541.9398123559486,container,0
69.61192987744978,505.8965947343196,76.30912336063261,504.8321256382359,79.9754771029154,527.8992869867399,73.27828361973258,528.9637560828236,container,0
66.8679449303159,456.5343440189059,77.99727087945885,454.92055427056465,80.92293564344408,475.09708396396604,69.79360969430113,476.7108737123073,container,0
59.67231634953832,432.8990826916701,76.63938381987411,430.4388007601169,79.94684137927148,453.2483230534179,62.97977390893569,455.7086049849711,container,0
52.35340715839177,383.61813640389875,69.01740955725502,381.2017999284907,72.36093150028815,404.2600363315757,55.69692910142489,406.67637280698375,container,0
67.99889285891304,360.6942610096824,71.83474784225452,377.08980535741546,49.14798097326495,382.39753689133994,45.31212598992347,366.0019925436069,container,0
109.29538533699971,386.2864475964071,165.3044014369059,377.3237517603014,172.87311108718743,424.62157246179316,116.86409498728123,433.58426829789886,container,0
169.74915306993594,585.425832672408,171.90892693518117,580.375482103822,192.0548762966304,588.9908632205422,189.89510243138517,594.0412137891282,container,0
169.41084989117354,556.5512562456195,171.57062375641877,551.5009056770335,191.716573117868,560.1162867937537,189.55679925262277,565.1666373623397,container,0
251.3531798982313,579.9857909743631,251.68058010597142,585.4688077642868,229.8087165397348,586.77481373684,229.4813163319947,581.2917969469163,container,0
165.82198461892233,691.591534850063,167.89900517700178,686.5065914269827,188.18294612645025,694.7918679473953,186.1059255683708,699.8768113704756,container,0
188.33786843576374,686.6844308982941,190.4159248254533,681.5969515613959,209.74296009512844,689.4913657646368,207.6649037054389,694.578845101535,container,0
253.85052770395546,591.4302947230519,254.17792791169558,596.9133115129756,232.30606434545896,598.2193174855288,231.97866413771885,592.7363006956051,container,0
247.80065727091224,526.6147563189124,247.92917427059464,530.7344545482142,229.05020924334102,531.3233976715612,228.9216922436586,527.2036994422594,container,0
247.86572537108475,519.7311799059156,247.99310793840567,524.6463748183476,226.70661557507572,525.1980371826702,226.5792330077548,520.2828422702382,container,0
250.17048878179625,532.0495829203212,250.82737960900008,545.2146266310799,228.87956123297712,546.3097479907274,228.2226704057733,533.1447042799687,container,0
