223.39320050197645,39.311459314192916,227.59262248290733,42.68497753403554,213.58791431882284,60.11831432612854,209.38849233789196,56.74479610628592,container,0
264.51282446059673,77.45436023469394,268.0306685450352,80.28034704128494,260.43274857998045,89.73838758866724,256.914904495542,86.91240078207623,container,0
209.9505775466671,77.11808587122309,212.96859626997744,73.76353800016899,221.98760024542753,81.8777530627687,218.96958152211718,85.2323009338228,container,0
346.3183840843882,153.59399320284402,350.96040905877476,157.32306732284616,343.9946992572844,165.994120196107,339.35267428289785,162.26504607610485,container,0
365.40806351439437,166.78712584326453,369.29683924436665,161.9636172467071,377.614997070045,168.66982490095765,373.7262213400727,173.4933334975151,container,0
587.7936998330125,27.58324215471393,591.8013225201503,31.084166953666944,584.3902078394711,39.56791140317688,580.3825851523334,36.066986604223864,container,0
369.99009665197093,179.91837758389258,373.03710894858904,176.13896446596038,391.1180447714903,190.7160514547692,388.0710324748722,194.4954645727014,container,0
364.2342027474407,189.5224942864816,367.2812150440588,185.7430811685494,385.36215086696006,200.3201681573582,382.31513857034196,204.0995812752904,container,0
261.06339636331995,155.12557125447964,268.62269701721374,147.19684273911918,277.34908299769234,155.51663513969967,269.78978234379855,163.44536365506013,container,0
448.53380946763025,271.4176525933811,452.580963653961,274.3217687202336,445.6602905705304,283.96636618754945,441.6131363841996,281.06225006069695,container,0
498.5351137713292,286.32247162375756,502.5822679576599,289.22658775061007,495.6615948742292,298.8711852179259,491.6144406878985,295.9670690910734,container,0
610.1253864698808,245.96866985143595,617.4956548106794,234.98552924147484,628.8375864304046,242.59656532932638,621.467318089606,253.5797059392875,container,0
534.0002930871628,170.7718955988355,539.1802877728558,163.48532919035935,546.434994427455,168.64267488796668,541.254999741762,175.92924129644283,container,0
638.9578369066057,161.80815061480953,653.1661207548159,175.51402323401163,638.3859441235568,190.83599146895628,624.1776602753466,177.13011884975418,container,0
658.470358777451,180.12815606356943,666.0915604264627,172.10011276632505,674.6270514383601,180.20304591783494,667.0058497893484,188.23108921507932,container,0
673.1664192343264,194.36599267918226,680.145199100743,185.77362249782777,689.2806877545001,193.19352677814672,682.3019078880836,201.7858969595012,container,0
668.5799042979603,109.17083048651708,681.9897265789625,108.28607845053209,683.4797392274389,130.8695865972747,670.0699169464367,131.7543386332597,container,0
673.3126406314192,134.26416172803994,681.1645864568181,133.7461067598315,682.267647401333,150.46474727088702,674.415701575934,150.98280223909546,container,0
387.4093945591187,157.99510077030564,391.41701724625653,161.49602556925868,384.00590256557746,169.97977001876862,379.99827987843963,166.47884521981558,container,0
602.6425153179047,35.36531535867409,599.2432692944885,39.459535738999875,590.576206015768,32.26366506079693,593.9754520391841,28.169444680471145,container,0
582.284971551973,15.112567868878566,589.3172581646442,21.2059747976133,574.6775118860129,38.10143130858997,567.6452252733417,32.008024379855236,container,0
520.1973539788104,-1.069125412143002,553.9440076555295,28.17201685939235,545.3617639146111,38.07662334174221,511.615110237892,8.83548107020686,container,0
683.238714698225,106.85709014045916,694.7313234073578,106.09883184731315,695.5210380073285,118.06821084572492,684.0284292981956,118.82646913887093,container,0
671.639984103922,194.08546239702872,686.2068505211054,207.40960127911188,671.8383289677452,223.1182587715423,657.2714625505618,209.79411988945913,container,0
720.7249166686566,238.80249890299405,734.9117734061476,251.77904746580418,720.9422262124571,267.05151870615305,706.7553694749661,254.0749701433429,container,0
760.5972924724251,276.10701032167367,774.7841492099161,289.08355888448375,760.8146020162255,304.3560301248326,746.6277452787346,291.37948156202253,container,0
936.3684748935892,499.6126058993134,955.5288716885483,479.4307226708278,972.7941362695136,495.8221226405951,953.6337394745545,516.0040058690807,container,0
987.1341489317745,560.0230083870943,990.7535755752139,555.1928989259324,1009.6567912808391,569.3579614616297,1006.0373646373997,574.1880709227916,container,0
997.7287134191912,546.4182321566037,1000.7560607405854,542.5737539947883,1018.6532987751592,556.6669945709651,1015.625951453765,560.5114727327806,container,0
992.7591688365806,554.6050669685044,995.5101864223849,550.7552149701323,1004.5989676123199,557.249853438731,1001.8479500265156,561.099705437103,container,0
983.4689738108123,564.8198304361109,986.2199913966166,560.9699784377389,995.3087725865516,567.4646169063375,992.5577550007473,571.3144689047095,container,0
982.542495352189,570.8695202754195,985.8055873043671,566.3030568919104,1002.6133831477134,578.3135294927288,999.3502911955353,582.8799928762379,container,0
1012.1874406901576,590.5319789241386,1015.656949172692,585.6766503963318,1025.1678194332233,592.4729042144235,1021.6983109506888,597.3282327422303,container,0
939.8886524586452,643.6194464078912,964.9044439657127,676.1138933922813,957.1897454062699,682.0530401885203,932.1739538992024,649.5585932041303,container,0
935.0911331474744,657.6681705334425,941.7148642709049,666.2721149566424,933.9842089655727,672.2235460249752,927.3604778421422,663.6196016017753,container,0
949.0704819631894,675.7140846930324,955.6942130866199,684.3180291162323,947.9635577812878,690.2694601845651,941.3398266578573,681.6655157613652,container,0
940.7131634028668,683.0456624689945,947.3368945262973,691.6496068921944,939.6062392209652,697.6010379605272,932.9825080975347,688.9970935373273,container,0
879.344282314622,719.3086618329329,887.3074428747991,725.9116184155488,880.7937321192148,733.7671485769662,872.8305715590377,727.1641919943503,container,0
852.8348683229888,736.6669320917952,860.8980266720946,727.8919053146934,878.5972701790329,744.1553090262614,870.534111829927,752.9303358033632,container,0
886.0256154545937,690.8806415724492,889.8316007232219,694.4670002862554,882.6974251511435,702.038068686806,878.8914398825153,698.4517099729999,container,0
871.4731128919813,695.1244514685966,875.2790981606095,698.7108101824027,868.1449225885311,706.2818785829534,864.3389373199029,702.6955198691472,container,0
876.8955827253939,701.2526927228596,880.7015679940221,704.8390514366657,873.5673924219437,712.4101198372164,869.7614071533155,708.8237611234102,container,0
893.3499468117718,711.8839104178799,897.7378955988149,714.7288002455173,892.0786893862703,723.4575414412998,887.6907405992272,720.6126516136624,container,0
878.338326110881,740.5666921346237,881.7128148158436,736.8376179993375,889.7507488724447,744.1112512662587,886.3762601674821,747.840325401545,container,0
869.7086436313377,730.1112259438231,873.9549316008716,727.737466186235,879.2841740735537,737.2706542547159,875.0378861040198,739.644414012304,container,0
803.5151416188019,503.05510976481276,806.2296659637865,498.46081026890784,816.6587066621355,504.6227692129727,813.9441823171509,509.2170687088776,container,0
802.9357967215669,512.9814726227656,805.2760368525462,509.0206446147503,814.5881331353,514.5226612083371,812.2478930043208,518.4834892163524,container,0
763.6647517714179,574.1908908445826,766.0049919023971,570.2300628365673,775.317088185151,575.732079430154,772.9768480541717,579.6929074381693,container,0
702.2972672827178,536.178796907714,704.6375074136971,532.2179688996987,713.9496036964509,537.7199854932854,711.6093635654717,541.6808135013007,container,0
