482.40323726659517,495.49975323090933,488.5153344053996,484.753353870281,498.84081028722846,490.62604754899706,492.72871314842405,501.3724469096254,container,0
850.2630945947037,712.4744516932566,854.7308426004018,715.8585016776175,846.5796010111565,726.6200724353233,842.1118530054583,723.2360224509624,container,0
842.0596364141552,673.4354380998138,845.3779759426528,668.8826865060365,856.7674627013992,677.1840803647538,853.4491231729015,681.7368319585311,container,0
826.7627982291011,682.0398005189551,830.3964193660508,685.5648263221975,813.5429476726703,702.9375022667883,809.9093265357205,699.4124764635459,container,0
34.85234427752126,86.957742044489,39.52102883280844,89.45830467570474,32.80449925871786,101.99842564537657,28.135814703430686,99.49786301416083,container,0
9.361053997347629,562.9882616148842,11.222609235950037,558.4451930798537,17.77704793505689,561.1309218119515,15.91549269645448,565.673990346982,container,0
-1.0608029227945979,556.0643543587079,0.7251417551487989,551.7058110807973,9.663305864863002,555.3682885657016,7.877361186919604,559.7268318436122,container,0
19.5131935912142,536.4415285768569,28.478657689036275,517.0306434654924,45.836239955533344,525.0477318023948,36.87077585771127,544.4586169137592,container,0
42.06456578879925,532.559915571061,43.89226346779237,528.8658884392548,52.289520984807076,533.020608349569,50.46182330581396,536.7146354813751,container,0
49.970398106006336,516.9741739310401,52.814208021159864,518.4934553413981,49.37113400018517,524.938244287475,46.527324085031644,523.418962877117,container,0
37.0215612347902,509.6457111947571,45.676525860608486,490.9866120496842,59.424712065470715,497.36366510820045,50.76974743965243,516.0227642532734,container,0
51.27708698105816,488.69880755190144,55.425701058566275,479.75487713352027,68.86848485867408,485.99027024429535,64.71987078116597,494.9342006626765,container,0
