259.53411290561337,51.15398159414885,269.110251082752,50.34785564598,270.90976830578893,71.72469585201391,261.3336301286503,72.53082180018275,container,0
267.69724443423576,86.416151027585,277.0855691997597,85.17854942802639,278.3489780867689,94.7626457536309,268.960653321245,96.00024735318952,container,0
261.5710049481575,74.40611318539688,280.00690873661335,71.87333064040149,281.48827140668635,82.65604063468795,263.0523676182305,85.18882317968334,container,0
263.6015877352899,28.381072466409204,274.722789704761,26.693629369484007,276.2254408266078,36.59694797392241,265.1042388571367,38.28439107084761,container,0
196.7252446966081,42.96225346330513,201.50231606715906,41.78691947686464,207.0504194155143,64.33683802942221,202.27334804496334,65.5121720158627,container,0
199.37653223996557,21.627128569396724,205.11605960473224,20.37472311162233,210.16020156896542,43.49103153695602,204.42067420419875,44.743436994730416,container,0
206.3716576441854,47.4264156419501,211.27723518356095,46.399733332924086,213.61905905137291,57.58917184385963,208.71348151199737,58.615854152885646,container,0
189.8136195018156,0.5768118734022472,194.8538370891429,0.12570085567487332,195.5939442590182,8.394843101202829,190.5537266716909,8.845954118930203,container,0
190.86843130160003,13.44910238991292,195.82480256671212,12.428475935087555,197.4992749854664,20.56005722155989,192.5429037203543,21.580683676385256,container,0
197.87127495456863,6.095968851161771,202.99328176913247,5.282689615745602,204.6265114964033,15.568718606205088,199.50450468183948,16.381997841621256,container,0
210.57636028808685,64.29376480629341,215.65132451369126,63.22553494711855,217.79654682552115,73.41709287353203,212.72158259991673,74.48532273270689,container,0
202.57217332811717,69.23143086207207,207.64713755372156,68.16320100289721,209.34527967477248,76.2307629047732,204.2703154491681,77.29899276394806,container,0
213.56166414396654,77.60470946066052,218.63662836957093,76.53647960148565,220.33477049062185,84.60404150336164,215.25980626501746,85.6722713625365,container,0
207.26203801003192,87.6825657353414,212.3370022356363,86.61433587616654,214.03514435668723,94.68189777804253,208.96018013108284,95.75012763721739,container,0
209.72872469570603,99.2214885895301,214.80368892131042,98.15325873035523,216.50183104236135,106.22082063223122,211.42686681675696,107.28905049140609,container,0
216.82207648061814,93.22761248962502,221.89704070622253,92.15938263045015,223.59518282727345,100.22694453232614,218.52021860166906,101.295174391501,container,0
220.26279792402656,103.79249095747518,225.33776214963098,102.72426109830033,227.61176279129384,113.52762126121014,222.53679856568942,114.59585112038499,container,0
224.43404543573575,120.7247216092041,229.50900966134017,119.65649175002925,231.78301030300304,130.45985191293906,226.70804607739862,131.52808177211392,container,0
226.90073212140987,133.76077471557883,231.9756963470143,132.69254485640397,234.24969698867716,143.49590501931377,229.17473276307274,144.56413487848863,container,0
230.58496225425196,149.7189609809692,235.65992647985638,148.65073112179434,237.93392712151925,159.45409128470413,232.85896289591483,160.522321143879,container,0
234.0256836976604,163.48554737709782,239.10064792326483,162.41731751792295,241.3746485649277,173.22067768083275,236.29968433932328,174.2889075400076,container,0
238.44043989880316,179.44373364248818,243.51540412440758,178.37550378331332,245.78940476607045,189.17886394622312,240.71444054046603,190.24709380539798,container,0
214.36467943621724,117.72188009737961,219.43964366182166,116.65365023820476,221.17294185568542,124.88823219695847,216.097977630081,125.95646205613332,container,0
217.31838350075856,129.2778709476004,222.39334772636298,128.20964108842554,224.12664592022674,136.44422304717924,219.05168169462232,137.5124529063541,container,0
221.97664839133492,148.13919469536026,227.05161261693934,147.0709648361854,228.7849108108031,155.3055467949391,223.70994658519868,156.37377665411395,container,0
225.41736983474337,162.37380760801202,230.4923340603478,161.30557774883715,233.15798108728538,173.969578088845,228.08301686168096,175.03780794801986,container,0
229.83212603588615,179.00915729723266,234.90709026149054,177.94092743805783,236.3387137509035,184.74230818107304,231.26374952529912,185.81053804024788,container,0
269.374725092906,98.09734039137808,278.7630498584299,96.85973879181947,280.02645874543913,106.44383511742399,270.6381339799152,107.6814367169826,container,0
270.56518837270903,110.0220408517558,279.95351313823295,108.78443925219719,281.2169220252422,118.36853557780171,271.82859725971826,119.60613717736032,container,0
271.5121429630784,121.70323021554884,281.4766471335014,120.38967464433445,282.83285672675584,130.67774805675788,272.86835255633287,131.99130362797226,container,0
273.24774003186144,134.4294707054905,283.2122442022844,133.11591513427612,284.56845379553886,143.40398854669954,274.6039496251159,144.71754411791392,container,0
831.9455865228199,901.1369197517447,841.3592905714429,898.1152033607102,863.4741242820076,967.0106497545046,854.0604202333845,970.0323661455391,container,0
822.7248709972533,907.6772599986386,832.0863336334029,904.4973840301639,866.9653728436004,1007.180263987799,857.6039102074509,1010.3601399562738,container,0
826.834967276536,947.0038763479698,835.1268916612303,944.1872982011446,860.7685660127506,1019.6756438944554,852.4766416280563,1022.4922220412807,container,0
812.481213093355,972.7215513402481,819.3307076770823,970.3949337945148,837.9316400943318,1025.1555394118302,831.0821455106045,1027.4821569575636,container,0
868.6797468962371,973.6478315104309,875.9212588553889,972.6053982862463,879.1666882137596,995.150550307477,871.9251762546078,996.1929835316616,container,0
773.2058398388571,997.2297393786599,783.6308955381238,994.7284214110838,787.4738505510978,1010.7451856047434,777.0487948518311,1013.2465035723195,container,0
783.4506838814572,987.8155056287893,789.2192953887804,986.4314236605511,798.0931797750499,1023.4162213531682,792.3245682677266,1024.8003033214065,container,0
795.9145358380617,1004.0292678869973,800.3837202641365,1002.9569617403607,804.5805790223408,1020.4487348309415,800.111394596266,1021.5210409775781,container,0
834.3625860929649,998.7045421323394,841.0487678702674,995.9262972790513,847.5147122349533,1011.4873733062591,840.8285304576508,1014.2656181595472,container,0
740.0969491953671,980.2048242930139,751.6097038760876,976.4371528605814,766.6161132261283,1022.2917642787393,755.1033585454078,1026.0594357111718,container,0
125.89147857298035,108.18252451174914,132.31213427032677,106.65552875904665,135.42066975987817,119.72618469641142,129.00001406253173,121.25318044911391,container,0
130.03839670010964,125.02945740778625,137.0677094275301,123.3577074829889,142.141881739796,144.6934009899341,135.11256901237553,146.36515091473146,container,0
162.1732716462628,0.31040380593150907,169.21344757247815,-0.22695040292363622,170.35007408366127,14.664624780191113,163.30989815744593,15.201978989046259,container,0
164.25836531231545,21.938855193417794,171.21468046095282,20.72951397991598,175.30003855277778,44.229116957539546,168.3437234041404,45.43845817104136,container,0
171.17363581480438,54.37849063301443,177.7715163733055,52.83128074908967,182.33446090395748,72.2893796929377,175.73658034545636,73.83658957686245,container,0
177.7387492362727,82.48680237646028,184.3366297947738,80.93959249253551,189.55444670742972,103.19031175403748,182.9565661489286,104.73752163796225,container,0
184.0478875700482,108.83413086589235,190.64576812854932,107.2869209819676,195.86358504120523,129.53764024346958,189.2657044827041,131.08485012739433,container,0
192.148851517673,136.97330268186775,198.7467320761741,135.426092797943,203.96454898883002,157.67681205944498,197.3666684303289,159.22402194336973,container,0
197.43408950067754,166.39236258823124,204.03197005917863,164.84515270430649,209.72034815632065,189.10252052911162,203.12246759781956,190.64973041303637,container,0
204.76712818522412,195.24959801682806,210.55003213339597,193.89350099945017,215.8497126813611,216.49331736372184,210.06680873318925,217.84941438109973,container,0
212.01645838733654,225.72842511620382,217.7768301915626,224.37761191012106,222.8234861687246,245.89843704387516,217.06311436449855,247.24925024995792,container,0
218.97644070325111,255.4558293056484,225.27982114307667,253.97768000722402,230.79899655238495,277.5135044033687,224.4956161125594,278.99165370179304,container,0
226.5352055607381,285.2628635024184,232.83858600056365,283.78471420399404,238.15457112851757,306.4540593842592,231.85119068869201,307.93220868268355,container,0
234.34994550591782,315.7488320971431,240.65332594574338,314.2706827987188,245.9693110736973,336.94002797898395,239.66593063387174,338.4181772774083,container,0
240.37285983724828,344.44295736532456,246.67624027707384,342.9648080669002,251.99222540502777,365.6341532471654,245.6888449652022,367.1123025455897,container,0
247.163699431657,374.4169707238941,253.46707987148255,372.93882142546977,258.70553398315866,395.27754540799367,252.4021535433331,396.755694706418,container,0
254.722464289144,404.8689803087864,261.02584472896956,403.39083101036204,266.26429884064567,425.72955499288594,259.9609184008201,427.2077042913103,container,0
262.281229146631,433.2731689490576,268.5846095864565,431.79501965063326,273.72590224083666,453.7194109063635,267.42252180101116,455.19756020478786,container,0
269.07206874103963,463.4266436653411,274.97357124731946,462.0427351621843,280.4129199231161,485.238148565252,274.51141741683625,486.6220570684088,container,0
276.84553070165566,491.6628476070888,282.7470332079355,490.278939103932,288.1863818837321,513.4743525069997,282.2848793774523,514.8582610101565,container,0
284.363017574579,522.4588277296127,290.2645200808588,521.0749192264559,295.30505402464144,542.5696377243671,289.4035515183616,543.9535462275239,container,0
293.4163549736588,557.6877219402663,299.31785747993865,556.3038134371095,304.3583914237213,577.7985319350207,298.45688891744146,579.1824404381775,container,0
300.1659165835039,584.9813099905138,306.0674190897837,583.5974014873569,311.10795303356633,605.0921199852681,305.2064505272865,606.476028488425,container,0
305.37962766719244,612.2748980407612,311.28113017347226,610.8909895376044,316.3216641172549,632.3857080355156,310.4201616109751,633.7696165386724,container,0
312.89711454011575,642.6402175079401,318.7986170463956,641.2563090047832,323.8391509901782,662.7510275026945,317.9376484838984,664.1349360058513,container,0
102.26373912145212,162.08474337676648,112.92880300332693,157.91697216827805,119.56928517019492,174.90954756969575,108.9042212883201,179.07731877818418,container,0
106.55849422847344,188.52120258956992,111.74826070911726,186.49310790993417,137.13255939636682,251.44992860698338,131.94279291572298,253.47802328661913,container,0
110.55812974801384,218.8593079532611,115.71457931158453,216.84423310072353,126.88647248485375,245.43240371136753,121.73002292128307,247.4474785639051,container,0
48.57578012767641,110.99788834143682,54.26319813858769,109.03737182199502,70.36961012292741,155.76174098822514,64.68219211201612,157.72225750766694,container,0
56.96964233706345,111.5569382738542,62.657060347974735,109.5964217544124,84.46077523606925,172.8485492063304,78.77335722515797,174.8090657257722,container,0
83.62665625396889,163.78397939526613,89.31407426488016,161.82346287582433,99.07813024411783,190.1487880057924,93.39071223320656,192.1093045252342,container,0
100.29981390409766,211.5861200184862,105.98723191500895,209.62560349904442,111.03362385824961,224.26508250546277,105.34620584733833,226.22559902490457,container,0
383.26801135151646,559.6389871072768,390.76230667224576,546.6084536195693,412.10856117550867,558.8853980278559,404.6142658547794,571.9159315155633,container,0
560.8993242496982,181.69246466370402,566.8972675389322,180.14878100981497,575.61766010949,214.0316429331702,569.619716820256,215.57532658705924,container,0
553.2994019783132,183.4298815018421,559.2973452675471,181.88619784795304,567.578404337459,214.06204070992464,561.5804610482251,215.6057243638137,container,0
778.6688970849591,493.37871256352344,771.3262263756105,495.09001944806596,726.3292437904224,302.02235343113546,733.671914499771,300.31104654659293,container,0
778.6642572568002,500.0649482358673,776.8262100142081,493.9319027989885,843.7889089608899,473.86347098607996,845.626956203482,479.99651642295873,container,0
