125.72581976596517,269.55619298623446,142.5607055802568,294.8261875902792,123.73201089772262,307.36987546909995,106.89712508343098,282.09988086505524,container,0
104.55243407932738,279.8053745744952,120.48392823766375,303.71933371009925,103.01335340733254,315.35824131523134,87.08185924899618,291.4442821796273,container,0
89.49464645954683,295.8627708367415,92.51506912950055,300.34615232822637,73.85419619173575,312.91785156225336,70.83377352178204,308.4344700707685,container,0
166.70624825616153,329.95506442663356,175.0528329504014,342.4837000534098,165.5559025738952,348.8105608612538,157.20931787965532,336.28192523447757,container,0
140.25293760683667,352.84189573784664,145.50211729391398,360.7211735560245,137.3816669678555,366.13102251491347,132.13248728077818,358.2517446967356,container,0
127.33413909816478,356.5381629887001,134.46656722599056,367.2442896765857,126.34611689993208,372.6541386354747,119.2136887721063,361.94801194758907,container,0
117.29425837763786,362.3378116055615,124.95691821691776,373.839842265422,115.85225264661777,379.90537602017713,108.18959280733787,368.4033453603166,container,0
112.22471294143337,375.9978936119232,114.86318689385399,379.9143273619813,105.7782232662103,386.03480364729336,103.13974931378968,382.11836989723525,container,0
182.4129445410482,329.9867340840371,186.3193861563776,335.8504957768302,177.77647990683477,341.5417851295486,173.87003829150538,335.6780234367555,container,0
180.67668692832038,308.1580811816994,194.10983921907996,328.32190585193456,185.76565670865128,333.88080532847783,172.3325044178917,313.7169806582427,container,0
199.51976912784647,314.0423964617714,204.5921221014507,321.6562486545777,197.07034543848852,326.6672608540542,191.99799246488428,319.05340866124783,container,0
198.8813800769083,291.4253611286842,214.46942889490276,314.8237918554256,205.51938220189456,320.7863184198458,189.9313333839001,297.3878876931044,container,0
212.12197106133817,288.06289608198244,225.48574840399127,308.12258553065175,217.09726817700368,313.7109961729783,203.7334908343506,293.651306724309,container,0
229.84306658961466,293.95253414008687,235.4912313485264,302.43070824562716,227.46937477519285,307.7748739863306,221.8212100162811,299.2966998807903,container,0
239.73758811218798,287.37201168759265,244.51461910424558,294.54257100853386,236.41850937430715,299.93620424744535,231.64147838224955,292.76564492650414,container,0
253.28907503270412,283.86624552027706,256.0101933318772,288.0472758935557,245.7200198681597,294.744376085112,242.99890156898664,290.56334571183334,container,0
170.13359916805746,246.92810189622676,173.351580965634,251.87256889731748,155.36198342871512,263.5806453000446,152.14400163113856,258.6361782989539,container,0
181.6919007752782,224.72136485864445,190.19868802696595,237.49047243200346,172.0191755730513,249.60167471426115,163.51238832136357,236.83256714090214,container,0
175.82712099244438,221.55955320906494,178.84861937977453,226.20212113199528,160.51086519241866,238.13678652066656,157.4893668050885,233.49421859773622,container,0
203.86244040286903,209.37611337577033,215.1704911745471,226.35005576746644,196.62603277710883,238.70438525983542,185.31798200543076,221.7304428681393,container,0
224.76307141731294,197.18124033099951,230.32770222581956,205.53402585361277,212.39579566753648,217.48027293721617,206.83116485902985,209.1274874146029,container,0
244.84968592204652,184.46897400269137,250.41431673055314,192.82175952530463,232.48241017227005,204.76800660890802,226.91777936376343,196.41522108629476,container,0
266.71145861348356,178.4135508745216,280.2267816486626,198.7007178882093,261.4534373725069,211.20753129254933,247.93811433732785,190.92036427886163,container,0
286.44084994718196,166.94243425614508,289.4623483345121,171.58500217907542,271.12459414715624,183.5196675677467,268.1030957598261,178.87709964481635,container,0
317.14983654790177,132.08623202190446,319.7431136461856,136.07083288161255,303.44874866162803,146.6756098801866,300.8554715633442,142.69100902047853,container,0
332.09543901882137,144.6282533054674,334.5963197616157,148.4708860747771,325.81416502237494,154.18653026618205,323.3132842795806,150.34389749687236,container,0
373.11119774576116,95.74375336088681,375.9380742196663,100.08728241748686,362.74454650350526,108.67395758936331,359.9176700296001,104.33042853276326,container,0
403.58883786556135,114.8223514636478,406.2802561324405,118.95774738687479,387.14032335545323,131.41449050389778,384.44890508857407,127.2790945806708,container,0
343.13051921285506,119.73151741831295,358.9226700675705,143.4363153769744,339.25984619215063,156.53570063272892,323.4676953374352,132.8309026740675,container,0
385.92473287363737,94.37664812528863,399.7515140955869,115.13132925139134,389.0344830339536,122.2710218796571,375.2077018120041,101.51634075355439,container,0
401.462146171448,77.32190931210165,411.8052697357571,92.84744833519221,393.8813690233669,104.78836191938,383.5382454590578,89.26282289628944,container,0
422.8930036994446,68.6739430577129,438.4971155351726,92.0964851669686,419.761547036991,104.57813232498754,404.15743520126296,81.15559021573183,container,0
451.1831162293447,67.05289075549811,461.9106647495388,83.15547061320049,442.5928628377711,96.02500202638328,431.86531431757703,79.9224221686809,container,0
444.35435581936787,56.33055482480549,450.14873354171317,65.02820180576448,440.98885615786475,71.1305177043725,435.19447843551944,62.4328707234135,container,0
468.94315453070607,49.412406275192154,480.6751320884486,67.0226836984728,469.65861829088925,74.36189190803034,457.9266407331467,56.751614484749695,container,0
488.3826528254214,37.08117794553846,502.2743044948898,57.93323281547553,491.9004802931906,64.84428082437333,478.0088286237222,43.99222595443626,container,0
506.3774316281082,15.909091081718387,524.3804005213306,42.93243604568043,514.765220832663,49.33807461739208,496.76225193944066,22.314729653430035,container,0
525.7251639789165,3.0018687123801655,536.0870381311711,18.555553293535837,518.0005343108071,30.604793167407486,507.6386601585525,15.051108586251814,container,0
277.69806110819565,239.830934195032,294.4159870090837,264.9253661957303,275.97692245752984,277.2094822437043,259.25899655664176,252.115050243006,container,0
298.6595809026311,225.80217437554654,315.4813931788693,251.0525449536425,296.05619904642117,263.993621129728,279.23438677018294,238.74325055163206,container,0
329.3394334817782,228.6713698703311,336.0737843948029,238.7799630090745,317.74884958009307,250.98804575676922,311.0144986670684,240.87945261802582,container,0
349.1035060864231,215.71268571107,355.58010748220613,225.43438410150668,336.452335821031,238.17731724586858,329.975734425248,228.4556188554319,container,0
406.9939283235121,158.38110234446282,421.97078742529783,180.86210713787662,411.54751054840773,187.80610054914172,396.570651446622,165.32509575572792,container,0
443.9825276000289,147.67504532056398,457.3205131123407,167.69601995876513,438.18223529442616,180.44595231115318,424.8442497821144,160.42497767295202,container,0
470.20302716729236,141.36614774005403,473.464427322599,146.3773275600922,463.4071439821993,152.92285708134028,460.1457438268926,147.91167726130212,container,0
475.89798436602103,150.68705079961504,481.02330161260596,158.38040498056634,471.61615187877834,164.64745386951162,466.4908346321934,156.95409968856032,container,0
492.8673167436043,117.79187184862835,508.3238293632621,140.99286024883014,489.042445066489,153.83813022469693,473.5859324468312,130.63714182449513,container,0
519.1224562157478,91.88448947067745,538.320457534387,120.70163709389513,520.4464807522276,132.60929132532058,501.24847943358844,103.79214370210292,container,0
504.25772672008446,109.58500947439943,506.91742305211875,113.67166427044869,499.2674866476037,118.65043267903904,496.6077903155694,114.56377788298978,container,0
546.369554913255,91.6537668215405,557.316031906052,108.08496912327816,539.8082130217898,119.74868873984963,528.8617360289928,103.31748643811197,container,0
569.9084860554434,82.65808069014902,578.0630570895185,94.89849433491764,561.6795614051858,105.81318915010898,553.5249903711108,93.57277550534036,container,0
582.9543849752606,61.159381022954456,597.0020078827316,82.24555642012223,578.3143435040477,94.69528982452093,564.2667205965766,73.60911442735315,container,0
631.4713594263079,44.21875002528222,636.5965356252094,51.91189248669839,617.8276330991938,64.41574679438666,612.7024569002923,56.72260433297049,container,0
725.3064845634709,1.7235172315378833,727.9903930386187,5.847374271161161,708.8761861643965,18.287374332399533,706.1922776892487,14.163517292776255,container,0
646.032181187964,23.48236799554243,658.514471981972,42.21890262311438,640.1654705576872,54.44301856078323,627.6831797636793,35.70648393321128,container,0
675.7149510467749,20.61315254143334,680.70941835738,28.11009450951743,661.7008006585735,40.77364721149185,656.7063333479684,33.276705243407754,container,0
692.4720798312887,2.284019833380489,701.0343169475395,15.136360390542382,681.5536112472603,28.114418406966728,672.9913741310095,15.262077849804832,container,0
714.0517550433697,-3.9578654295676046,719.1752988112097,3.73282667224591,703.0129103435443,14.500219724867264,697.8893665757042,6.80952762305375,container,0
644.2342140008196,56.4273536047419,647.439890132418,61.35291280486202,626.1799293832079,75.18942272454774,622.9742532516095,70.26386352442762,container,0
242.33585320968706,343.40357228932345,245.53826809233172,348.32412054194657,226.89269848471406,360.4591198430896,223.6902836020694,355.53857159046646,container,0
251.87820545895025,329.95652979400904,255.0806203415949,334.87707804663216,236.43505073397725,347.0120773477752,233.2326358513326,342.09152909515205,container,0
247.9776955561194,386.2320774529284,262.9410103974393,397.0105811042806,250.3315686767828,414.5157054278956,235.3682538354629,403.73720177654343,container,0
241.57324187704023,381.12542995019646,244.0864992309866,383.3795346914806,238.777666201518,389.2987199927742,236.26440884757164,387.04461525149003,container,0
245.92471408419183,383.6830661127449,248.2636874479687,385.46185418255146,238.9791267011066,397.6703576293057,236.64015333732974,395.89156955949915,container,0
224.11268798374272,396.7125521382454,249.5128172352291,415.0089917163231,235.3424561865295,434.6810705730454,209.9423269350431,416.3846309949677,container,0
208.93224969216672,416.8929323334718,227.17704430412107,430.03517971839506,220.89311774424496,438.75887408234905,202.6483231322906,425.6166266974258,container,0
201.74794076070594,426.4761186896048,226.9506130508575,444.63032437089544,220.52679918327448,453.5482180314522,195.32412689312292,435.3940123501616,container,0
194.69050415354963,436.498452165854,209.42756058552956,447.11397541366046,196.12698817887218,465.5785655764721,181.38993174689224,454.96304232866567,container,0
180.41541409351998,456.1601028734558,206.5429778475682,474.98053432934466,193.34463052553576,493.30320997643116,167.21706677148754,474.4827785205423,container,0
165.7249143114917,474.9510318055759,176.59800098621344,482.78322712244056,163.7944952681162,500.5577618194246,152.92140859339446,492.72556650255996,container,0
332.4840161830274,357.89141510205775,355.2380750309402,374.2818144872301,341.95194862724384,392.72634990983875,319.19788977933104,376.3359505246664,container,0
362.1071565156732,349.99189180588775,369.9770331897385,355.6607890633902,357.5242086575796,372.9484887446934,349.6543319835143,367.27959148719094,container,0
328.85987956303194,384.67503370692344,341.9915616938114,394.13415992968737,328.07107569859664,413.4593484185785,314.9393935678172,404.00022219581456,container,0
303.84434818280926,396.48956419701636,327.0389319342462,413.19728626980833,320.4988778910801,422.2765509704205,297.30429413964316,405.5688288976285,container,0
296.5302330865217,406.48648742650107,320.6105445704777,423.832224518044,314.38574122179745,432.47384077058575,290.30542973784145,415.12810367904285,container,0
291.7297279045436,418.6489665443657,312.6977908900072,433.75286202790585,306.81647622715496,441.91762829117926,285.8484132416914,426.8137328076391,container,0
292.46430869197354,433.5270434544291,305.54872508195575,442.9521228122323,299.3552089659198,451.55030439817153,286.2707925759376,442.1252250403683,container,0
280.7599090273002,441.2451839495974,297.2510696455736,453.1242386125557,284.78812826725834,470.42598305917465,268.29696764898495,458.54692839621634,container,0
260.04252085497086,454.6599173229207,284.30743162317503,472.1386265586981,277.92976136471765,480.9924611092341,253.66485059651345,463.5137518734567,container,0
253.2302310876657,464.62905795963593,277.11413633625864,481.8333180223615,270.5375251626287,490.963333353165,246.65361991403574,473.75907329043946,container,0
256.9135760712965,482.2155029325794,269.25413737565196,491.10476219693885,255.91865296433863,509.6178191353166,243.5780916599832,500.72855987095716,container,0
230.32088304707113,494.1149019712856,255.00547398686723,511.8959188380841,242.2453238899012,529.6102648641626,217.5607329501051,511.829247997364,container,0
216.34696410944832,513.3141751890935,241.24538431403556,531.2492193911288,227.6487220669277,550.124857844806,202.75030186234045,532.1898136427707,container,0
406.6456169512785,388.0148220120263,426.7472573104452,360.85563445377414,443.8139291517815,373.48738563361456,423.7122887926148,400.6465731918667,container,0
404.6063898317262,428.8022661846512,444.18156927186794,375.3325143702848,465.0053428696896,390.7450522779932,425.43016342954786,444.2148040923596,container,0
434.30610484651856,449.4468399111572,449.64228594675683,428.72623146893363,457.00720610399355,434.1773141258508,441.6710250037553,454.89792256807436,container,0
443.07863879684595,456.5034111367111,461.2470910409945,431.9561406988058,479.717030709836,445.6265085580148,461.54857846568746,470.1737789959201,container,0
465.35565893658736,466.6758337864581,480.6604841338959,445.9975900882807,498.9694075337611,459.5487831332949,483.66458233645255,480.2270268314723,container,0
500.52186631856233,498.9187550245667,515.9983433968459,478.00859365465556,524.9385673988796,484.62562397759194,509.462090320596,505.53578534750307,container,0
510.8573061186153,506.06984893474635,529.4643327646451,480.93002364927077,537.7950209952072,487.0959112847506,519.1879943491775,512.2357365702262,container,0
522.7528410188818,509.57160877155326,535.9214576790952,491.7795816848502,553.7246231912741,504.9564423554045,540.5560065310607,522.7484694421075,container,0
558.1040872238781,541.7157203131875,577.2122624519417,515.8987966371916,594.874690946527,528.971492007999,575.7665157184634,554.7884156839949,container,0
541.8464687171174,522.5257714587526,557.1276724924828,501.87944250073997,575.6394065991155,515.5807441555821,560.3582028237502,536.2270731135948,container,0
576.5121916462186,555.5972564434496,595.3190991835838,530.187373465164,604.4180529779863,536.9218862861921,585.6111454406212,562.3317692644778,container,0
595.6622032451669,569.5256064378377,614.6019366920508,543.9362632898965,633.8008573339098,558.1461801807854,614.8611238870259,583.7355233287267,container,0
524.8980635357452,466.3731223871926,535.5085124968931,449.5981093719104,544.0239918225511,454.9842785917072,533.4135428614032,471.7592916069894,container,0
534.2382127649412,473.93193775990113,545.0709433276633,456.80549976975504,551.2205150831294,460.6951967365978,540.3877845204073,477.82163472674387,container,0
542.517942863716,480.0945123808251,557.5954589558911,459.7233844458249,576.1061778044128,473.4239346660605,561.0286617122377,493.79506260106075,container,0
564.8380802738992,496.79778362196856,574.7682634600018,483.381181652161,593.5175148247084,497.25827967391064,583.5873316386059,510.6748816437182,container,0
601.2819670227733,516.8427317547004,612.9348894843197,499.12573730368325,624.1719068958986,506.51661237327824,612.5189844343522,524.2336068242954,container,0
612.8744527577943,526.6263202782491,627.224177444834,504.809132916636,637.588894588156,511.6262736873753,623.2391699011163,533.4434610489884,container,0
621.3218141995741,536.7037430171281,639.2757715483988,512.2043157604195,649.0547923190551,519.3706923450623,631.1008349702304,543.8701196017709,container,0
637.3640576935379,542.364351670573,652.5269886623222,521.6734746092803,670.6058220125121,534.9222170996558,655.4428910437279,555.6130941609484,container,0
631.5224998539984,597.9513007064984,665.7166570745559,543.0811377470245,687.7456289072525,556.8092202900052,653.551471686695,611.6793832494791,container,0
351.6346989526164,462.11114680136023,371.68884426090153,434.5997469010792,389.7891004910922,447.79373811465354,369.7349551828071,475.3051380149346,container,0
350.60656484788706,502.3595980396302,386.656090536363,452.90483932591036,405.4181050133259,466.58121224626177,369.3685793248499,516.0359709599817,container,0
391.4389461545419,488.436245028309,409.99767165202326,462.9763457929218,428.01981519423475,476.1133975849896,409.4610896967534,501.5732968203768,container,0
484.73370356037793,486.8553461497176,499.26564130065634,467.22134536066835,507.8427689138496,473.56963299722923,493.3108311735712,493.2036337862785,container,0
495.33562717338623,494.18918858414816,509.80916527453303,474.6340911444858,514.0919575024249,477.8039631781563,499.61841940127806,497.35906061781867,container,0
422.52425385928444,504.32804302148554,434.57693137640405,487.7935048526804,444.0504632978977,494.69913620640773,431.9977857807781,511.23367437521284,container,0
431.7413293294406,518.9696394127204,449.6402504351603,494.41489680199464,457.9487214064911,500.4712692422438,440.0498003007714,525.0260118529696,container,0
441.5944322169184,525.4424978284464,459.4901753220086,500.89211497700524,464.7815551464136,504.7492105906262,446.8858120413234,529.2995934420675,container,0
448.6198895355277,529.8116184720088,459.95506356568535,514.2613917787719,477.70519849364825,527.2001657552789,466.3700244634906,542.7503924485159,container,0
467.31033679552,543.738673231254,482.0106304847029,523.5719868869795,490.67431858046814,529.8872911102429,475.97402489128524,550.0539774545174,container,0
476.6580461420315,552.272747576553,495.2529771746797,526.7631795599104,504.2157338569152,533.2964866805894,485.620802824267,558.806054697232,container,0
490.2885539481072,555.5568024582046,502.1938025021772,539.2245155993901,518.8894114439648,551.3946039606694,506.9841628898948,567.726890819484,container,0
508.6253826266643,569.1695632173174,520.5620762519145,552.7941382484097,528.5883711018196,558.6448213757882,516.6516774765694,575.0202463446959,container,0
514.6710054909298,579.2612632354633,520.772145412662,570.891377725309,529.4517551288399,577.2182878461442,523.3506152071077,585.5881733562985,container,0
531.2461572365279,558.7513045775144,534.3514067350212,554.3098039554259,543.017802754143,560.3688646607847,539.9125532556496,564.8103652828731,container,0
536.494743692783,570.8151922733806,542.6924931580124,562.3127723797122,561.0130875957866,575.6673768099116,554.8153381305572,584.16979670358,container,0
523.9637209484888,587.0401364538359,526.4645887544175,583.4630950852816,545.0046516004636,596.425272906085,542.5037837945349,600.0023142746393,container,0
545.7742939412674,596.3136927701042,555.1390764109552,583.4665595942872,574.8943828824579,597.8669822563551,565.52960041277,610.7141154321721,container,0
382.9435334727125,518.4125738216269,391.98565763111,506.0080813914812,400.6112504725967,512.2956164802176,391.5691263141992,524.7001089103634,container,0
392.1057879923172,525.9448890663792,400.80062855983056,514.0168197198775,418.53754757368523,526.9459600949368,409.84270700617185,538.8740294414386,container,0
411.30625258135825,540.3687489576137,423.60862385084687,523.491666912297,441.971114721569,536.8768113061944,429.6687434520804,553.7538933515111,container,0
436.3602507935384,547.169895932668,439.9634606077161,542.0105921959533,454.00901727868165,551.8198785309033,450.40580746450394,556.9791822676181,container,0
375.52364295461143,527.4644022549223,378.9131672011541,522.8144630236646,443.89592518823804,570.1829602985995,440.50640094169535,574.8328995298572,container,0
441.6403786315463,575.7037788920125,453.9406513330188,558.829575779855,461.3632131253533,564.2401740512166,449.0629404238808,581.1143771633741,container,0
465.3242692880489,586.2163705446103,476.98907494701007,570.2139367181156,494.9208875505015,583.2851427234373,483.25608189154036,599.2875765499319,container,0
454.58485331214,586.1003752260915,457.05399647075177,582.564899863379,481.7212113903928,599.7922536736196,479.25206823178104,603.3277290363321,container,0
456.2070718287646,577.707845007164,470.5815015990152,557.9881970406914,479.5838081213608,564.5503336009249,465.20937835111016,584.2699815673975,container,0
481.39713695554633,604.7159437783118,499.40539380486916,580.0112082698873,507.8903870391865,586.1962547552564,489.8821301898637,610.9009902636809,container,0
491.3737044388297,611.2104504075401,509.3059875926774,586.6099398703615,518.0027276320599,592.9493369599431,500.07044447821215,617.5498474971217,container,0
500.31789072554534,619.4662140553094,515.124613611686,599.1535221768394,532.7811948915257,612.0241012065105,517.9744720053851,632.3367930849805,container,0
528.0821709823821,621.4427661382999,537.6137006266974,608.3668798477081,555.6320084991975,621.501135668723,546.1004788548821,634.5770219593148,container,0
537.579816953057,647.4982884855984,553.2886010959901,625.9480984445958,571.7983809714029,639.4406076077559,556.0895968284699,660.9907976487585,container,0
573.5991334997561,674.358649778879,591.5783591683828,649.6937408703636,612.1000599786412,664.6528186168171,594.1208343100145,689.3177275253324,container,0
598.3677321711647,642.1106926724074,612.8303203690115,622.2701040366171,632.6991548598013,636.7532817530841,618.2365666619545,656.5938703888744,container,0
543.0063497669712,716.6620864501946,555.6636222203202,699.2981310804769,576.2811736984268,714.327078162111,563.6239012450777,731.6910335318287,container,0
332.27631410562776,565.3889339249802,347.3922148003841,544.6520946095408,366.90875931025903,558.8784742534442,351.79285861550267,579.6153135688836,container,0
360.8899052364869,587.0035193448408,379.72351868657915,561.1665134177551,389.22224141605705,568.0905073457456,370.3886279659648,593.9275132728312,container,0
372.27485911370644,595.7552939008964,388.3564026209424,569.8726795842667,407.25232394778567,581.6132084663008,391.1707804405497,607.4958227829304,container,0
391.62538940486957,607.7012359162475,404.9991119754573,587.3420043281361,422.79865163153545,599.034297537452,409.4249290609477,619.3935291255633,container,0
408.7221787673793,622.7393768540333,423.84795530936236,601.3503663195147,442.64758426113644,614.64499657545,427.5218077191534,636.0340071099686,container,0
428.86211553413574,636.107480135628,443.5042882288765,615.4023226088865,452.00781508322,621.4158054116546,437.3656423884793,642.120962938396,container,0
437.9058291937473,643.9857458790899,453.08986780406417,622.5143483021675,461.5125015697474,628.4706255235511,446.32846295943057,649.9420231004735,container,0
450.70814526890376,646.0783032875812,465.11917669570477,625.6999972782612,483.0563444845178,638.3847164396167,468.6453130577168,658.7630224489367,container,0
468.80453947369926,660.7856424699739,483.47677939020025,640.0379675808222,501.9201397924868,653.0806535750166,487.2478998759858,673.8283284641684,container,0
487.6040912130568,680.736508697364,504.8169736004488,656.396170091179,520.5211331716155,667.5017613512217,503.30825078422345,691.8420999574067,container,0
504.70067504817695,692.6302042392015,519.5475473316849,671.6355857615858,528.942007842155,678.2791146983045,514.0951355586471,699.2737331759201,container,0
456.5169199428998,715.5987143300233,474.31232970757355,690.4346372417352,493.88361472363897,704.2749634837892,476.0882049589652,729.4390405720773,container,0
493.2998408506156,709.7162167685105,496.0061298171219,705.7674882437793,505.9688847165555,712.5955326361648,503.26259575004923,716.544261160896,container,0
476.5668402419567,731.0475350070748,479.6440242294231,726.5576359838965,490.4926450068813,733.9928148086661,487.41546101941486,738.4827138318444,container,0
524.3249599844025,747.1888634875133,533.4330341744063,734.6938971097093,550.9525933452608,747.4645953156491,541.844519155257,759.9595616934532,container,0
514.086406226908,760.3974985103702,517.8053694209503,755.3423176302889,535.9189841864667,768.6680260909787,532.2000209924244,773.72320697106,container,0
266.40250819794284,575.3881154037198,281.67478964305445,554.4367442150148,300.2317405104887,567.9636381761771,284.9594590653771,588.9150093648822,container,0
285.38922822830415,590.8815118489517,300.9706045397497,569.5061070081458,318.04006241414066,581.9487086128424,302.45868610269514,603.3241134536484,container,0
304.59687102267713,603.9839844534764,317.2075257042378,586.6839819544701,326.83613554068603,593.7026557215926,314.22548085912535,611.0026582205988,container,0
315.5826555581036,609.9256511202465,326.8811468345426,594.4257478834063,334.2336818718137,599.7853008889291,322.9351905953747,615.2852041257693,container,0
321.85651613012334,619.3338924010044,335.01800103555973,601.2782301452123,353.9246868719451,615.0600597298672,340.7632019665087,633.1157219856593,container,0
364.04695746513,643.5586857937129,371.31909584050646,633.5823590094192,388.6682133960034,646.2288155943094,381.39607502062694,656.2051423786031,container,0
391.1997370529026,646.4586820515527,396.81059448284003,638.7613935276335,413.3787295466051,650.838561147615,407.76787211666766,658.5358496715343,container,0
426.86403864576266,679.5280564549846,438.9642599182597,662.92829509931,457.5627622911162,676.485477592882,445.46254101861916,693.0852389485566,container,0
515.1965425412889,373.092452056802,527.4932432938481,356.47846453542235,545.91481522082,370.1130334242106,533.6181144682607,386.72702094559025,container,0
508.7018001595021,381.2288378829808,511.9481019808128,377.20863138303196,529.9507770356253,391.745724644198,526.7044752143146,395.76593114414686,container,0
576.2218162420093,432.36991900231106,582.2295800229068,424.2528708203868,591.61661435874,431.2006039899946,585.6088505778424,439.31765217191884,container,0
588.0015677767595,420.3675199337767,596.557108234541,408.80818826713784,604.5092065514003,414.69386581634245,595.9536660936188,426.2531974829813,container,0
567.8043212644073,426.51411736950973,571.2728079566597,422.2187580613759,578.7169350815067,428.22986307395837,575.2484483892543,432.5252223820922,container,0
602.3684163128264,437.6761046430001,613.4625205169156,422.6869370185653,632.6197874817549,436.86602429670216,621.5256832776657,451.85519192113696,container,0
596.5562916574596,447.4901264715509,599.5371532993835,443.7986399715457,617.5268215533416,458.3252302893173,614.5459599114178,462.0167167893225,container,0
635.0331466694347,457.39661099540587,638.1755523133778,453.12131389215523,656.2926354570786,466.43763389229395,653.1502298131355,470.7129309955446,container,0
665.2142196789055,479.09405692211004,671.0825953574964,471.1100305479769,688.6849498737283,484.0480175095001,682.8165741951374,492.0320438836332,container,0
466.4336184896956,276.0109080980219,489.439177622481,244.92825592606357,508.8417805815469,259.28892654179197,485.83622144876153,290.3715787137503,container,0
497.14843311260444,313.16260135006826,504.19389550491974,303.64352573591094,523.5932464329923,318.0017893887165,516.5477840406769,327.5208650028738,container,0
515.9568439174228,327.991825752871,547.1227311031889,285.88381066685054,556.531572121194,292.84768386573967,525.3656849354279,334.95569895176016,container,0
526.4485742077477,336.4266320013067,548.7511989357542,303.3488286240815,567.7709988780534,316.17288032054097,545.4683741500469,349.2506836977662,container,0
546.6686185098996,350.4095882054692,575.9098484979601,307.0408964999285,584.8982833547724,313.1013258221985,555.6570533667119,356.4700175277392,container,0
554.2190496006825,357.9433015206976,586.2450373224729,314.8011849681028,594.782239426392,321.1386656391135,562.7562517046017,364.28078219170834,container,0
568.6083324914864,359.86667131061137,583.6286419114085,339.63285540836483,601.1184138375845,352.6161595603939,586.0981044176624,372.84997546264043,container,0
584.1576629790196,378.9989673161036,616.5082748300538,335.4195505265486,635.3870051791815,349.4339298541617,603.0363933281474,393.01334664371666,container,0
604.21868053746,393.3157759686851,635.5176920955616,351.1529669290161,644.5289087995069,357.84232615799874,613.2298972414053,400.00513519766776,container,0
614.0814058775375,400.5346263440996,645.1049590066956,358.7428865669966,663.2495196600901,372.2122645933266,632.2259665309319,414.0040043704296,container,0
632.6389379391176,415.210460095905,663.9379494972192,373.04765105623596,672.9491662011644,379.7370102852186,641.6501546430628,421.89981932488763,container,0
643.579154727285,423.80608021641297,675.0768806202543,381.37558366402743,692.2902530642457,394.1537062642436,660.7925271712763,436.58420281662916,container,0
662.2303370727185,436.5929029461006,691.5463926479987,397.10132824501653,709.2798509685925,410.26552981467876,679.9637953933124,449.7571045157628,container,0
681.9420725142428,449.85996906981137,702.5446779919562,422.1062580983345,710.7592159858503,428.2042132742683,690.156610508137,455.9579242457452,container,0
690.2577992532124,458.0031494521738,721.7802165318194,415.5393912047461,731.6650215338411,422.8772473166758,700.1426042552341,465.34100556410345,container,0
719.2581263529331,479.98116003722185,748.4340335068568,440.67837887410286,767.9988446293704,455.20206131849335,738.8229374754467,494.50484248161234,container,0
710.4453441375456,452.9889191192581,713.5877497814887,448.7136220160075,731.7048329251895,462.0299420161462,728.5624272812464,466.30523911939684,container,0
572.0372961173637,235.6171262363744,575.5770924663211,230.93928895279038,585.3352722373422,238.32346395330828,581.7954758883848,243.0013012368923,container,0
585.4133780681449,237.9924661724939,588.6991927374922,233.6502654208187,595.4728114658291,238.7759740314924,592.1869967964817,243.1181747831676,container,0
591.4433920082444,247.32578681830162,598.6789675319334,237.5498506644068,616.5789413578569,250.79836318030803,609.3433658341679,260.57429933420286,container,0
596.5423145388685,279.1152615218771,605.8442428087195,266.5474904335296,616.1526327150708,274.1771570476393,606.8507044452198,286.74492813598675,container,0
612.6332930092705,258.49025485753543,623.4203405604005,243.91594935776925,642.0703268579454,257.7195771891446,631.2832793068153,272.2938826889108,container,0
632.1163943817419,273.32567175420434,648.3923126502243,251.33539090954076,667.1274276893687,265.20202605084364,650.8515094208863,287.1923068955072,container,0
653.8513800831541,284.53552028954186,662.3888307214006,273.00062965323025,671.6908138695161,279.8854129137528,663.1533632312696,291.42030355006443,container,0
662.1076055189129,294.2405929609736,675.0845833807019,276.7074877322308,684.2177429247328,283.46731764625986,671.2407650629438,301.00042287500264,container,0
673.000234193572,303.17451728307356,686.4019221877882,285.0675891255359,703.5238962614429,297.74027177958715,690.1222082672268,315.8471999371248,container,0
691.4607909601361,317.03051741307314,699.702842754765,305.89473811568473,718.7577433928548,319.99805983269067,710.5156915982259,331.1338391300791,container,0
641.342810401709,300.3562559716812,645.1754281059951,295.29145556413414,664.0267235313996,309.5565406183197,660.1941058271135,314.62134102586674,container,0
729.7189341103478,345.12027999410145,740.4770131023104,330.5851137147005,759.5466311933294,344.69932842860317,748.7885522013669,359.2344947080041,container,0
749.2440205490361,361.6322425211,753.3848769230573,356.16010502424444,771.0285849470881,369.51138884608906,766.887728573067,374.98352634294463,container,0
740.9769847735759,389.2662615694132,751.1089151465854,375.5770803677291,762.1861893682315,383.77583013098325,752.0542589952219,397.46501133266736,container,0
762.7617599343826,381.63082206726097,784.2159423778285,352.6442242334779,803.8104153330885,367.1469057856872,782.3562328896426,396.1335036194702,container,0
736.8996437360973,274.5041383868053,744.140134970868,264.7215606495938,754.8445131003417,272.64431455987534,747.6040218655711,282.42689229708685,container,0
790.0946897360654,392.6594641170892,798.4508431583997,381.36952289797796,815.8959542152706,394.2813726261335,807.5398007929364,405.57131384524473,container,0
816.4846971782468,312.8509804783109,819.83165707727,308.42797636765846,836.9963520498239,321.4167831412587,833.6493921508007,325.8397872519111,container,0
796.0751855868917,299.16556740670046,799.2236985716967,295.0048106918385,817.2251548107623,308.62680846730234,814.0766418259574,312.7875651821643,container,0
828.6795152370067,343.17947894472627,841.8855624619945,325.33687968028266,859.9088261985506,338.67664416895127,846.7027789735629,356.5192434333949,container,0
770.5261764817308,266.91545170052524,747.5959586000117,248.98342070909882,754.3895923528971,240.29620049200554,777.3198102346162,258.22823148343195,container,0
782.0169754757256,247.32630530397122,765.7869158989444,234.63397360329574,779.7128445786942,216.82647711923224,795.9429041554755,229.51880881990772,container,0
826.4220506090908,285.5128173655024,814.7580676445168,276.3912771741657,829.1631145059246,257.9711181143035,840.8270974704985,267.09265830564027,container,0
867.4700665929115,257.8721021386629,855.7167584497909,248.68070731802092,862.7771534534752,239.65237160730925,874.5304615965958,248.84376642795124,container,0
