696.342627215283,117.682710691421,692.1802411516477,120.09883260313586,684.5488672671555,106.95184521430224,688.7112533307908,104.53572330258737,container,0
703.2521207645877,111.44574601243136,698.0674492105095,112.09335831043886,696.0211508605882,95.71104920569272,701.2058224146665,95.06343690768522,container,0
706.8972568556034,118.41267500904269,704.3234098704272,115.34226707347757,710.6975978871018,109.99894300906658,713.2714448722779,113.0693509446317,container,0
712.5793705372815,128.1326673542185,710.0460677428607,124.81559098017614,716.2180799457038,120.10192931021346,718.7513827401247,123.41900568425585,container,0
716.1005330349926,150.89882355284334,703.7736733782953,137.34853037636523,714.8462214714295,127.27570430474712,727.1730811281269,140.82599748122524,container,0
718.9388662273202,168.16679557118607,710.3619383778554,156.65956262837645,736.9249310242499,136.8608088770369,745.5018588737147,148.36804181984652,container,0
755.1543784726281,205.30456692334874,754.1730959112124,200.07690627275844,777.5096081664227,195.69641678599046,778.4908907278384,200.92407743658077,container,0
756.530955302272,222.44664973942702,755.5154306493337,216.08973427273185,783.9513904939266,211.5470565537277,784.966915146865,217.90397202042288,container,0
433.43612412269135,13.509037542499856,433.44850595619033,7.962514710768183,445.11840629021845,7.98856612482872,445.10602445671947,13.535088956560394,container,0
396.81562005449024,62.06518615029661,396.9421617783417,55.5652420036675,425.85819387379905,56.128182925275354,425.7316521499476,62.628127071904466,container,0
294.9424212119041,388.74189004910625,294.3837008120718,355.84856453489016,325.3985500208931,355.3217516122138,325.95727042072537,388.2150771264299,container,0
297.18175452863954,334.4672521733309,297.1822046299421,328.6284279878931,325.39311658202905,328.63060270112527,325.3926664807265,334.4694268865631,container,0
518.6126787555049,995.8722896994029,533.1917592695536,995.8722896994029,533.1917592695536,1020.6405967793771,518.6126787555049,1020.6405967793771,container,0
517.3831135179106,970.354565590266,523.9897335246345,970.3545655902661,523.9897335246345,983.0640616017579,517.3831135179106,983.0640616017578,container,0
577.270466617354,917.855419135415,576.7920718852573,924.5796262973342,553.9055107123054,922.9513584529178,554.3839054444021,916.2271512909986,container,0
685.7977438488417,1008.9726411256937,702.2384554953782,1008.9726411256938,702.238455495378,1020.9621465127215,685.7977438488416,1020.9621465127213,container,0
685.7691529646199,969.0145669348874,693.3284689709027,969.0145669348874,693.3284689709026,990.836989363243,685.7691529646198,990.836989363243,container,0
685.1622122658082,945.0404093318291,692.4180579226852,945.0404093318292,692.4180579226852,968.2284483325109,685.1622122658082,968.2284483325108,container,0
873.6734807329967,524.9995480623533,872.0759325040102,537.4726016698884,835.5470453552823,532.7939832010283,837.1445935842688,520.3209295934931,container,0
876.0172986776549,424.66025019042183,868.8405523384481,517.9673295818413,833.5848724312641,515.2556267468536,840.7616187704709,421.94854735543413,container,0
719.3047947471771,427.8836586780997,719.3628263298457,432.73795710450247,694.4550537947305,433.03572154623936,694.3970222120619,428.1814231198366,container,0
719.3817005580893,440.59340228730144,719.6246007080227,446.1202935690284,695.0641803346946,447.19969417363853,694.8212801847611,441.6728028919116,container,0
786.1691248644016,444.1479034398106,785.1758304998096,439.61606113376035,803.2681481598723,435.6505663171917,804.2614425244643,440.18240862324194,container,0
814.1866770257212,446.56972967951185,815.5324128776484,453.06298888708943,786.8997009946728,458.997153177629,785.5539651427456,452.5038939700514,container,0
864.720537895221,405.1036210539105,864.1504349677557,409.9152601410384,846.2991685980751,407.8001681667579,846.8692715255404,402.98852907963,container,0
866.4869100442061,392.35991115882706,865.9118300443687,396.8901409278858,849.237944539042,394.7735114052105,849.8130245388794,390.2432816361518,container,0
828.1269962172809,351.33164992836595,809.0350176833622,351.774910372303,808.1206590788951,312.3919356729663,827.2126376128138,311.9486752290293,container,0
