1.1509140469675856,228.8525845397308,28.74802328488387,210.23537005907895,44.725105519764455,233.91889608803478,17.12799628184817,252.53611056868664,container,0
93.27566665286756,288.647459896243,105.5335381611506,304.8170156204586,82.76713263793499,322.07584934284154,70.50926112965195,305.9062936186259,container,0
127.8936125127448,269.48032393843744,113.62592809100578,280.20846116279216,95.07522757995986,255.53730575540828,109.34291200169888,244.80916853105353,container,0
106.30264488960646,277.72407089350224,102.06678549497623,280.8321420622481,86.33806371121355,259.3961290766898,90.57392310584378,256.28805790794394,container,0
180.4617436752174,226.90558976976334,160.55135050372957,241.8765846292461,144.22170565192408,220.15928044192484,164.13209882341192,205.18828558244206,container,0
200.20195717134607,214.73439571847155,186.03086841197398,224.81454194415073,169.04986172514543,200.94193656770204,183.22095048451752,190.86179034202286,container,0
228.9645665751924,193.03387963906218,205.0409965519934,210.05113838106493,189.10546399691862,187.64830401636678,213.02903402011762,170.63104527436403,container,0
73.95006739597443,479.51505667729595,26.541668606017378,518.5258032457456,-13.169411491483714,470.2663135602838,34.23898729847333,431.25556699183414,container,0
153.134419857907,458.0290640904289,90.7143147342814,591.5125187724243,54.47954759754437,574.5682616793368,116.89965272116999,441.08480699734145,container,0
117.6204617912411,456.430966674266,114.21315779501353,453.7718595098086,130.24068346754382,433.23464573986433,133.6479874637714,435.89375290432173,container,0
109.79094630415034,455.0236671317982,106.18374141203364,452.6427756388766,120.53434752387722,430.90067746876605,124.14155241599391,433.28156896168764,container,0
97.07637050619442,429.23424314643694,93.78121239792598,432.0311172008573,76.92330937347106,412.1698525323101,80.2184674817395,409.3729784778897,container,0
78.67874307951922,430.4676102356998,59.22464259096941,445.7685004736626,50.495854269354936,434.6704060156909,69.94995475790475,419.3695157777281,container,0
74.55258816166959,456.11593312905075,70.19150832445042,459.81754338422104,60.37584918571002,448.25315107706626,64.73692902292917,444.55154082189597,container,0
80.84361377567525,451.91377619183834,76.48253393845609,455.61538644700863,66.66687479971567,444.05099413985386,71.02795463693484,440.34938388468356,container,0
88.24394952879366,446.7007254363373,83.76278872615721,450.2560220046556,74.33511351291664,438.3732077826219,78.81627431555309,434.81791121430354,container,0
162.54061675800932,368.2611285446888,170.79517186202403,376.25148116295856,151.99658831701606,395.6716433464009,143.74203321300135,387.68129072813116,container,0
222.91580471910657,314.1059620205461,231.8364069567388,325.4270827374305,210.60674502308729,342.15522957779257,201.68614278545505,330.83410886090815,container,0
255.04281498373052,293.8987693889768,262.61871707191415,303.5133334951765,241.38905513826262,320.24148033553854,233.81315305007902,310.62691622933886,container,0
262.98049527187555,250.8495726211046,271.6418325502552,261.8416606310967,250.41217061660362,278.56980747145883,241.75083333822406,267.5777194614667,container,0
270.41362876554075,239.37508746117481,250.21382234599645,255.71435861230196,233.21580057042678,234.70015631368716,253.41560698997108,218.36088516256,container,0
178.65389161861702,333.3273031351026,182.67107098140468,337.5482420218487,163.80032975753278,355.50802638240464,159.78315039474512,351.28708749565857,container,0
190.9232519208539,340.4081528862284,194.94043128364154,344.62909177297445,176.06969005976964,362.5888761335304,172.05251069698198,358.3679372467843,container,0
190.8815672169367,351.31572734148745,194.89874657972436,355.5366662282335,176.65239114195887,372.9022060944566,172.63521177917121,368.6812672077105,container,0
347.6540729899263,217.707416573705,318.8001044451021,241.04688854922964,303.6792274253348,222.35335039395122,332.533195970159,199.01387841842657,container,0
373.6183227302458,198.85665173760086,358.8575725676015,210.79636513347458,343.73669554783424,192.10282697819613,358.49744571047853,180.1631135823224,container,0
311.47395709369846,242.6659476937191,318.046990729708,252.13983759794675,300.46470832551256,264.3385157342657,293.891674689503,254.86462583003802,container,0
294.6752581862843,232.97497246641814,301.2482918222938,242.4488623706458,289.1237503339429,250.86093173494777,282.55071669793335,241.3870418307201,container,0
515.4445110119726,142.8761135797824,525.1896661590682,160.1630462841068,416.70136188593517,221.32111144638557,406.95620673883957,204.0341787420612,container,0
509.4476993437745,138.2851296379631,512.2191271051036,143.41087283111924,473.5203461512341,164.33483874660783,470.74891838990504,159.2090955534517,container,0
417.15537808472385,174.58512567102284,423.3851756963594,184.6482677617883,397.5131100336418,200.66490863001005,391.28331242200625,190.60176653924458,container,0
446.96422004036765,155.59838593125554,452.6330215821178,164.75533756198521,426.7609559194002,180.77197843020699,421.09215437765005,171.6150267994773,container,0
734.6050489566733,159.99346831577267,734.8701358517984,153.43733934830811,765.1272106317595,154.660737187001,764.8621237366343,161.21686615446555,container,0
200.90481421183645,844.8881424005419,197.69922720257438,840.3106805688199,212.77907251739092,829.7502962292149,215.984659526653,834.327758060937,container,0
