51.53118300905311,164.8379367487799,17.732529277583062,209.300492391887,0.9362012259157702,196.53259662954594,34.73485495738582,152.07004098643884,container,0
73.47722813406324,180.96308002212422,39.644844322875954,225.39997521101787,21.88584168450887,211.87901721404037,55.71822549569616,167.44212202514672,container,0
91.09830631614045,202.80816502236223,61.312613233311694,242.7836987293606,43.41429995457242,229.44770001754063,73.19999303740117,189.47216631054226,container,0
84.8964849941513,186.69162813126306,81.8276036050784,190.81038981562313,75.62843962349113,186.19140468639247,78.69732101256403,182.0726430020324,container,0
95.56577151872068,195.07562752972967,92.49689012964778,199.19438921408974,85.11160610692653,193.69162832932926,88.18048749599943,189.5728666449692,container,0
104.41322206260472,216.25701057985256,76.03193929027566,254.34767789983366,64.09618660465867,245.45437158872622,92.47746937698773,207.36370426874512,container,0
116.60599023180141,210.26613709169166,111.7615370260215,216.68748040040126,95.41335874794983,204.3539263665521,100.25781195372974,197.9325830578425,container,0
132.4686968812554,279.26763223658196,125.49043934595007,288.6331879932661,110.81092781697217,277.69551225858453,117.7891853522775,268.32995650190037,container,0
153.77526336017542,250.5210804266151,135.9482555206945,274.4468004291799,121.26874399171659,263.5091246944983,139.0957518311975,239.5834046919335,container,0
180.60448279049072,259.6934982615822,146.41309861339064,305.58193291575367,129.37788260077699,292.8890263126688,163.56926677787706,247.00059165849734,container,0
199.30768549286037,279.87292430397787,168.71446902825997,320.93223934443165,149.83612535322104,306.8660218740585,180.42934181782144,265.8067068336047,container,0
202.94839633706718,274.94709871535656,201.40195492335297,277.02258578520315,182.82610032323728,263.181752341285,184.3725417369515,261.1062652714384,container,0
187.0255692364322,318.68155758430424,179.57173955693173,328.6853811908421,171.93452802767473,322.9949096067375,179.3883577071752,312.99108600019963,container,0
196.71052027704536,326.48873151784056,191.95443732059132,333.4256863332826,184.09927554946216,328.0400665600801,188.8553585059162,321.10311174463806,container,0
212.14581845324534,303.30685877721777,197.84536180228693,322.49957607562504,180.42995775515226,309.5233921011108,194.73041440611067,290.3306748027035,container,0
210.70398272553248,285.32448218883235,205.76477498076602,292.13226406358393,198.0558840694841,286.53928027046663,202.99509181425057,279.73149839571505,container,0
217.5900301786033,297.3848201838314,215.67298050138385,300.0271176371834,207.22581412922509,293.8984974295596,209.14286380644455,291.2561999762076,container,0
204.14184240818142,338.15064663112184,202.22479273096195,340.79294408447385,193.7776263588032,334.66432387685006,195.69467603602266,332.02202642349806,container,0
238.31253011098332,312.9373572951473,215.65018644913076,343.3526066705676,197.23873064564387,329.634266453018,219.90107430749643,299.2190170775977,container,0
241.96334881502915,330.43423239550464,231.60913436724056,344.3306774947016,223.13519492186285,338.0167615537042,233.48940936965144,324.12031645450725,container,0
192.49863593964793,499.53748156362053,185.1143898605514,509.25913286658346,90.0550016478563,437.05515302655647,97.43924772695283,427.33350172359354,container,0
96.87111775851056,423.029154164648,90.59272939214127,431.29490015802764,80.7323951064981,423.80531505378195,87.0107834728674,415.5395690604023,container,0
80.5304731902467,425.3507627562956,77.745078050952,429.0597742172825,68.38826874347986,422.0329932438408,71.17366388277455,418.3239817828539,container,0
63.85597166145246,409.36592250628235,61.174119545432156,413.15047813773185,51.626733205576954,406.38490755258044,54.308585321597256,402.60035192113094,container,0
36.28940534314954,395.07501187916773,33.60755322712924,398.85956751061724,21.631820342822884,390.3731961359231,24.31367245884319,386.5886405044736,container,0
15.235684367887327,401.743046512696,0.055253572165965714,421.72868258765465,-8.940763945039453,414.8956040283916,6.239666850681908,394.90996795343295,container,0
55.34409079828337,426.64835843205503,37.18985891078613,450.5491209734048,0.7480775044879735,422.8691442823322,18.902309391985213,398.9683817409824,container,0
80.73162391131939,451.1214092552747,64.9268229324264,471.92905331043113,37.722677774770005,451.26568080761643,53.52747875366299,430.45803675246003,container,0
103.8616703958923,460.3867088478222,87.38303571550364,482.0814815565957,69.81814123877675,468.7397663348222,86.29677591916541,447.0449936260487,container,0
137.47829242925138,491.89700667551364,121.37970167755404,513.0914365578199,85.42888917454502,485.7843836721882,101.52747992624236,464.58995378988203,container,0
150.4935311319835,496.2916298851972,131.22654277557794,521.6573802208278,122.84463183578782,515.2907567878708,142.11162019219339,489.9250064522401,container,0
168.17192573187987,510.8834160443715,152.7590640711858,531.1750565234503,144.3771531313957,524.8084330904932,159.79001479208975,504.5167926114144,container,0
160.04298922276456,504.035944259916,157.25759408346985,507.7449557209029,148.69321560253564,501.3132748154126,151.47861074183035,497.6042633544257,container,0
179.54707692478678,517.697256533024,160.56113287354086,542.6930009525219,150.75548854812808,535.2449565404705,169.741432599374,510.24921212097263,container,0
100.1452339225966,543.5679093628936,79.87507047217117,570.2543792893143,-13.005379102717882,499.7054494599689,7.264784347707547,473.01897953354813,container,0
106.18084969845941,555.2550349034227,90.41127559061152,576.0163013929988,82.9030451751874,570.3132969055666,98.67261928303529,549.5520304159905,container,0
117.87286186559145,557.0118095654558,100.53772939840808,579.8341954030154,93.02949898298395,574.1311909155833,110.36463145016732,551.3088050780236,container,0
138.25861671787382,572.9375987146117,118.6319841662584,598.7768348227252,99.65511583823788,584.3626307767512,119.28174838985328,558.5233946686377,container,0
50.8946022024231,569.6207043563433,34.5605141012854,591.1251757905571,-1.486074698915374,563.7453743846414,14.848013402222328,542.2409029504275,container,0
91.96540782818643,594.9054846820535,73.08836132416153,619.7578611841648,37.041772523960745,592.3780597782489,55.91881902798565,567.5256832761377,container,0
101.54941354773487,601.4258407785783,91.79343339708853,614.2699735617068,83.21696188697729,607.755568328748,92.97294203762362,594.9114355456195,container,0
111.63119141839337,608.6083562357552,108.84579627909868,612.3173676967422,100.28141779816448,605.8856867912519,103.06681293745918,602.176675330265,container,0
17.812532072858012,631.4784993492466,3.8672621368089666,649.837997420111,-3.32890810312246,644.3720235620968,10.616361832926588,626.0125254912324,container,0
50.1249847166204,648.3745561701828,31.086756974120398,673.4391341320301,5.223629783188741,653.7943547009261,24.261857525688747,628.7297767390788,container,0
57.911733247008456,661.3077587937452,42.215375997699724,681.9726324003387,33.90312620601607,675.6589212807058,49.5994834553248,654.9940476741123,container,0
64.7020765054807,673.4340401176257,58.84069658036994,681.1507780453366,50.022016744577876,674.4523993470173,55.88339666968864,666.7356614193064,container,0
42.847752413382416,699.4336574673092,23.80952467088241,724.4982354291565,-13.762214007518388,695.9599804172468,5.276013734981616,670.8954024553996,container,0
406.87051012804153,408.95265779794465,362.86157510898835,468.0172785328395,345.1893755510567,454.84975671839265,389.19831057010987,395.7851359834978,container,0
396.23116660010356,457.4202810633156,379.7295018578949,479.5672511972435,365.901022005563,469.26367752384107,382.40268674777167,447.1167073899132,container,0
425.226310402266,427.544349280769,408.6546119990285,449.7853119556559,391.3793259665506,436.91352964368184,407.9510243697881,414.6725669687949,container,0
469.0610793740897,455.7417357301239,458.5648027118318,469.8288432667271,441.28951667935394,456.95706095475305,451.7857933416118,442.8699534181498,container,0
456.05215193610644,473.2296683500521,445.5558752738486,487.31677588665536,428.2805892413707,474.4449935746813,438.77686590362856,460.35788603807805,container,0
443.64046497676895,488.47429713873214,425.3019832216191,513.0864689454976,411.01233065148256,502.4392763693087,429.35081240663243,477.82710456254324,container,0
516.5247282015577,495.6676421782786,475.65977648684725,550.5127065574594,456.69737132055803,536.3838550320461,497.5623230352684,481.53879065286526,container,0
506.54986444384605,540.8251960147853,490.0527631776702,562.9660414837788,477.68236307460796,553.7488802200356,494.1794643407838,531.6080347510422,container,0
528.378072604025,522.2649829086574,515.4682505569268,539.5913222676242,498.04870586777685,526.6120531087283,510.9585279148749,509.2857137497616,container,0
536.4901696409839,510.12817714244045,530.690906577543,517.9113982823233,513.271361888393,504.93212912342744,519.0706249518339,497.14890798354463,container,0
578.1860612396855,541.0657300821805,563.913689562404,560.2207543912468,546.494144873254,547.241485232351,560.7665165505355,528.0864609232847,container,0
547.1957055875703,582.6311276805067,536.703644896964,596.7125769396143,521.6231815572032,585.4761527838481,532.1152422478095,571.3947035247404,container,0
553.0395756884864,573.8326077981476,548.5306419935578,579.884071176992,534.1695354066626,569.1836383506964,538.6784691015912,563.1321749718519,container,0
572.6015197948063,591.7908607523476,557.605582229082,611.9169866061136,540.3658446256347,599.0716913600644,555.3617821913591,578.9455655062984,container,0
574.901717767987,569.1761811187497,565.1060925079084,582.3229407619269,557.7145852550003,576.815542960354,567.5102105150788,563.6687833171768,container,0
584.7403422746494,576.6133736532603,575.1668744900362,589.4619745923901,567.5545063810763,583.7900137928449,577.1279741656895,570.9414128537151,container,0
601.3100099066644,554.8319697621063,589.5512509909277,570.6134613017304,572.085537135901,557.5997915863649,583.8442960516377,541.8183000467408,container,0
589.7239283560722,604.067464661759,574.4849454842288,624.5197828858038,561.7529396254091,615.033189870707,576.9919224972525,594.5808716466622,container,0
621.0137770932463,569.0804820620508,595.263058686116,603.6406552566474,579.1423585638913,591.629152680089,604.8930769710216,557.0689794854924,container,0
627.5784714666041,640.526792316299,616.3950573507742,655.5361106055689,607.1450436696588,648.6439432479774,618.3284577854887,633.6346249587075,container,0
632.0005028744565,633.9681127213913,629.6940556774813,637.040816770313,620.9075587433138,630.4454561685808,623.214005940289,627.3727521196591,container,0
642.0916698366002,619.4630317604388,635.4486801652668,628.3786227719745,626.1986664841513,621.486455414383,632.8416561554848,612.5708644028473,container,0
660.8508021632998,604.9683060026264,646.6858295476701,623.9791894720884,630.1366833374096,611.6484525414796,644.3016559530394,592.6375690720176,container,0
682.2830975273664,664.7032462728723,662.5754762231171,691.1529473942121,647.7368428834204,680.0967103051883,667.4444641876697,653.6470091838485,container,0
706.5439096674077,634.1722451245569,685.8545642869764,661.9395232379528,666.2591895035139,647.3390472712983,686.9485348839452,619.5717691579024,container,0
689.9649097405684,698.8964842803978,684.4109332892689,706.350504981524,666.4027260140615,692.9326244648371,671.956702465361,685.4786037637109,container,0
702.9052157159147,680.9138966053757,692.2184711307648,695.2566321325886,674.556483356062,682.0967190981349,685.2432279412119,667.7539835709221,container,0
713.6152514666244,666.4930028175149,705.5267618068449,677.3486068866923,687.8647740321421,664.1886938522387,695.9532636919216,653.3330897830613,container,0
727.3736593582192,648.4608244288537,720.9384143189012,657.0976002885485,703.2764265441984,643.9376872540948,709.7116715835165,635.3009113944,container,0
747.6203051884715,664.0218321193704,705.2608014703254,720.8727425208031,688.1324973039077,708.1104761138147,730.4920010220538,651.259565712382,container,0
765.8718047264566,682.4275310248145,728.3608521528765,732.7711757006953,711.2325479864588,720.0089092937069,748.7435005600389,669.6652646178261,container,0
758.3488938003902,842.450396184448,753.3852714985859,838.4994304267493,768.0568619744331,820.0674221141098,773.0204842762374,824.0183878718085,container,0
784.7126836291613,855.0873963572922,779.6142243007016,851.3120302492813,793.7511829848427,832.2207138531653,798.8496423133024,835.9960799611762,container,0
670.5070125527803,855.4540139704197,664.375405241906,863.4506954557374,649.6704381883297,852.1753828579529,655.802045499204,844.1787013726351,container,0
701.3279414871607,878.8894423801079,695.1963341762865,886.8861238654256,668.6409832840458,866.5243045316616,674.77259059492,858.5276230463439,container,0
627.9390576645078,824.7937845875252,621.8074503536335,832.7904660728428,605.9976779431222,820.6680229977329,612.1292852539965,812.6713415124153,container,0
650.0579883331172,847.7923355675634,647.5744020623741,851.238620633367,640.4314755747023,846.0910272628307,642.9150618454454,842.6447421970272,container,0
609.6662359907043,848.9686744874167,606.7717152390521,852.985182291711,591.6536622047597,842.0902655220854,594.5481829564119,838.0737577177911,container,0
604.6943611653257,855.3228659766753,601.7998404136736,859.3393737809696,586.6817873793811,848.444457011344,589.5763081310333,844.4279492070497,container,0
569.4780793775899,841.1549102414009,566.5835586259377,845.1714180456951,556.9133599093775,838.2025305888457,559.8078806610297,834.1860227845515,container,0
608.5333863961166,807.2010810895853,603.4312549789902,813.8551471069303,596.0714530277794,808.2118792672037,601.1735844449058,801.5578132498587,container,0
598.4153012308627,799.7536057090992,593.3131698137362,806.4076717264443,585.390295395689,800.332657385304,590.4924268128156,793.6785913679589,container,0
589.291692338979,791.6637527862449,584.1895609218525,798.31781880359,576.2666865038053,792.2428044624496,581.3688179209319,785.5887384451046,container,0
580.2742907886928,783.9982808602244,571.745248838298,795.1216337421451,563.8223744202509,789.0466194010048,572.3514163706457,777.9232665190841,container,0
567.5643636944394,779.9408330448147,564.4706762985793,783.8060217362497,557.6177749651592,778.3209765876769,560.7114623610194,774.4557878962419,container,0
544.0058194646275,755.0810761453492,537.3340825125609,763.7821805466182,522.5792446645966,752.4686285706578,529.2509816166631,743.7675241693888,container,0
524.9118884470778,742.2504376972735,515.0061167567446,755.1692854084417,497.68040969130175,741.8844706632768,507.58618138163484,728.9656229521086,container,0
485.91527720952524,728.2994149702746,483.1715951353584,731.7273142920205,476.3186938019385,726.2422691434477,479.0623758761053,722.8143698217018,container,0
497.5979308239969,737.9982731419484,494.85424874983005,741.4261724636943,485.49645685109715,733.9362191492953,488.240138925264,730.5083198275494,container,0
502.2660034060387,731.114729907548,499.52232133187186,734.542629229294,490.6544212998121,727.444784144079,493.3981033739789,724.016884822333,container,0
505.44888660850324,726.7235384159604,502.7052045343364,730.1514377377064,486.5493715822871,717.2203493062074,489.29305365645394,713.7924499844614,container,0
491.28932330582643,722.5684936438706,488.5456412316596,725.9963929656166,482.52530136381256,721.1777279391913,485.2689834379794,717.7498286174454,container,0
468.3526408731233,714.8457288607443,465.60895879895645,718.2736281824903,458.7560574655365,712.7885830339175,461.49973953970334,709.3606837121715,container,0
482.07452407930543,716.2478201876365,479.3308420051386,719.6757195093825,472.47794067171867,714.1906743608097,475.2216227458855,710.7627750390637,container,0
472.9010326481775,708.7364450526753,470.15735057401065,712.1643443744213,463.3044492405907,706.6792992258485,466.04813131475754,703.2513999041025,container,0
461.5368451322931,727.7021198748351,457.76301283453427,732.4170674613913,439.7952303115889,718.0356991090604,443.5690626093477,713.3207515225042,container,0
454.975042195626,736.6449713791332,451.20120989786716,741.3599189656893,433.2334273749218,726.9785506133584,437.0072596726806,722.2636030268022,container,0
447.83224775008694,745.2973184845534,440.90617228920354,753.7973638061679,423.0895079004258,739.2798456813975,430.0155833613092,730.779800359783,container,0
494.5015838111502,774.1912705346609,491.72535616657643,777.6598316152069,473.86056453042056,763.3608969119899,476.63679217499435,759.8923358314439,container,0
414.19650086090405,692.4870126208426,404.47891418784627,705.5480021781838,386.31188245963176,692.0314378599857,396.02946913268954,678.9704483026445,container,0
394.4928310138505,678.2794839091378,378.7891743699969,699.3860921996612,369.79578547256506,692.69486595592,385.49944211641866,671.5882576653966,container,0
385.26073478440725,671.4706787876335,366.83355403669566,696.2378584809601,357.8401651392638,689.546632237219,376.26734588697536,664.7794525438924,container,0
355.7588415103349,649.0452803486464,343.2778080117439,665.8204997188922,335.31207309178063,659.8938645922422,347.7931065903716,643.1186452219964,container,0
336.2865987873794,675.1881412931444,333.68884744564394,678.9621738659846,325.5765682841218,673.3783100095799,328.1743196258572,669.6042774367397,container,0
341.1876175519979,651.9638273653202,329.13447754656676,668.1639335275398,319.79990621934536,661.2188620588065,331.8530462247765,645.0187558965869,container,0
338.0488595923872,636.4165062049178,330.0716649262576,647.1383098519143,321.32091814153625,640.6276132495489,329.29811280766586,629.9058096025524,container,0
324.39039753352546,652.751554177229,321.5664895155821,656.3594867431927,313.81124214923005,650.2894993422157,316.63515016717344,646.6815667762519,container,0
327.33956313109894,628.8263889367845,324.51565511315556,632.4343215027483,316.76040774680354,626.3643341017712,319.5843157647469,622.7564015358074,container,0
314.04993881620476,632.4041843330309,300.97499844266616,648.0740349404664,291.20966503592354,639.925830134972,304.28460540946213,624.2559795275365,container,0
306.8606024384717,619.2138023285679,299.29513451375936,628.2807463274492,291.0916279181837,621.435731510257,298.657095842896,612.3687875113758,container,0
300.70006035091853,609.0171837387504,280.54801158327166,633.1686968318322,272.34450498769604,626.3236820146401,292.4965537553429,602.1721689215583,container,0
291.09154831963343,602.1684571454986,274.72588801269956,621.7821184529486,266.5223814171239,614.9371036357564,282.88804172405776,595.3234423283064,container,0
278.4404703067015,599.3205212116343,261.8157695451647,619.2446332828312,244.99718908197232,605.2111914694513,261.62188984350917,585.2870793982544,container,0
262.27641855538855,581.3337733045508,242.73849853830455,604.7492749512991,234.5349919427289,597.904260134107,254.07291195981287,574.4887584873587,container,0
252.4035342576919,572.8298645689872,234.99378458482485,593.6948298149314,226.7902779892492,586.8498149977393,244.20002766211624,565.9848497517951,container,0
265.5227464381208,554.0848375914455,262.6988384201774,557.6927701574093,254.94359105382543,551.6227827564322,257.7674990717688,548.0148501904685,container,0
303.5924624201956,581.9451729797204,301.371749749918,585.2012676342133,284.2608821115724,573.5313610141814,286.48159478185,570.2752663596884,container,0
319.727567039529,600.4513191542712,316.89177720624,604.6092636920863,298.52266014390085,592.0812092800741,301.3584499771898,587.923264742259,container,0
381.13198608177305,637.160734301149,374.5971424605093,645.9439360535781,368.78955949040375,641.6230007503832,375.3244031116675,632.8397989979541,container,0
394.08067061168435,644.8034413143978,386.8513231865568,654.520095706354,377.8555121425944,647.8270673465679,385.084859567722,638.1104129546117,container,0
401.94524106299684,658.3882422279613,399.1213330450535,661.9961747939251,390.28788737895263,655.0822878000573,393.11179539689596,651.4743552340935,container,0
413.0316711022037,670.3043194425655,410.20776308426036,673.9122520085293,401.3743174181595,666.9983650146615,404.1982254361028,663.3904324486978,container,0
704.707437298878,922.7717072999191,708.6914344151864,925.5713297273886,701.6699015678787,935.5633080532033,697.6859044515702,932.7636856257337,container,0
638.8521755684267,964.6390209958399,628.7815033362367,977.843115588466,621.9708232419171,972.6486566706621,632.041495474107,959.444562078036,container,0
625.8176050279112,937.3791018066207,606.798912340845,962.3153336169872,599.9882322465253,957.1208746991832,619.0069249335914,932.1846428888167,container,0
614.1995922973663,934.936989419171,599.1504111872757,954.6686226545412,592.3397310929561,949.4741637367373,607.3889122030466,929.7425305013671,container,0
609.1095910172326,924.616803273793,590.0779174021002,949.570054941239,553.5493690138176,921.709982040707,572.58104262895,896.756730373261,container,0
566.5974059688847,899.847297341523,551.5482248587941,919.5789305768931,544.0091251607776,913.8289110316737,559.0583062708681,894.0972777963036,container,0
559.9535177423811,889.3886440941717,544.9043366322906,909.1202773295418,537.365236934274,903.3702577843223,552.4144180443645,883.6386245489523,container,0
551.518154207642,881.895317699217,532.3652281910574,905.313629747074,525.0257206537103,899.3109321754598,544.1786466702949,875.8926201276029,container,0
536.3378565091607,882.3315935686037,526.265090614088,894.6475798942215,518.9255830767408,888.6448823226074,528.9983489718136,876.3288959969896,container,0
530.1104048088729,871.5504049992453,514.0833280199109,892.1811873692943,506.5956496799136,886.3643650319891,522.6227264688756,865.7335826619401,container,0
523.5011020362335,859.8764354932284,503.6298050244826,885.4556730209592,496.1421266844853,879.638850683654,516.0134236962363,854.0596131559232,container,0
510.44374111681725,857.6512972071502,495.1713942064642,877.0454929373645,487.7221957942555,871.1794728178469,502.9945427046086,851.7852770876325,container,0
504.6353716181853,846.1050905287934,485.4035556178216,870.5273751945298,477.954357205613,864.6613550750121,497.1861732059767,840.2390704092758,container,0
494.67793937170376,839.3795761804578,475.4461233713401,863.8018608461941,467.9969249591315,857.9358407266765,487.22874095949516,833.5135560609401,container,0
489.2832324462414,827.8839399056021,470.05141644587775,852.3062245713386,461.53665763482695,845.6011076265941,480.7684736351906,821.1788229608576,container,0
456.8783401478444,811.6596393353877,437.6901951382129,836.0264666606797,410.9294907101748,814.9532152984846,430.1176357198063,790.5863879731926,container,0
477.5186700335278,825.199272152509,458.33052502389637,849.566099477801,441.6147343374036,836.4029161318039,460.80287934703506,812.0360888065119,container,0
424.9082392309119,793.5568378462924,412.01834092152575,809.9255866851057,404.70759254514866,804.1685918124394,417.5974908545348,787.7998429736261,container,0
419.9726685510114,782.9959739018191,400.43304683405273,807.8091378704919,373.8150039333231,786.8482281782544,393.3546256502818,762.0350642095816,container,0
381.15403343999674,755.1418394207985,368.47455937414713,771.2433726843316,361.16381099777004,765.4863778116653,373.84328506361965,749.3848445481323,container,0
384.8167115414524,769.3377942724335,382.14593442672304,772.8227956623282,375.178877220499,767.4834988123046,377.8496543352283,763.9984974224099,container,0
373.0866050014102,747.9567209424652,352.97903217383396,773.4911201652326,316.3416376833838,744.6402718839656,336.44921051096003,719.1058726611982,container,0
330.80653007209514,723.304709370843,317.6378845002355,740.0274364815883,310.3271361238584,734.270441608922,323.49578169571805,717.5477144981768,container,0
324.4174613876742,712.1878944480034,304.2116663442908,737.8470250489671,296.9009179679137,732.0900301763008,317.10671301129713,706.4308995753371,container,0
315.6992740162956,705.2529041031752,296.48563023392484,729.6521120568204,289.1748818575478,723.8951171841542,308.38852563991856,699.4959092305089,container,0
306.4007391828307,698.6998197463682,288.80662336324116,721.0424058536723,281.49587498686407,715.2854109810061,299.0899908064536,692.942824873702,container,0
297.65148027734335,692.9071996701266,278.34677988491876,717.4220394731711,250.74146748179433,695.6836846863121,270.0461678742189,671.1688448832675,container,0
268.09821671261955,669.2431709218185,249.1132440687889,693.3519917565271,241.97258274359345,687.7289353305353,260.9575553874241,663.6201144958267,container,0
259.43733345198746,662.7204624315671,240.0359470913796,687.3580827478046,222.43500787015262,673.4978715034765,241.83639423076048,648.860251187239,container,0
238.9847134694573,648.2617378327686,220.5473167167973,671.6751976942852,204.13612665961313,658.7518781995468,222.57352341227312,635.3384183380302,container,0
220.63476690524817,634.7720784810754,205.54853081018683,653.929934007622,187.4350085266928,639.6660789898572,202.52124462175414,620.5082234633105,container,0
209.81603207976264,689.9123239645569,194.36521526078994,709.5331567899107,176.40485976093464,695.3899160160884,191.85567657990734,675.7690831907346,container,0
220.90224052341406,675.0682268597087,218.01581339344906,678.6263404494847,196.2018568377828,660.9303354104451,199.0882839677478,657.3722218206691,container,0
383.37940964756166,811.3787181855984,363.87652614758287,837.4724395853295,194.8149548097478,711.1129955023895,214.3178383097266,685.0192741026583,container,0
393.1795046194876,819.6316673930879,376.4745689496825,840.1843199435566,368.74025925872263,833.8979709907597,385.4451949285277,813.3453184402911,container,0
398.95389535580284,849.0754065260888,392.21734187836216,857.5246892867016,375.67598220818263,844.3363800343237,382.4125356856233,835.887097273711,container,0
421.8359757463441,840.3726412988262,401.54567423142277,865.2501579878335,392.34114214183563,857.7428680225125,412.63144365675697,832.8653513335053,container,0
459.1439766756357,868.1135247564393,439.4673829591459,893.4792266370191,403.98842165696294,865.9576106252582,423.6650153734528,840.5919087446784,container,0
486.2000391871519,889.4739417051301,467.53407499918046,913.1790110724612,442.2199498730039,893.2460361575586,460.8859140609753,869.5409667902275,container,0
481.7807183644376,917.8667608142629,478.6749714901135,921.7222661866269,469.3924044143906,914.2448278492883,472.4981512887147,910.3893224769242,container,0
490.5730594034047,905.5697482362391,487.4673125290807,909.4252536086032,479.41799279941085,902.9412399251962,482.5237396737349,899.0857345528322,container,0
515.807246147319,911.4415045698978,497.1412819593476,935.146573937229,479.75876136776833,921.4591427033746,498.4247255557397,897.7540733360433,container,0
558.2048786092079,950.7833543370026,543.1269965298723,970.2407725462434,499.4505244806018,936.3951364953342,514.5284065599374,916.9377182860934,container,0
569.0736270721808,958.0780335251753,553.9957449928452,977.5354517344161,545.7524273608557,971.1475656407403,560.8303094401913,951.6901474314994,container,0
582.26650643618,960.6180807799449,564.0817223301831,984.0848347665715,555.8384046981937,977.6969486728956,574.0231888041906,954.230194686269,container,0
597.3599469054499,978.0117327459676,581.6580361078742,998.2744356551076,564.1019265649749,984.6699097815764,579.8038373625506,964.4072068724364,container,0
609.9290333722732,981.3398465668093,598.2335181513166,996.4324523869977,591.0327622449225,990.8524649872755,602.7282774658792,975.7598591670871,container,0
611.6057216962535,1001.1094741044495,608.633288695967,1005.0686693992677,599.1010763552794,997.9121993548928,602.0735093555658,993.9530040600746,container,0
617.7852906645604,991.9763467715999,615.6694166080534,994.7946301805594,607.2320779353232,988.4601551072434,609.3479519918302,985.6418716982839,container,0
139.70261360509588,723.5072365758255,130.97127586329154,734.8459715127568,122.38217297591119,728.2319745698916,131.1135107177155,716.8932396329602,container,0
153.1010110708325,726.3634806191648,134.83509472830815,750.084059287932,126.2459918409278,743.4700623450666,144.51190818345214,719.7494836762994,container,0
168.76104375449796,743.538271180261,152.47571788613345,764.686805212891,136.0956941345034,752.0734475156024,152.3810200028679,730.9249134829723,container,0
177.77209701153475,751.2874379152348,165.31925325795532,767.459014219839,158.85507244836964,762.4813031977081,171.30791620194907,746.309726893104,container,0
180.39585237501987,766.3962849554842,172.66807682463738,776.4317687735434,166.2038960150517,771.4540577514125,173.9316715654342,761.4185739333534,container,0
190.30119928475608,753.5573053036367,187.56343625254888,757.231034672252,179.66675872608494,751.346215830149,182.40452175829213,747.6724864615337,container,0
192.64914620840466,768.513038562263,182.91611281993198,781.1526006760736,176.4519320103463,776.1748896539428,186.18496539881897,763.5353275401322,container,0
199.43500444416588,760.0276050688029,195.34450712908412,765.3396278295164,189.1090345956755,760.5380325041327,193.19953191075726,755.2260097434192,container,0
195.9032497490271,783.4984615861376,190.1439437672207,790.9776412811029,182.7065665943402,785.2505251283039,188.4658725761466,777.7713454333386,container,0
209.3015818659107,767.5858017421625,201.24083189146666,778.053694527422,193.80345471858612,772.326578374623,201.86420469303016,761.8586855893635,container,0
218.28145992839467,774.378883244106,199.24279137559097,799.1029773813375,191.80541420271044,793.3758612285385,210.84408275551414,768.651767091307,container,0
221.57467071346326,789.8251514616483,209.19698651550877,805.8991236757441,201.75960934262827,800.1720075229451,214.13729354058276,784.0980353088493,container,0
231.1670639803256,796.5425825533589,224.89312032497364,804.6900836833034,217.4557431520931,798.9629675305046,223.72968680744506,790.81546640056,container,0
237.489629071106,788.9016670547489,235.17488037490926,791.9076579679304,218.67931131324613,779.2053251661005,220.99406000944288,776.199334252919,container,0
222.54903788277477,810.6120856845226,220.23428918657805,813.6180765977041,212.22501052189529,807.4505704800862,214.539759218092,804.4445795669047,container,0
247.11054798317699,795.9485983530109,228.66842634107945,819.8980016584403,221.4906323978154,814.370776310259,239.93275403991294,790.4213730048295,container,0
246.01541276309806,815.5359854814415,237.32846776652025,826.8170708821699,230.1506738232562,821.2898455339887,238.837618819834,810.0087601332602,container,0
256.8411383073274,802.98917357522,254.52638961113067,805.9951644884014,246.99204434739696,800.1933785284215,249.30679304359367,797.18738761524,container,0
258.7586565012765,818.6242787879945,246.8324418416975,834.1119612972233,239.65464789843344,828.584735949042,251.58086255801246,813.0970534398133,container,0
265.4885993358239,809.0136911954725,263.1738506396272,812.0196821086539,255.63950537589346,806.217896148674,257.9542540720902,803.2119052354925,container,0
266.32534462234986,829.2366820762686,257.2431639127853,841.031030520953,250.06536996952124,835.5038051727718,259.1475506790858,823.7094567280874,container,0
275.0200029777994,817.0866103220221,269.630577338227,824.0854540956205,262.452783394963,818.5582287474392,267.84220903453536,811.5593849738408,container,0
284.8576696005956,824.7712818971243,282.5663301514467,827.7951546499775,274.9871650735722,822.0520426363655,277.2785045227211,819.0281698835123,container,0
278.64042543436074,833.1164858711709,266.06027602065086,849.453384509978,258.88248207738684,843.9261591617967,271.4626314910967,827.5892605229895,container,0
290.49601838176244,835.8190122090368,275.82653773638117,854.8691689684122,268.64874379311715,849.341943620231,283.3182244384984,830.2917868608556,container,0
297.3069359092369,846.6083076526724,285.18360523524166,862.3519699791276,278.0058112919776,856.8247446309464,290.12914196597285,841.0810823044911,container,0
304.73151963595114,837.9630613054389,300.60932096303867,843.4031126489874,293.03015588516416,837.6600006353754,297.15235455807664,832.2199492918269,container,0
295.6773000269843,831.2457253497531,294.7149944762097,832.5156766596682,287.1358293983352,826.7725646460561,288.0981349491098,825.502613336141,container,0
322.5698626098502,852.959094595673,304.09565582964143,876.9501644689545,286.94555655189384,863.7438138546758,305.4197633321026,839.7527439813942,container,0
332.39428290713266,858.8935842198297,316.21429072019384,879.9053292827813,307.4278114790421,873.1393436377715,323.6078036659809,852.1275985748199,container,0
332.21271348009486,878.912225530455,325.81893596017613,887.2153459328376,317.03245671902437,880.4493602878277,323.4262342389431,872.1462398854451,container,0
338.430269981334,870.9741383095185,336.1389305321851,873.9980110623717,328.35734786960273,868.1015171326043,330.6486873187516,865.0776443797511,container,0
343.1035670046465,886.6225541292708,333.2558570869061,899.4110380701034,324.46937784575437,892.6450524250936,334.3170877634948,879.8565684842611,container,0
351.86194224370206,874.7718349718726,346.46873283959934,881.7755924373179,338.10972756544083,875.33878104344,343.50293696954355,868.3350235779948,container,0
370.4856365670619,887.5228900734587,354.080176210793,908.827433775559,337.9218169697788,896.3847677575736,354.32727732604764,875.0802240554733,container,0
383.0100622734727,911.0199677910751,371.1481249910954,926.4241780805726,353.57655623521885,912.8932769426352,365.43849351759616,897.4890666531378,container,0
389.48539303913856,901.1820119397489,386.09821117322406,905.6520641431018,369.3254313519474,892.9424909508714,372.7126132178619,888.4724387475185,container,0
392.67148001859596,917.4055582272675,383.5373849943312,929.2673239075721,376.37884234938065,923.7549229281125,385.5129373736454,911.893157247808,container,0
416.8034286023334,942.906949308184,408.6419449590746,953.5056573709751,383.1374468295327,933.8660425159767,391.2989304727915,923.2673344531856,container,0
418.0318871884234,922.8442827390068,411.0351431574406,931.930430627781,394.0585808498216,918.8577113141112,401.05532488080445,909.7715634253369,container,0
420.2671740839113,958.2320920483587,417.595194024321,961.7582948994306,409.15958778107085,955.3662146293836,411.83156784066114,951.8400117783118,container,0
434.35081535366476,937.6526351947999,423.9226754998304,951.2548218058674,416.21790091806497,945.3479430680369,426.6460407718993,931.7457564569694,container,0
441.64164458587857,948.3904480820262,430.44642640042787,963.6531219491734,422.6180857048523,957.911009991605,433.813303890303,942.6483361244578,container,0
447.6678635103503,958.6576765906347,442.0361726740936,966.3354778742304,435.10936892376554,961.2546460365246,440.7410597600222,953.5768447529289,container,0
439.085283643305,972.559569742385,436.81062087318014,975.5614343395598,428.1906932550043,969.0296845555459,430.46535602512915,966.0278199583711,container,0
454.8143529138186,969.9224473089542,446.3406521825172,981.4748198100762,438.2761496847666,975.5594824448609,446.749850416068,964.007109943739,container,0
463.96083759697683,957.7037838316674,459.0890566034312,964.3455842168789,450.94003491800197,958.3682517677646,455.8118159115476,951.726451382553,container,0
460.59934488807573,981.6350491967671,455.483551552455,988.6095166845716,447.3345298670258,982.6321842354573,452.45032320264653,975.6577167476528,container,0
469.60458086123884,969.1867246981312,467.32991809111394,972.1885892953061,460.2044880937362,966.7892950195351,462.4791508638611,963.7874304223602,container,0
469.91184814764244,988.9514285852342,464.16488821730735,996.7863786229442,455.9505883638211,990.7611644369529,461.6975482941562,982.9262143992429,container,0
482.51778854287863,971.8557340986146,473.35027777731375,983.8763593918568,465.25000406197455,977.698698523321,474.41751482753943,965.6780732300788,container,0
486.50487921025706,987.5352094113549,473.4383551210697,1004.6682997319273,465.3380814057306,998.4906388633914,478.4046054949179,981.357548542819,container,0
492.4435989211528,978.6227612224293,490.1689361510279,981.6246258196041,483.0435061536501,976.2253315438331,485.31816892377503,973.2234669466583,container,0
492.4316241839283,998.8313870500491,485.52654516079093,1007.3462079489367,477.61415351848063,1000.929667871235,484.519232541618,992.4148469723474,container,0
502.7418109178982,985.9552485225397,496.11397039387515,994.128199884768,488.20157875156485,987.7116598070663,494.8294192755879,979.538708444838,container,0
517.5656825706293,1004.1155495818278,501.6264186466428,1023.7706436246443,485.1410091750419,1010.4018298255129,501.0802730990284,990.7467357826964,container,0
530.2256185284559,1006.484831654419,514.2863546044695,1026.1399256972354,507.44481369261024,1020.5917901348554,523.3840776165968,1000.9366960920389,container,0
122.90296002682777,764.3912173088682,106.93901633257802,785.1223963618262,90.2777087200331,772.2924373942348,106.24165241428285,751.5612583412768,container,0
132.82838765764447,772.7757400351029,120.88741892096071,788.2825825601822,112.82342165953905,782.0729406530302,124.7643903962228,766.5660981279509,container,0
184.18259061900767,803.3884955300002,165.05253189136974,828.8721929533075,118.3129696482956,793.7858177008557,137.44302837593355,768.3021202775484,container,0
199.1341382663873,820.9802033958326,183.10494547965828,842.3331487648247,166.91184204448928,830.1773373630547,182.9410348312183,808.8243919940626,container,0
220.71250303114158,831.7730380971263,202.3183211226757,856.2764529992141,184.6103845128942,842.9834892010886,203.00456642136007,818.4800742990008,container,0
236.92543416856657,849.0669104128908,221.35123580646552,869.8137447180543,204.00969479967344,856.7958261492888,219.58389316177448,836.0489918441253,container,0
270.33591883619073,881.5242045724591,258.2024694647109,897.6875189086086,222.28586414602108,870.7257025900896,234.41931351750094,854.5623882539401,container,0
274.66512723140113,897.8632497212606,271.8896156940136,901.5260827058074,263.298116525572,895.0158745783639,266.07362806295953,891.353041593817,container,0
284.1615168920296,884.5883078346703,280.61749549630287,888.9994271262019,272.2142292178623,882.2479988567475,275.75825061358904,877.8368795652159,container,0
306.7902940958954,894.9200635160886,303.24627270016856,899.3311828076202,285.35832139551707,884.9594830281316,288.9023427912439,880.5483637366,container,0
299.29700990056284,902.8807401875541,285.85962305346794,920.7810668643649,267.59570905822255,907.070742906193,281.03309590531745,889.1704162293822,container,0
307.3360453886553,910.9585528086793,298.7534092626168,922.3917274394671,290.7432725551929,916.3786916117351,299.3259086812314,904.9455169809473,container,0
313.97248853263454,902.3545075898616,310.179075208144,907.4078217871252,302.7908856573704,901.8616681953016,306.5842989818609,896.808353998038,container,0
322.15593303688104,933.2404077171902,316.236016001322,941.1264982228778,297.93932723772014,927.3915709572254,303.85924427327916,919.5054804515379,container,0
331.3097083381184,921.479806802889,325.38979130255933,929.3658973085766,307.0931025389574,915.6309700429242,313.0130195745165,907.7448795372367,container,0
352.5088290280048,929.6209277718025,340.274035046405,945.9192461566352,325.1556787803577,934.5702241355872,337.3904727619575,918.2719057507545,container,0
370.7464447719116,942.9790299500226,355.55091923533763,963.2214233726173,340.43256296929025,951.8724013515694,355.62808850586424,931.6300079289746,container,0
428.1673890305975,986.6041058603926,410.2431529000734,1010.4814925740187,356.24647035830947,969.9473545734306,374.17070648883356,946.0699678598045,container,0
446.5187931838795,999.8937551889935,437.0576584201831,1012.4972029374752,421.93930215413576,1001.1481809164272,431.40043691783217,988.5447331679455,container,0
433.3814718024901,1016.0646875239986,427.5979554233935,1023.7690748207666,412.4795991573462,1012.4200527997186,418.2631155364428,1004.7156655029506,container,0
463.35082363504,1018.275180365082,460.6788435754497,1021.8013832161538,443.78871319689677,1009.0028876441661,446.46069325648705,1005.4766847930943,container,0
336.78927025603156,951.0942414936707,334.1172901964413,954.6204443447425,318.7356343275516,942.9649952679373,321.4076143871419,939.4387924168655,container,0
539.7095437887173,1014.9290477233465,534.7200462192349,1021.4713777208826,527.4245480027038,1015.9074776068171,532.4140455721862,1009.3651476092809,container,0
549.0437286896857,1020.9220010837907,546.7690659195608,1023.9238656809656,539.7017381622433,1018.5685983751152,541.9764009323682,1015.5667337779404,container,0
87.68049892188739,812.0920409557092,69.08301186278283,836.243205701814,52.16934464863709,823.2189184492578,70.76683170774166,799.067753703153,container,0
111.4569156300226,830.4187996649177,92.85942857091804,854.5699644110224,74.78463868316463,840.6515602856998,93.3821257422692,816.5003955395952,container,0
122.39746567412041,844.7155547469943,113.1898416044108,856.6728070962513,105.04889217292614,850.4039085444629,114.25651624263575,838.4466561952058,container,0
135.12696537022683,848.1068436108935,129.51145883716114,855.3992817226599,122.28983957427293,849.8383089000549,127.90534610733859,842.5458707882885,container,0
156.43894870797848,868.3621968685876,147.02985065897676,880.5810883979378,130.20574145136473,867.625764853139,139.61483950036646,855.4068733237888,container,0
120.01524040327172,868.3743964515791,117.19324708865366,872.0391079922913,99.11471599250285,858.1178229676214,101.9367093071209,854.4531114269091,container,0
180.72078401979297,882.1525002200751,175.00636564942616,889.5733877331186,158.83049480266578,877.1172369882195,164.5449131730326,869.696349475176,container,0
143.79318732138583,885.5421272444166,140.5944200847851,889.6801648582187,122.51241180354678,875.7024920915319,125.7111790401475,871.5644544777298,container,0
166.82351549944997,903.1158776118407,163.7121293360683,907.3200116807673,145.34129897043584,893.7241685244012,148.4526851338175,889.5200344554746,container,0
173.37583714625748,895.0861292130138,170.26445098287581,899.2902632819403,152.37563826812294,886.0511506733789,155.4870244315046,881.8470166044524,container,0
199.66063694295636,908.1321231402746,187.41956186489168,924.0286913131797,170.68313418779806,911.1408865049007,182.92420926586274,895.2443183319956,container,0
226.8306911945068,922.2623717742616,211.11866902588113,942.6663991938241,193.56399516847068,929.148507890356,209.27601733709636,908.7444804707935,container,0
250.66347017666223,940.1817571224852,234.95144800803655,960.5857845420477,217.3967741506261,947.0678932385796,233.10879631925178,926.6638658190171,container,0
277.4527564942054,953.1082111841724,258.4756217559762,977.7523959611489,240.65502536019943,964.0297322991639,259.63216009842864,939.3855475221875,container,0
286.58617427468715,960.8563204348567,280.64860530840843,968.5669969278806,273.4493742143712,963.0232640059122,279.3869431806499,955.3125875128883,container,0
299.32658828982204,983.0271027421151,287.05676694454104,998.9610015410973,269.2361705487643,985.2383378791122,281.5059918940453,969.30443908013,container,0
310.38172785809536,985.4799684727661,304.4441588918167,993.1906449657902,295.2970700974139,986.1469736865479,301.23463906369255,978.4362971935238,container,0
320.0641072429621,993.2486517115309,317.3921271833718,996.7748545626027,309.6341757850349,990.8962672223066,312.3061558446252,987.3700643712348,container,0
329.26076677401977,1019.4730194434113,322.5784198430526,1028.150883345535,305.3358819052778,1014.8733507902735,312.018228836245,1006.19548688815,container,0
342.76020776440714,1003.4730234502072,337.27083546420425,1010.6016604727022,320.02829752642947,997.3241279174408,325.51766982663236,990.1954908949458,container,0
346.1626676373756,1018.4823625161279,340.67329533717276,1025.6109995386228,333.37612519092744,1019.9918491254001,338.86549749113027,1012.8632121029052,container,0
43.919353256165216,872.3031864271401,40.72058601956449,876.4412240409422,32.06853901969291,869.7530575582579,35.26730625629364,865.6150199444558,container,0
29.307461597400145,911.3093288352688,22.95056316234391,919.5645571298968,13.666944003593297,912.4157513070072,20.02384243864953,904.1605230123793,container,0
21.65277615213172,941.9570704103149,18.454008915530995,946.095108024117,9.80196191565942,939.4069415414327,13.000729152260146,935.2689039276306,container,0
18.729933978802375,952.4991278017125,15.531166742201652,956.6371654155146,-2.123115281884477,942.9901316775907,1.075651954716247,938.8520940637886,container,0
72.09456002386881,893.7182082463063,46.584945127809085,926.845636162048,38.074866863752256,920.2924917463821,63.58448175981197,887.1650638306404,container,0
83.23000800191005,900.7739684099065,37.76236312903292,959.819396346078,28.593386923798185,952.7588707724783,74.06103179667532,893.7134428363069,container,0
67.01500999354813,958.7118146144417,60.658111558491896,966.9670429090697,44.37352950909526,954.4271796308224,50.7304279441515,946.1719513361943,container,0
88.23653890357932,951.0232185116924,65.64534424682013,980.3607124555103,57.90104076798795,974.3972491922079,80.49223542474714,945.05975524839,container,0
111.45205014575258,920.7590440689609,91.08865958707767,947.2034555428792,83.34435610824549,941.2399922795768,103.7077466669204,914.7955808056585,container,0
81.26009633745886,979.5571130053438,75.18703991016483,987.443736925115,67.37962860305342,981.4316777852953,73.45268503034745,973.5450538655241,container,0
112.58642523088753,976.6647174472288,97.69262640233156,996.0061794447894,80.87057550741136,983.0524408936773,95.76437433596733,963.7109788961167,container,0
121.99575366567237,965.7135815979941,116.44152428574237,972.9264436565094,99.61947339082218,959.9727051053972,105.17370277075217,952.7598430468819,container,0
128.11973159822787,958.1599987603415,124.92096436162713,962.2980363741437,107.36304751385846,948.7254944116753,110.56181475045919,944.5874567978731,container,0
135.76448163993564,985.069754296067,113.47647775006529,1014.0135170794674,96.6544268551451,1001.0597785283553,118.94243074501544,972.1160157449549,container,0
142.79962967413684,994.0140059293176,121.91761036628593,1021.131921749474,114.28557951089743,1015.2549134743072,135.16759881874833,988.1369976541507,container,0
175.6398659574522,1011.4809444082612,170.0856365775222,1018.6938064667764,152.4181439761176,1005.0890396376965,157.9723733560476,997.8761775791812,container,0
189.94155632680938,992.0837070731983,178.34652945075868,1007.1413007915883,161.80006171756625,994.3997737150704,173.39508859361695,979.3421799966804,container,0
195.80492784743177,984.191890930866,192.88854191729286,987.9646301715312,176.5057204527119,975.3004551603645,179.4221063828508,971.5277159196993,container,0
205.61472589802153,992.3646330723876,188.23866894452829,1014.9296179430758,181.0672253694511,1009.4072826650596,198.44328232294436,986.8422977943715,container,0
183.89518955480986,1019.1080244046202,176.74781194073486,1028.3897888554598,169.5763683656577,1022.8674535774435,176.72374597973268,1013.5856891266039,container,0
27.77048340385396,1009.9208658368184,11.92348898514107,1030.50017161725,-4.898561909779119,1017.546433066138,10.94843250893377,996.9671272857062,container,0
50.27602678672099,1020.5155871323029,41.108291375450435,1032.4210390658156,24.286240480530243,1019.4673005147035,33.453975891800795,1007.5618485811908,container,0
20.207835441211724,953.4821926462557,17.009068204611,957.6202302600578,-1.0729400766273152,943.642557493371,2.125827159973409,939.5045198795689,container,0
368.72349559308515,630.0082529114597,366.50278292280757,633.2643475659526,319.1960636974505,601.0003497647654,321.41677636772806,597.7442551102725,container,0
338.15497049702157,616.3826589117016,335.3191806637326,620.5406034495167,317.10920865136615,608.1210887043101,319.9449984846551,603.963144166495,container,0
365.19443446008506,633.4746142489104,362.91603175790624,636.815296255475,346.4122775888818,625.5594514845842,348.69068029106063,622.2187694780196,container,0
298.5802291106453,585.5087417343738,296.26776995208206,588.7003322160812,279.49587352918604,576.5482952577398,281.80833268774927,573.3567047760324,container,0
