859.7905733431777,447.23503262305326,852.8368953931198,446.85268545899714,853.8689947112076,428.0820839085079,860.8226726612655,428.464431072564,container,0
886.0115777098422,406.94142298403165,880.8115570556067,408.49274281839973,875.3943969424033,390.3344340983723,880.5944175966388,388.7831142640042,container,0
882.053704104731,412.14155604491384,875.1034658816309,414.21501750324416,869.7761389881059,396.35782953692296,876.726377211206,394.28436807859265,container,0
936.6828735878925,350.12581237282905,931.138566995947,344.1298463700634,944.118304635774,332.1278361977206,949.6626112277195,338.1238022004863,container,0
187.08761187087933,561.8435295734832,192.88830591740594,556.6159159508951,206.9273363294076,572.1939838819346,201.126642282881,577.4215975045228,container,0
197.46340669889847,560.2821498897338,200.4963410747083,557.6457408828453,210.67220390781708,569.3520899771713,207.63926953200723,571.9884989840598,container,0
607.576058950846,521.9694615464589,603.1982070879565,518.0002467625887,613.9712529219615,506.1180984432158,618.3491047848511,510.087313227086,container,0
599.1559497800781,513.9961683446269,594.9161835870339,509.9081386789488,606.7732182553946,497.6110031765498,611.0129844484388,501.69903284222784,container,0
565.9276400980414,469.8893307343933,573.4901620429503,461.12253873086684,582.3941365502908,468.80339879707867,574.8316146053819,477.57019080060513,container,0
595.311668846556,502.63160820174414,590.965587298497,498.9343560627192,602.1699920142374,485.76369451164976,606.5160735622965,489.4609466506747,container,0
868.2407672956533,420.9510573110259,862.7827093379461,422.17957965508066,859.5868465264798,407.9810552779877,865.044904484187,406.75253293393297,container,0
862.7627548159746,427.222344643964,856.4534045668391,428.4843761279626,853.5721480595612,414.0799363873474,859.8814983086967,412.8179049033488,container,0
