319.0810655492563,183.19736320300512,319.3079496996161,189.06450455628502,305.4701332934452,189.59961714844934,305.24324914308545,183.73247579516945,container,0
359.90999400195034,201.9914393311407,354.62583249668285,201.68671797961147,355.43842259109095,187.59562369007412,360.72258409635845,187.90034504160334,container,0
340.53216713748753,214.1324779846042,335.65854754415574,214.55397205142745,334.59859340252063,202.2980147810438,339.47221299585243,201.87652071422056,container,0
347.18404319133526,206.46832654103605,342.69497154772375,206.70447214867838,341.7608378969171,188.94681438385095,346.2499095405286,188.71066877620862,container,0
330.547939293336,203.3634924291201,325.82444845607205,203.61196955368234,324.9634103427682,187.24384051206206,329.6869011800322,186.99536338749982,container,0
306.03464194818883,181.00842245259676,306.167768573725,175.21380892307556,364.62560621260417,176.55683113178017,364.492479587068,182.35144466130137,container,0
368.7951713756601,249.4587207626865,362.10617118169444,249.48240769141944,361.9325954315148,200.46599700731335,368.6215956254805,200.44231007858042,container,0
539.4437666652227,1010.0511759963772,545.6491177449457,1010.0511759963772,545.6491177449457,1024.0,539.4437666652227,1024.0,container,0
619.0779455633126,956.6443893822667,616.9190438106863,950.803705517023,629.508561437374,946.150221045673,631.6674631900004,951.9909049109167,container,0
692.0480477300579,932.6937255334321,697.5057023153398,931.4347512498523,702.9822163349442,955.1754441617579,697.5245617496622,956.4344184453378,container,0
700.420163898613,935.512563798039,705.9169879945573,933.804547424496,709.8232947963897,946.3760202084035,704.3264707004455,948.0840365819464,container,0
762.3219075380259,962.2085280053237,758.5257747479365,953.6109399823744,792.2060587471337,938.7399284698903,796.0021915372232,947.3375164928397,container,0
742.7732954744649,906.4582117121329,741.0066721827745,900.285521713885,762.7553492036134,894.0610524145407,764.5219724953038,900.2337424127885,container,0
832.8441994318251,621.9727746278656,861.3766874298207,620.571287247666,863.1593194708288,656.8633923593472,834.6268314728333,658.2648797395469,container,0
863.4721267966828,654.9339860937168,863.3092534950213,649.6363127029266,875.9685052382198,649.2471127700724,876.1313785398813,654.5447861608626,container,0
838.1859571080042,610.7191651655182,860.826344134942,609.7286745225863,861.2539835607815,619.5035494071435,838.6135965338437,620.4940400500755,container,0
851.758134792636,577.569412346008,859.6540781570591,577.569412346008,859.654078157059,609.744937685934,851.7581347926359,609.744937685934,container,0
842.4573895358601,573.6579496539637,850.5636185548565,573.6579496539637,850.5636185548565,592.5996404615266,842.4573895358601,592.5996404615266,container,0
