20.589338651467617,11.749608107506859,65.68244081870962,-1.027332905195248,72.29165647744728,22.298284443159744,27.19855431020527,35.075225455861855,container,0
1.7069799738132776,1.7798543878755453,7.849914122667652,0.039279810111331415,18.18954589579038,36.53049249189248,12.046611746936005,38.271067069656695,container,0
10.675945901992758,4.759901845852966,16.81888005084713,3.0193272680887517,25.915705800290556,35.12435870788711,19.772771651436184,36.864933285651325,container,0
-0.9595624216492507,20.1590912126235,4.030968274772256,18.725729016051012,10.004542929485398,39.52389695503904,5.014012233063891,40.95725915161153,container,0
69.46736704119712,0.5778164059039632,81.76118276462827,-2.9055846193069144,87.3559825489098,16.839898906605953,75.06216682547864,20.32329993181683,container,0
-2.023265737480296,157.63617753829166,3.699055098466877,155.8276888662609,31.493949749160173,243.77477266746544,25.771628913213,245.5832613394962,container,0
7.813330397935447,103.36312676676306,12.981031876953253,101.72992061611677,26.57450388648224,144.74164046595453,21.406802407464433,146.37484661660082,container,0
31.478308724789013,96.68973809664188,36.44560728502825,95.17782909411108,42.7465278195219,115.87917649450453,37.779229259282666,117.39108549703533,container,0
24.533854283103434,98.63741963767467,29.48505262756343,97.07359139509013,32.84759057266517,107.71964052862958,27.896392228205176,109.28346877121412,container,0
22.69228935563069,123.01950241694372,36.464998139884834,118.80521241421017,42.86860390416038,139.7328176106564,29.09589511990624,143.94710761339,container,0
42.13446420975866,104.52504281616662,55.9071729940128,100.31075281343307,65.74660845837043,132.4669829646944,51.973899674116296,136.681272967428,container,0
53.74298846128471,89.10608477390439,58.91068994030252,87.4728786232581,72.5041619498315,130.48459847309584,67.33646047081369,132.11780462374213,container,0
62.256000879976355,86.21402955551044,67.2232994402156,84.70212055297964,73.52421997470925,105.4034679533731,68.55692141447001,106.9153769559039,container,0
70.37173012291349,84.61601491495259,89.04348116559589,78.71497384861739,102.63695317512487,121.72669369845514,83.96520213244247,127.62773476479033,container,0
96.09784115560508,87.03736720850654,101.06513971584431,85.52545820597575,111.12652388236567,118.58161370258125,106.15922532212645,120.09352270511204,container,0
100.29028644225623,74.3806673301732,135.6183547410383,63.21554514378302,149.2118267505673,106.22726499362076,113.88375845178521,117.39238718001094,container,0
138.65850235569116,62.996264200228204,144.33900584410787,61.20099152944437,154.28697121360688,92.67779887114756,148.60646772519016,94.4730715419314,container,0
145.191033611737,60.55212478628564,150.87153710015372,58.75685211550181,164.33703870178692,101.36365500743324,158.6565352133702,103.15892767821708,container,0
168.08087784296742,76.81756652000918,226.42486816449667,58.37846661587156,232.72318786829487,78.30726497103642,174.37919754676562,96.74636487517404,container,0
221.4698271329582,36.36219811585236,227.81351793758176,34.431353186668105,237.77132635563862,67.14721593724052,231.42763555101504,69.07806086642476,container,0
183.6835980130694,47.79542214929623,189.04918613904147,46.16228476221338,195.08853892889613,66.00426491287459,189.72295080292406,67.63740229995744,container,0
191.50334169911022,45.30677001507536,196.8689298250823,43.67363262799251,202.90828261493695,63.51561277865372,197.54269448896488,65.14875016573657,container,0
198.82374975771097,42.400125417070115,204.18933788368307,40.76698802998727,207.6179875373362,52.03163852128506,202.2523994113641,53.66477590836791,container,0
22.012680561947693,151.51230189364244,27.735001397894866,149.70381322161168,48.0835656267991,214.08962601075982,42.36124479085192,215.89811468279058,container,0
34.650543937299076,157.98059109811405,39.620945058375646,156.4789131985333,42.84984755620731,167.16625207430033,37.87944643513074,168.6679299738811,container,0
42.727729587916706,181.59913327831833,47.698130708993276,180.0974553787376,53.60732506183232,199.65628769837866,48.63692394075575,201.1579655979594,container,0
52.007317358841675,213.35884251864996,56.977718479918245,211.85716461906924,63.448512438379524,233.27483451643604,58.478111317302954,234.77651241601677,container,0
53.18817864187751,190.55786618103534,58.910499477824686,188.74937750900457,72.17163263138957,230.709528947334,66.4493117954424,232.51801761936477,container,0
67.18650357456002,208.1848712401004,72.9088244105072,206.37638256806963,79.94018027395424,228.62461380370206,74.21785943800707,230.43310247573282,container,0
53.99854723682924,140.85601723682325,59.75385176409273,139.0371043621276,76.77725459304145,192.9016235119374,71.02195006577796,194.72053638663306,container,0
64.3931249817481,148.909876856098,70.14842950901159,147.09096398140235,94.42230786170803,223.8970407985199,88.66700333444454,225.71595367321555,container,0
75.99010484697448,157.82379268663962,81.74540937423797,156.00487981194397,95.23706428406274,198.69443556968437,89.48175975679925,200.51334844438003,container,0
77.2807808238525,133.44322000161785,83.03608535111599,131.62430712692222,96.5935532290986,174.52210467505344,90.83824870183511,176.34101754974907,container,0
93.91570556671368,212.17450148041863,98.88610668779025,210.67282358083787,102.11500918562191,221.3601624566049,97.14460806454535,222.86184035618567,container,0
98.64237627,174.39910455831148,103.78691322145743,173.69649273548362,105.2976666728922,184.75825785660976,100.15312972143478,185.46086967943762,container,0
97.58301944089041,197.99535243205474,111.10957648628674,193.9083442644738,117.7662515545735,215.93959337184805,104.23969450917717,220.02660153942898,container,0
99.33961414587948,150.826587326948,112.86617119127582,146.73957915936705,125.63661065214005,189.00523432305718,112.1100536067437,193.0922424906381,container,0
98.9010000508268,125.58348773621631,103.87140117190337,124.08180983663557,110.2574077974288,145.2188422851892,105.28700667635222,146.72052018476995,container,0
111.23074100774437,135.14457472496375,117.14526352713949,133.3575196921876,139.962304446086,208.87388592933948,134.04778192669087,210.66094096211563,container,0
114.95568956576187,121.0061860467685,120.97136205644334,119.18856885708794,141.0721861028676,185.71521425999276,135.0565136121861,187.53283144967332,container,0
130.01294199616487,116.44718339574624,136.02861448684635,114.62956620606568,155.54113481120962,179.20913356797237,149.52546232052813,181.02675075765293,container,0
133.04617322349608,152.05113621088904,139.06184571417754,150.23351902120848,145.72672194189764,172.291911076765,139.71104945121618,174.10952826644555,container,0
138.92381348391305,198.17503446815135,143.89421460498963,196.6733565685706,147.12311710282128,207.36069544433764,142.1527159817447,208.8623733439184,container,0
152.22594720923973,159.16507373808255,158.24161969992122,157.347456548402,170.77566548792197,198.83073194428968,164.7599929972405,200.64834913397024,container,0
159.20992826043778,155.94066626236202,165.22560075111926,154.12304907268145,174.84778547562814,185.96909029418669,168.83211298494666,187.78670748386725,container,0
163.61733333954876,141.9185168092048,168.97565172230168,140.29951716862269,175.4817969530508,161.83256555042988,170.1234785702979,163.45156519101198,container,0
145.45505355127844,110.48549465419312,151.22948295492907,108.74090044400326,157.81908058932535,130.55179842591485,152.04465118567472,132.2963926361047,container,0
153.2726879893757,108.29788979083935,158.01365292845537,106.86553008821618,161.22002753591119,117.47830393801397,156.4790625968315,118.91066364063714,container,0
177.12890504568327,185.501422807333,182.7056600885045,183.8165507828864,186.2902923410876,195.6813189677686,180.71353729826637,197.3661909922152,container,0
163.66177466119115,116.51271708218383,170.14086533094442,114.55507949584835,180.143405995681,147.659964867423,173.66431532592773,149.6176024537585,container,0
169.319992822196,104.33979004766103,174.0494504364929,102.91079878011318,197.10302537338487,179.21000927784064,192.373567759088,180.6390005453885,container,0
176.3413812191244,101.14522148229312,197.07996681184065,94.87912077262627,223.57897163504202,182.58149025416927,202.84038604232578,188.84759096383613,container,0
199.03650236693386,94.20525789078513,204.43137435752513,92.57521368850941,214.43391502226171,125.68009906008407,209.03904303167045,127.3101432623598,container,0
212.3111855831411,138.3734587792335,217.7060575737324,136.74341457695778,230.9083387284077,180.43831359493004,225.5134667378164,182.06835779720575,container,0
206.47094671307704,92.16686301313827,211.86581870366834,90.53681881086254,231.5295901919816,155.61697423461382,226.1347182013903,157.24701843688953,container,0
214.24893452216523,89.68978535329944,227.0893301534509,85.81009877496976,250.11410191707958,162.0139809175144,237.2737062857939,165.89366749584408,container,0
229.3320444572596,84.76754100038585,244.1128427263172,80.30156765282477,270.5657780193617,167.85146322138047,255.78497975030407,172.31743656894156,container,0
229.9865865284122,168.08218024963682,242.92648947943738,164.17242783658332,246.4790979493347,175.93031016948484,233.5391949983095,179.84006258253834,container,0
245.78632866278252,26.541383203334377,337.1317710502683,-1.0583650442070933,350.333590258121,42.63500509254163,258.9881478706352,70.2347533400831,container,0
346.3530413702746,20.070816850623892,388.4678531926764,7.345954247625372,395.14918395421023,29.458805012624317,353.0343721318084,42.18366761562284,container,0
341.1310635296739,1.7027843535959262,353.60410544792563,-2.065907415003382,358.4703281205422,14.03957509880063,345.99728620229047,17.808266867399936,container,0
260.62345261371763,73.67540606212131,267.1667307012947,71.6983744422545,289.1159805181385,144.34265788319638,282.57270243056143,146.3196895030632,container,0
269.5667683903068,70.67473632017334,283.8349724628247,66.36364175373015,310.667065382295,155.16841547587705,296.3988613097771,159.47951004232024,container,0
292.65177356093756,63.89748709576797,314.023558689713,57.440067067600665,340.8594631866277,146.25745576814245,319.48767805785224,152.71487579630974,container,0
285.3919858257456,66.09377403694191,290.7575739517177,64.46063664985905,297.295679735094,85.94124387562067,291.9300916091219,87.57438126270353,container,0
306.0870144076205,132.29471856711655,311.45260253359254,130.6615811800337,318.3406953071815,153.29205249793017,312.9751071812094,154.92518988501303,container,0
329.23089486301876,101.1267520440926,342.60508684558465,97.08578051792398,356.09124315109807,141.7202062664863,342.7170511685322,145.7611777926549,container,0
330.8649018370697,52.25629100819549,400.3535505077145,31.260506662041834,427.2011152272542,120.1164865911874,357.7124665566094,141.11227093734107,container,0
424.9362687507623,24.699485818245034,513.7298130217835,-2.1292141566412255,539.209570901002,82.19980705501332,450.4160266299809,109.02850702989959,container,0
415.8878009554293,1.5248028257686261,429.6087000725485,-2.6209252090904496,435.29223677207773,16.18957876680186,421.57133765495854,20.335306801660934,container,0
519.9657179313693,5.049867079470324,531.7183976408222,1.4988305664616988,554.6434555660975,77.3726950365679,542.8907758566446,80.92373154957653,container,0
534.6206866351541,0.5434111124686396,546.373366344607,-3.007625400539986,569.2984242698823,72.8662390695662,557.5457445604294,76.41727558257483,container,0
551.5135262534162,1.258653945913693,556.9284052302661,-0.37743530655278335,578.3236817438038,70.4333916837182,572.908802766954,72.06948093618468,container,0
560.0360657322674,4.180162333179407,565.4509447091173,2.544073080712927,585.1882319692345,67.8675398070769,579.7733529923846,69.50362905954339,container,0
567.5639959157953,2.3013443442955612,572.9788748926452,0.6652550918290814,592.7161621527624,65.98872181819306,587.3012831759125,67.62481107065953,container,0
576.5601437113138,0.42109446070811885,581.9750226881637,-1.214994791758361,601.4873539554445,63.363946857816806,596.0724749785946,65.00003611028329,container,0
587.0767783933728,7.167331023461728,592.4916573702227,5.531241770995244,609.0325619979734,60.275808176440535,603.6176830211235,61.91189742890702,container,0
592.8440866917578,1.5783000075951854,598.2589656686076,-0.057789244871297996,615.945634883148,58.4788542517679,610.5307559062982,60.114943504234375,container,0
602.229929377704,2.039368154322645,607.6448083545539,0.40327890185616155,624.0224792897997,54.60759929778432,618.6076003129498,56.2436885502508,container,0
609.8065048698696,1.5955435427467997,615.2213838467195,-0.04054570971968374,631.3426457110717,53.31515100301877,625.9277667342218,54.951240255485246,container,0
638.1896530905125,2.872334685746882,643.6045320673624,1.2362454332803985,650.1646891422087,22.948053988875266,644.7498101653588,24.58414324134175,container,0
646.2185453811234,1.0696067142097405,651.6334243579732,-0.5664825382567429,664.461125922565,41.888690013422085,659.0462469457151,43.52477926588857,container,0
655.378229667847,1.6599918340956563,660.7931086446969,0.023902581629172914,672.6212705535899,39.170951044104726,667.20639157674,40.80704029657121,container,0
662.9548051600123,2.1309523022181303,668.3696841368622,0.49486304975164686,679.4622644446804,37.20739558260256,674.0473854678304,38.843484835069034,container,0
670.7575390514005,1.669115963220662,676.1724180282504,0.03302671075417862,686.7826263835627,35.149078036538924,681.3677474067129,36.78516728900541,container,0
679.464906539679,2.1712952747387675,684.8797855165288,0.5352060222722841,694.6679582661214,32.93060912368683,689.2530792892716,34.56669837615331,container,0
699.2540355898637,7.138588561724838,709.5820797438973,4.018001359008835,716.0873072345406,25.548012344416,705.759263080507,28.668599547132004,container,0
691.1384971531614,9.726003421653873,695.9378390922888,8.285330055954445,702.6281713538198,30.57295817065443,697.8288294146924,32.013631536353856,container,0
715.4855670582438,3.28144352126845,725.8136112122774,0.16085631855244742,731.6313233138192,19.415433600637254,721.3032791597856,22.536020803353257,container,0
733.3002073211817,8.459089757909034,743.6282514752153,5.33850255519303,746.6961571583379,15.492189440828739,736.3681130043043,18.61277664354474,container,0
63.20793470646957,419.1896940184777,57.43015102661832,398.6333953915578,79.66367749333627,392.3841912572729,85.44146117318752,412.9404898841928,container,0
66.41908340106616,393.18903935250336,64.58378439633401,386.6593808361197,76.8166999068979,383.2210605005036,78.65199891163005,389.7507190168873,container,0
77.49609917065006,421.9506558332632,76.18141129481403,417.5114264877551,86.48854905425507,414.45894417781983,87.8032369300911,418.89817352332796,container,0
91.7964617065017,424.8793167467905,78.68989440279194,378.2485450880254,101.88548099875169,371.72893355138405,114.99204830246146,418.3597052101491,container,0
117.96242564897335,421.87776002979643,102.14813743194317,365.6134121112147,150.1221107960966,352.12930948205593,165.9363990131268,408.39365740063766,container,0
170.15058102765514,405.37179079286915,158.22617248234656,362.94692399462474,169.43838095704328,359.79549501823516,181.36278950235186,402.22036181647957,container,0
190.54149128606477,396.56545978489993,176.40266446120586,346.2620973624443,224.02189789241064,332.87770191464057,238.16072471726955,383.1810643370962,container,0
243.034150215029,381.1371999113089,236.65503279654246,358.4414657169176,257.2380443094009,352.6561738139559,263.61716172788744,375.3519080083472,container,0
233.64511648803176,346.89741399889783,227.78773256952442,326.05791226724847,248.37074408238283,320.2726203642867,254.22812800089017,341.11212209593606,container,0
263.9386521175023,360.8746562639659,257.90858832216804,339.4207910823155,278.4915998350264,333.6354991793537,284.52166363036065,355.08936436100413,container,0
290.23381086995204,362.4908576671298,288.9130502042437,358.34235869427215,310.3841697285025,351.5065825974471,311.70493039421086,355.65508157030473,container,0
311.0140789761099,341.21061443930057,309.69331831040154,337.06211546644295,323.10330106252536,332.792769405925,324.4240617282337,336.94126837878264,container,0
316.6523926550447,334.28016693813163,315.33163198933636,330.131667965274,321.84435587121203,328.05820727838955,323.1651165369204,332.20670625124717,container,0
364.7709251640881,342.14884214996675,349.35464053229595,287.30051826518,372.49047523337424,280.7977012657923,387.9067598651664,335.646025150579,container,0
399.10240164414677,323.3158389051315,392.7504575642729,300.7167824844617,402.088682511976,298.0920763211176,408.4406265918499,320.6911327417874,container,0
414.6168253421784,325.9872619846389,399.33371472919134,271.61274692544924,446.1130372245346,258.46442625870526,461.39614783752165,312.8389413178949,container,0
550.8378875300497,282.62302431155996,540.0953991283556,244.4032134260245,562.7256421068809,238.0425037026718,573.468130508575,276.26231458820723,container,0
564.029582917617,285.6168656974826,562.8335479311165,281.9256844567104,574.1788450297846,278.2495246105443,575.374880016285,281.94070585131647,container,0
550.7417628220726,237.64926520997065,549.7365167268016,233.90162609592778,560.0145108887741,231.14471349465148,561.0197569840451,234.89235260869435,container,0
567.0629285363177,246.70669863570888,561.0720026440571,225.39207896198874,581.3347426349694,219.69680616247578,587.32566852723,241.0114258361959,container,0
578.6103241567272,283.97473761523344,574.2780783014866,268.56139844226976,593.970677232691,263.02637587893895,598.3029230879315,278.4397150519026,container,0
592.6721831790774,286.3045137884142,591.7120075288128,283.34123730561424,598.6248631058643,281.10129930542865,599.5850387561288,284.06457578822864,container,0
594.8699842422969,241.6610462168985,590.2476169250535,225.2155078925879,595.5952315177868,223.71244740096967,600.2175988350302,240.15798572528027,container,0
606.9425094223897,281.1242396256066,600.886098988048,259.57663791637725,606.2337135807815,258.07357742475904,612.2901240151231,279.6211791339884,container,0
620.1146789683274,277.3842571402993,614.0582685339858,255.83665543106997,624.6583437753881,252.85727948180428,630.7147542097297,274.4048811910336,container,0
608.3997046076647,238.02023935823183,606.1436059096912,229.99345242104027,614.7248206067256,227.5815200430539,616.9809193046991,235.60830698024546,container,0
602.4628439771336,216.80745505887003,600.2067452791601,208.78066812167847,608.7879599761945,206.3687357436921,611.044058674168,214.39552268088366,container,0
631.4798117598683,272.31983327547715,612.1921747190272,203.69794488567524,659.4234943313301,190.42258084341378,678.7111313721712,259.0444692332157,container,0
669.4658173790285,212.24971464777352,662.732040877666,188.29216823916371,709.9633604899689,175.01680419690226,716.6971369913314,198.97435060551206,container,0
681.0885399379307,258.24532946423255,670.6904349784757,221.25077194107547,719.9722088533682,207.39908424299995,730.3703138128233,244.39364176615703,container,0
669.9803618430968,218.51385535215917,668.9762063888645,214.76592386066994,691.9324044377478,208.6154401787856,692.9365598919801,212.36337167027483,container,0
732.483745183587,241.00351185591137,712.9740870779696,171.59171308491528,737.196007158771,164.7836287562394,756.7056652643884,234.1954275272355,container,0
758.0189599787199,205.52941848597533,752.937872799001,187.45183870742505,768.9845812937668,182.94157097201804,774.0656684734857,201.01915075056831,container,0
785.0119296057319,224.23485908175553,765.5379589132702,154.9500296060291,812.1297490955315,141.85441887299623,831.6037197879931,211.13924834872267,container,0
826.9997284517859,183.2247463600304,821.8112914096878,164.76523538590396,843.1098257266052,158.77883062430533,848.2982627687034,177.23834159843176,container,0
858.355640548286,196.63495621235006,839.892210472325,135.57682846572655,861.443684816073,129.05985596321375,879.907114892034,190.11798370983726,container,0
885.2570984832862,193.10021609000944,862.69083564488,123.53420629794577,884.1074759122287,116.58694089012421,906.6737387506348,186.15295068218785,container,0
941.6469285301188,176.3544366532909,919.0806656917126,106.78842686122724,991.5128414422949,83.29241895692255,1014.079104280701,152.8584287489862,container,0
149.7924648875889,939.9642628975566,144.91842015086112,927.3555972286538,166.7559799887071,918.9140026630098,171.63002472543488,931.5226683319127,container,0
135.8088544798517,905.9102777076752,125.75914907074763,879.9126961468158,148.35782481700048,871.1768822652804,158.40753022610454,897.1744638261397,container,0
155.51891057550554,883.6624831958106,151.36553262089387,872.9181103278981,163.18746749182677,868.3481866778707,167.34084544643844,879.0925595457832,container,0
200.82677272670549,922.6865183177208,175.14434351221547,856.2486456632801,246.88467853862522,828.516480220195,272.56710775311524,894.9543528746358,container,0
264.08108612331097,868.8283910429383,258.1026187400503,853.3626945793925,279.94017857789623,844.9211000137485,285.9186459611569,860.3867964772943,container,0
296.21230797053295,886.0445097282081,273.78015743428756,828.0147825460356,299.1672299571916,818.201077395905,321.59938049343697,876.2308045780776,container,0
274.1776774330454,824.4333741328061,271.26300147768046,816.893399298874,283.55464568018596,812.1419033591641,286.4693216355509,819.6818781930962,container,0
297.72518738449446,811.8258888860677,295.8485559609208,807.2239707592018,316.92628771051864,798.6286127696648,318.8029191340923,803.2305308965306,container,0
303.7782608593761,818.432689955484,301.90162943580236,813.8307718286181,319.8033596347046,806.5305660228105,321.6799910582783,811.1324841496763,container,0
350.27548053634206,860.5716929453883,325.00739576299543,795.2056878695888,406.9205945836679,763.5410687842311,432.1886793570145,828.9070738600307,container,0
439.7151140457866,823.4004583814756,414.4470292724399,758.0344533056759,442.4894414584292,747.1942918556526,467.7575262317759,812.5602969314523,container,0
549.3011541730292,781.0980854225546,523.7839563280328,715.0876497754646,599.2541688612033,685.9136513654461,624.7713667061997,751.9240870125361,container,0
278.54379393199724,1024.3572915391642,276.58387200763866,1019.7455750641715,298.6794747114087,1010.3552197797861,300.6393966357673,1014.966936254779,container,0
321.9468747900222,1005.8287329214029,319.9869528656636,1001.2170164464101,332.36402262913805,995.9569163252752,334.32394455349663,1000.568632800268,container,0
339.1363261069965,1020.2057764777284,333.10549488267117,1000.420965325152,349.7481773833678,995.3479217409748,355.77900860769313,1015.1327328935512,container,0
372.60360885763566,1023.4229295393136,367.27050766163086,1009.3612725270947,400.9938744118905,996.5711634103072,406.3269756078953,1010.6328204225262,container,0
432.40491725199917,999.4164987239296,427.0718160559943,985.3548417117107,468.47954982669745,969.6503173939511,473.8126510227023,983.71197440617,container,0
460.9154825126783,992.8807260459444,459.90336753523326,990.320119419508,474.741142608911,984.4552848022008,475.753257586356,987.0158914286371,container,0
488.0017712257178,976.736937946286,478.9477633115531,952.8644575271494,499.4237203078843,945.0986337233411,508.477728222049,968.9711141424777,container,0
473.31976555202084,943.0133289113793,471.67881001973507,938.8617831845634,490.13712988145164,931.565878457286,491.7780854137374,935.7174241841019,container,0
544.6175294207828,953.4860496565888,529.8013787900518,914.4206689796227,551.92367477372,906.03044561787,566.739825404451,945.095826294836,container,0
605.548182905948,927.8521177236013,590.6950798232341,890.0819324069299,716.8698358638243,840.4637840659963,731.7229389465382,878.2339693826676,container,0
731.189483033546,872.2389650219759,718.5418774327266,838.8913337942445,740.6641734163946,830.5011104324917,753.3117790172141,863.8487416602231,container,0
772.0312122275914,861.0014784495467,757.0597961870143,821.5267132777296,776.0457983730319,814.3259779107942,791.0172144136089,853.8007430826112,container,0
796.0886119369555,834.4199317856578,786.8374855879991,810.0277140281592,809.0115874082329,801.6178425005673,818.2627137571893,826.010060258066,container,0
856.5468162103866,826.3857816090538,845.2556939410642,796.6147566839732,866.8500711209858,788.4247547044663,878.1411933903082,818.1957796295469,container,0
801.896743061367,847.5530360557154,800.255011871889,843.4826932200857,820.7207781006362,835.2280355435412,822.3625092901142,839.2983783791709,container,0
883.8105041933879,816.2403158290017,872.5193819240656,786.4692909039211,894.1137591039871,778.2792889244142,905.4048813733095,808.0503138494948,container,0
910.7420589338736,805.0984503214027,899.4509366645513,775.327425396322,921.0453138444728,767.1374234168152,932.3364361137952,796.9084483418958,container,0
935.1750005345508,788.9285916953614,926.1268417492585,765.0715335307443,936.4600024199068,761.1525223158313,945.5081612051991,785.0095804804484,container,0
947.759448858576,789.1933882545528,937.009789130028,760.8500243194861,947.3429498006765,756.9310131045733,958.0926095292244,785.27437703964,container,0
962.8098875660475,783.196330186358,952.0602278374995,754.8529662512913,973.6159652061853,746.6776190186138,984.3656249347332,775.0209829536805,container,0
637.68069320662,1000.9604648525643,636.038962017142,996.8901220169346,656.5047282458892,988.6354643403901,658.1464594353672,992.7058071760198,container,0
660.8810480397507,992.7792057347449,654.9642562189273,977.1785459798825,675.7623874806642,969.290532596378,681.6791793014876,984.8911923512403,container,0
682.0493720000753,982.8795351354183,669.6722660277563,950.2451236382177,692.2009508234142,941.7007710257385,704.5780567957332,974.3351825229391,container,0
707.0202419033467,972.5903475675409,701.1034500825233,956.9896878126785,721.9015813442602,949.101674429174,727.8183731650836,964.7023341840363,container,0
775.5044077123944,945.9921312804343,761.9322285832077,910.2066997259029,784.3002676279439,901.7232745023957,797.8724467571305,937.508706056927,container,0
798.6599417350818,936.7362498712371,787.4320781720559,907.1320176242406,809.800117216792,898.6485924007334,821.027980779818,928.2528246477299,container,0
831.4049630273188,920.9896221492979,816.1747055811334,881.4673725182071,1002.5016844226988,809.664580839705,1017.7319418688842,849.1868304707958,container,0
752.8792368247479,1024.887971214867,746.1895908740696,1007.2495459470163,768.5576299188059,998.766120723509,775.2472758694842,1016.4045459913598,container,0
696.6946268114286,1019.6065711982526,692.9082020999211,1009.6229981065408,785.513356466535,974.5010591288194,789.2997811780425,984.4846322205312,container,0
779.5773165012034,1019.5645399382594,772.6134628056701,1001.4822102925896,793.285770044518,993.5209063023746,800.2496237400513,1011.6032359480444,container,0
803.7175094008447,1010.7792106912331,788.8323623338689,972.1284653055327,798.1737400412425,968.5309206891262,813.0588871082183,1007.1816660748266,container,0
815.2393820863002,1006.1016734868587,804.0608838539831,977.0756056201626,813.4022615613568,973.4780610037561,824.5807597936739,1002.5041288704522,container,0
824.2057777806019,996.5571550177075,811.465597431579,963.4760262507325,844.9896635905161,950.5652621741509,857.729843939539,983.6463909411259,container,0
800.9784666495681,971.4739670305427,799.7162192519999,968.0294957134522,808.0019183262381,964.9931510524885,809.2641657238063,968.437622369579,container,0
883.1036201816808,979.7143188913219,881.1593232208663,974.4086433745143,892.0028746878454,970.4349581962756,893.9471716486598,975.7406337130832,container,0
928.3421771667756,960.4302932027181,926.0709783294388,954.7993117271304,948.1948668786868,945.8758673563284,950.4660657160235,951.506848831916,container,0
987.8683263546278,936.3596360409418,985.5971275172909,930.7286545653543,1006.860888339049,922.1521339241198,1009.1320871763859,927.7831153997073,container,0
953.0381359751921,950.3406708396326,946.8932932208555,935.1404461870876,969.5676192454864,925.9741232433942,975.712461999823,941.1743478959391,container,0
926.6171411395629,1024.4565773342042,916.4790667028122,998.2034771963689,963.2087164076319,980.1580401004279,973.3467908443826,1006.4111402382631,container,0
899.5730150348779,1021.5579507261818,893.3469300623201,1006.1567608060778,915.572183219326,997.1719800579685,921.7982681918838,1012.5731699780725,container,0
872.7073472448116,1026.545099748233,868.9999208969579,1017.3742038241069,891.2251740539638,1008.3894230759975,894.9326004018175,1017.5603190001236,container,0
955.2157379944642,1026.7137436395358,951.8992832816214,1018.5099768873877,974.1245364386273,1009.5251961392783,977.4409911514701,1017.7289628914264,container,0
981.3430559344059,1017.0900104946631,965.4614617163577,977.8044161180572,996.0353113107268,965.4446318091668,1011.916905528775,1004.7302261857727,container,0
1006.8950219643414,982.6184755009297,999.4000008166147,964.0783745128905,1010.501188098053,959.5906085890192,1017.9962092457797,978.1307095770584,container,0
1012.4485948372403,998.6691624291824,1008.1006370588208,987.9138123488055,1018.5133476573565,983.7043700058792,1022.861305435776,994.4597200862561,container,0
