344.97894015871515,143.899286358315,347.32340536502414,150.05820599198094,333.1708671796013,155.4455361294476,330.8264019732923,149.28661649578166,container,0
455.940212097864,204.162909926988,456.260188385052,209.6607700440458,445.00170554680426,210.31601544157337,444.68172925961625,204.81815532451557,container,0
427.5691707417537,203.41864896250016,427.48946152993324,209.68298407946577,408.5607564974718,209.44212976200882,408.64046570929224,203.1777946450432,container,0
587.8406899753193,197.14689765110475,588.1606662625072,202.64475776816255,576.9021834242594,203.30000316569013,576.5822071370715,197.80214304863233,container,0
605.2080896767025,200.20726176806153,605.6323475168737,207.49689650732526,590.0949694552212,208.40117425156598,589.67071161505,201.11153951230224,container,0
679.3072832436825,42.8179300071179,685.0175054441488,42.102153107811986,687.941068045009,65.42533115962358,682.2308458445427,66.14110805892949,container,0
808.3478854198249,232.7922141309685,806.6757187973969,227.06806480284487,833.915635040184,219.1106066500451,835.587801662612,224.83475597816872,container,0
656.3849380518532,721.3353407521709,664.2935627046155,728.0115505072145,649.0509188020915,746.0679558275697,641.1422941493291,739.3917460725261,container,0
622.3417146359509,754.8253383556467,631.9657021218821,762.9496029347669,616.7230582193581,781.0060082551221,607.0990707334269,772.881743676002,container,0
467.8390961635504,729.9531514363617,472.71638568156067,734.2729584766325,457.13356092893184,751.8667878117095,452.25627141092156,747.5469807714387,container,0
