656.6035055473078,15.867613827783131,662.0141471983785,-2.397950550344529,689.5398232923817,5.755729591421758,684.129181641311,24.02129396954942,container,0
692.5529901690896,17.274938482388254,698.0229143416285,-1.1907553410448841,720.6970647975307,5.525801581020635,715.2271406249919,23.991495404453772,container,0
719.2582686935388,25.172594780979402,727.1063283156224,-1.321349470934921,749.4008125832453,5.282742396710118,741.5527529611617,31.77668664862444,container,0
767.5910803868811,3.9739804286188143,768.9234242568648,-0.526694631087409,790.8698105646207,5.970138150113019,789.537466694637,10.470813209819243,container,0
775.654816941333,28.640468084894938,778.7535953115906,25.1150193484973,795.9445408588177,40.22541640973998,792.8457624885601,43.75086514613761,container,0
863.9923612043735,0.17917701603271752,869.7502046712391,2.144159619496289,862.8866580953331,22.255903480204722,857.1288146284676,20.29092087674115,container,0
885.1184600725867,5.631438854939876,890.8763035394522,7.596421458403448,884.0127569635463,27.70816531911188,878.2549134966807,25.74318271564831,container,0
907.0763579227124,13.579097639585143,912.834201389578,15.544080243048715,905.970654813672,35.65582410375715,900.2128113468065,33.69084150029357,container,0
930.4205874093594,19.863158460404996,936.178430876225,21.828141063868568,929.314884300319,41.939884924577,923.5570408334535,39.97490232111343,container,0
953.2102842413979,27.53355091774603,958.9681277082634,29.498533521209602,952.1045811323575,49.61027738191804,946.3467376654919,47.64529477845446,container,0
919.0112049267059,10.789018462337435,920.959309901901,5.214743877607642,946.0194061437965,13.972779999732069,944.0713011686014,19.54705458446186,container,0
893.51675411607,4.633813378442435,894.9985998137352,0.39368519430357996,916.7620317364427,7.999598638555021,915.2801860387776,12.239726822693875,container,0
932.4975613702961,89.8454447562067,933.9617335145406,85.65588737852269,955.4912624145268,93.1800560799649,954.0270902702823,97.36961345764891,container,0
913.628839834935,83.01425824563795,915.0065459262576,79.07211336747608,934.0445982196729,85.72555747523954,932.6668921283504,89.66770235340141,container,0
855.1820106290285,63.51016950771616,856.842304349212,58.75943317397243,876.8675449968813,65.7578811948271,875.2072512766978,70.50861752857084,container,0
878.7022429400188,69.66968434342787,879.9376530073201,66.13470289860727,891.0876790152304,70.03142897648435,889.852268947929,73.56641042130495,container,0
829.1154548874284,58.49054433537658,832.0593578559657,48.55234242467753,853.6034706525533,54.934158590848995,850.659567684016,64.87236050154804,container,0
801.7425910364873,53.93651786228636,804.4616922598032,44.75721499064014,828.9465351364336,52.01013682462713,826.2274339131177,61.18943969627335,container,0
536.6297859755991,104.86113023202813,543.0701830013445,102.13228183360245,552.2885629235439,123.88872190091226,545.8481658977985,126.61757029933794,container,0
645.7161948835341,87.78108238014656,647.1931290028149,82.91081316801451,658.8891846449557,86.45770203318332,657.4122505256748,91.32797124531537,container,0
629.8861466841909,135.75091463099977,631.3630808034717,130.88064541886774,643.0591364456125,134.42753428403654,641.5822023263316,139.29780349616857,container,0
633.4994095887105,126.34588149102333,636.5392603836816,116.0837732280487,648.5054367745608,119.62840459252374,645.4655859795897,129.89051285549837,container,0
660.413743950552,128.22456842081573,662.7637998636486,120.29111055369344,673.5593703032195,123.48898398690385,671.2093143901228,131.42244185402612,container,0
651.5520000256621,158.69271629307292,656.6769735242477,141.39152737473245,679.0334980329231,148.0139968575079,673.9085245343375,165.31518577584836,container,0
657.1595289861382,138.77073067137462,658.636463105419,133.9004614592426,670.3325187475598,137.4473503244114,668.855584628279,142.31761953654342,container,0
671.6498887399073,136.9969132561826,673.1268228591881,132.12664404405058,684.8228785013289,135.67353290921938,683.3459443820481,140.5438021213514,container,0
690.4920087018786,168.36359150093733,709.2336441029004,105.09446927011652,720.5581502400462,108.44902450394318,701.8165148390244,171.718146734764,container,0
705.679664558519,166.92813814179016,720.1738621588796,117.99776787298802,729.808854185302,120.85185374116519,715.3146565849414,169.78222400996734,container,0
732.658740447607,139.5988751113588,740.5135916312214,113.08200350399034,766.5087001143193,120.78229755300273,758.6538489307048,147.2991691603712,container,0
724.6161369455575,184.23841357817275,733.6544285852584,153.72641362330936,743.2903979212625,156.58078899099604,734.2521062815616,187.09278894585944,container,0
745.2759311895692,146.743585386063,748.7720515792304,148.01804997439672,745.5261305007351,156.9222839324346,742.0300101110739,155.64781934410087,container,0
751.5909077829745,151.12841101782607,755.8437081877597,152.8737333483949,750.869825282371,164.9935182516785,746.6170248775858,163.24819592110967,container,0
768.4578060793804,201.3078055558333,782.15232735073,153.50252164627108,804.8420265498753,160.00231712726955,791.1475052785256,207.80760103683178,container,0
755.8622163765722,194.47248611435913,767.4760307667664,153.93060201376395,778.8852192692268,157.19893057199118,767.2714048790326,197.74081467258637,container,0
784.9852903794384,150.22312819313203,791.2209566104445,128.455460040893,813.713612788422,134.89880967272848,807.4779465574159,156.6664778249675,container,0
772.4852597177585,141.69350699712834,777.3976799507993,142.95506171408456,774.8764066963579,152.77275220477162,769.963986463317,151.5111974878154,container,0
835.3738414406935,163.83359593653395,841.3242808563996,143.0616069039855,862.7163352577952,149.18967309415794,856.7658958420891,169.9616621267064,container,0
826.1708001842379,193.43749793011244,832.3875649522677,171.73581162462756,853.6053610088217,177.8139589687022,847.3885962407919,199.51564527418708,container,0
818.5867940438974,220.37910615225303,824.8422623505847,198.54231226489821,847.5722512653748,205.05364932295248,841.3167829586874,226.8904432103073,container,0
849.006524230756,201.10352680921216,863.830379777786,149.35592577822956,875.777508473062,152.7783551556709,860.953652926032,204.5259561866535,container,0
866.0883232185391,226.3517701065663,877.3163343062722,187.15666082503625,900.5711023085042,193.81832851159024,889.3430912207712,233.0134377931203,container,0
885.7714752888442,158.95020433201034,890.3756109509634,160.40310595687296,887.3060592056358,170.13028391272303,882.7019235435166,168.6773822878604,container,0
882.0554955278386,174.5006679367477,883.0375709681913,170.72361915434166,893.9663097338242,173.5652149488554,892.9842342934716,177.34226373126145,container,0
896.3953050657424,173.39106403035981,897.377380506095,169.61401524795377,908.306119271728,172.45561104246752,907.3240438313753,176.23265982487356,container,0
888.9835559248689,178.07618872642522,893.5122719458714,179.37061936814064,891.143301662696,187.6587371930378,886.6145856416936,186.3643065513224,container,0
880.4992995195988,176.52715909991923,885.0280155406012,177.82158974163465,882.6590452574259,186.10970756653182,878.1303292364234,184.8152769248164,container,0
922.4511711269682,172.46322835199734,923.5843537369634,168.1050234509676,935.1899867946537,171.12261942399132,934.0568041846585,175.48082432502108,container,0
915.1157383892798,198.64353263734114,917.7937458933178,189.29505622799712,928.6794538949121,192.4134261568015,926.0014463908741,201.76190256614552,container,0
907.3932974654118,225.84466755531935,911.5746312973264,211.2483303052163,922.4542103897498,214.3649445185402,918.2728765578353,228.96128176864323,container,0
914.3691510534061,245.578415651245,927.2262097043808,200.69657371803214,938.2889165385143,203.86564754563142,925.4318578875395,248.74748947884427,container,0
939.4772421463488,177.06096319267462,954.9627413044325,181.38123257602894,952.1507361290185,191.46053548805995,936.6652369709348,187.14026610470563,container,0
953.5418085749643,195.6093022218236,956.2198160790023,186.2608258124796,967.1055240805965,189.37919574128398,964.4275165765586,198.727672150628,container,0
947.8525954178956,217.81807022187712,950.2628806280977,209.40416757470726,963.3960476517816,213.16635494098819,960.9857624415795,221.58025758815805,container,0
938.7105262812807,248.9100457088011,945.0239504694597,226.87093752991055,958.5088766835553,230.73389145004356,952.1954524953763,252.77299962893412,container,0
979.696151984376,215.3945112472951,982.8717493487412,204.3090318371066,1006.705208618584,211.13647408299244,1003.5296112542188,222.22195349318093,container,0
963.8902179811364,262.4365275601002,977.8930716499589,218.94721692924006,1001.2782094648296,226.47685255916238,987.2753557960071,269.9661631900225,container,0
1008.9850341327785,266.4075583825213,1018.5141274223673,240.2463921548328,1028.9567409677566,244.0500696283477,1019.4276476781678,270.2112358560362,container,0
994.678263072905,197.50755121644602,996.2979818047252,192.70376745703197,1008.6124466756438,196.8559046935759,1006.9927279438236,201.65968845298994,container,0
622.688902629515,193.35814847377208,627.8310626368739,175.99894032172986,652.0019009510359,183.158847446226,646.859740943677,200.5180555982682,container,0
687.0566737170781,213.1457881028625,692.5676201049089,194.54160905666492,704.6702996353691,198.12667550199646,699.1593532475383,216.73085454819403,container,0
709.0085882988092,214.7852584005138,712.1551103736834,204.1630429162481,723.6342638591411,207.56340792450501,720.4877417842669,218.18562340877074,container,0
727.5204583328382,228.31222136717918,735.1086338438175,207.88114011659798,748.710008819824,212.9327386709154,741.1218333088447,233.3638199214966,container,0
765.7436711132701,237.30096806992407,770.9570393243056,223.26403002668198,791.6024686189231,230.9318151559009,786.3891004078877,244.96875319914298,container,0
810.519154566917,252.3415655919761,812.6310793900057,242.5656587847314,824.235234791952,245.07254682361773,822.1233099688634,254.84845363086242,container,0
835.7902104776598,260.0531200460143,837.8873268945039,251.1017462421206,860.4080358845955,256.37786916769267,858.3109194677514,265.3292429715864,container,0
797.7453950956868,248.79766783421823,799.0828368745443,243.6538849487012,810.5888064182087,246.64556727986783,809.2513646393512,251.78935016538486,container,0
845.4493913091153,410.356601783409,841.7008338289055,422.6276383068253,807.6166776248267,412.2156068169322,811.3652351050365,399.94457029351594,container,0
819.0718277626288,395.06918375649883,807.6757766039765,391.4119045881022,817.168928638939,361.83132261280736,828.5649797975913,365.488601781204,container,0
793.5080298323638,379.2359537265814,760.358910637106,368.5975684301563,767.4726016100122,346.43136713094754,800.6217208052701,357.06975242737263,container,0
964.2047379042655,345.7777778512292,971.1768557144812,351.26684657976966,955.1449397828977,371.6303020448636,948.172821972682,366.1412333163231,container,0
