925.4276154990758,391.83453795665196,930.029375878587,387.4007318042603,941.2134392132433,399.008451620248,936.6116788337322,403.44225777263966,container,0
913.1682526081237,251.84206718138765,917.1034097419212,247.30267337391342,926.7780208471892,255.68950133427361,922.8428637133917,260.22889514174784,container,0
123.74018696698761,651.1054145611085,127.81135199241785,652.4533195095291,125.55745547541392,659.2609098234582,121.48629044998367,657.9130048750376,container,0
316.51456239429575,643.7572739165528,321.07393029914596,644.8680823728745,315.88560132325773,666.1638336591052,311.3262334184075,665.0530252027835,container,0
397.7234403145685,660.4975156124082,417.1069048027143,664.8038423657741,414.7681244646942,675.3310661980464,395.3846599765484,671.0247394446804,container,0
565.5581295924136,744.8394020123208,574.1224529761381,746.5239544691118,571.1945119247943,761.4097087898522,562.6301885410697,759.7251563330611,container,0
576.1126045008,746.094831302416,585.8403874218104,748.008229464127,582.9124463704666,762.8939837848675,573.1846634494561,760.9805856231565,container,0
633.3744186838103,724.6570166707091,630.6743212396567,740.0784544823177,617.8947394086651,737.8409123892428,620.5948368528187,722.4194745776342,container,0
620.8696461176374,708.747103033726,627.164645087016,709.8781259900312,624.7142366166898,723.5165041584557,618.4192376473113,722.3854812021506,container,0
261.22510362898277,834.9962538238249,333.22082753423626,854.9755165874759,326.539213680127,879.0528627825097,254.54348977487345,859.0736000188587,container,0
581.9146391268134,917.9693258999341,574.3391537694375,952.6921892439631,550.0075512418698,947.3837647386788,557.5830365992457,912.6609013946498,container,0
568.6303638234158,950.8726285542864,567.3061515322584,956.5349354092601,547.2959037508385,951.8552497723033,548.620116041996,946.1929429173296,container,0
262.0268984939843,1018.2207658141642,260.70744280964664,1024.223846713297,210.72921892439348,1013.2388120774949,212.04867460873112,1007.2357311783621,container,0
690.7763672004056,844.0570686926144,700.4893980964331,853.7295705216274,690.7570673052707,863.5026810710999,681.0440364092432,853.830179242087,container,0
733.2910473906454,874.0649125327473,738.4202124334669,879.1505070355585,730.0030506033077,887.6397824182416,724.8738855604862,882.5541879154304,container,0
854.821732951085,820.5867078190643,859.0173993332003,817.8446777399373,865.5945891432992,827.9086425319681,861.3989227611839,830.650672611095,container,0
966.2451104595925,738.6602773750474,970.4407768417077,735.9182472959204,976.0805250181254,744.5478031886573,971.8848586360102,747.2898332677843,container,0
605.5476151938353,773.4565164034634,611.0819110154125,774.4508637658118,609.1122766011028,785.4133703524478,603.5779807795257,784.4190229900994,container,0
149.94450296320673,936.7946363148454,153.38989282628248,918.8175340203675,167.73092958459716,921.5660561049457,164.28553972152142,939.5431583994236,container,0
148.33893842334797,949.0696258949516,149.55815009094852,943.8143902354798,163.01061463079984,946.935354315446,161.7914029631993,952.1905899749179,container,0
207.51374766825802,971.9075601729743,212.79466938651046,973.0102136691767,209.97207340441207,986.528429931178,204.69115168615963,985.4257764349757,container,0
370.22906992061274,1004.6530410101217,375.5099916388652,1005.7556945063241,372.6873956567668,1019.2739107683254,367.40647393851435,1018.1712572721231,container,0
