485.830361991301,165.8700064626875,484.9084529871238,64.51879543614196,528.7606732974149,64.11990768386208,529.6825823015922,165.47111871040767,container,0
461.5845532986766,167.80110852252446,460.71528966998005,72.23753221452014,482.7653138810733,72.03696119364491,483.6345775097699,167.60053750164923,container,0
461.81956091444687,270.49931234675563,460.89765191026964,169.14810132021006,484.2929106025377,168.93529380242114,485.2148196067149,270.2865048289667,container,0
486.1557075334109,228.9970643676214,485.6077843714218,168.76045124695054,542.473391471637,168.24319136734275,543.0213146336262,228.4798044880136,container,0
530.8864937168262,76.27494691537909,530.7720426415872,63.69262585526243,541.3876876671425,63.59606402205803,541.5021387423815,76.17838508217469,container,0
531.3165839722443,104.15156499962511,531.1969934665761,91.00423427410732,542.8565206760801,90.89817709916072,542.9761111817483,104.04550782467851,container,0
531.3114794599646,124.57460662564394,531.2052776248985,112.89917602628537,543.4970888879095,112.78736748086949,543.6032907229757,124.46279808022805,container,0
531.5278656311356,158.94411787314377,531.421895116554,147.29411777846366,543.103996878867,147.1878552612889,543.2099673934486,158.837855355969,container,0
487.1094668128761,270.6954453064029,486.79948930611323,236.61768322895855,520.6841274638658,236.3094624124087,520.9941049706287,270.387224489853,container,0
521.6027750346461,262.9045048115637,521.3612526453696,236.3524410696116,544.1830077092709,236.14485024488008,544.4245300985474,262.6969139868322,container,0
463.3227512147444,291.8868525838105,463.20740649152543,279.20628722345765,544.4172013255646,278.4675881953298,544.5325460487836,291.14815355568265,container,0
466.108569324484,305.41349841655494,466.00240959736414,293.74269700655435,489.582102785657,293.5282118391267,489.6882625127769,305.1990132491273,container,0
491.99267887896775,304.94137660392107,491.8865191518479,293.2705751939205,515.4662123401408,293.0560900264928,515.5723720672606,304.7268914364934,container,0
522.1551277799489,317.21899385225265,521.9215721025582,291.5427604730243,545.5012652908512,291.32827530559666,545.7348209682418,317.004508684825,container,0
488.60006486382554,312.58420432370366,488.56074755360976,307.73874469272164,505.87520523720286,307.59825071365486,505.91452254741864,312.4437103446369,container,0
465.7632288188456,320.3699541894122,465.7119761346523,314.05358079369665,487.7394223044754,313.8748444094777,487.79067498866874,320.1912178051933,container,0
493.0633317992552,319.8752473791611,493.01030093442364,313.33973125847666,516.0742990098888,313.15258402452775,516.1273298747203,319.6881001452122,container,0
586.8025373749614,121.38912594275256,586.2775054475508,63.6690891174635,675.6436679928703,62.85619828878144,676.1686999202809,120.5762351140705,container,0
585.9570489153057,39.679128457261626,585.9133842780603,34.8788023471989,654.1111641706952,34.25846296781593,654.1548288079406,39.05878907787866,container,0
597.3259902738632,46.721410798888876,597.2823256366179,41.92108468882615,665.4801055292528,41.30074530944318,665.5237701664981,46.10107141950591,container,0
607.5838205213096,61.45451439655477,607.5401558840642,56.654188286492044,675.7379357766991,56.033848907109075,675.7816004139445,60.8341750171718,container,0
641.3622758815071,52.44470457418028,641.3674196217664,48.74931687519106,664.4044901792769,48.78138298487562,664.3993464390176,52.476770683864835,container,0
587.6765851700086,53.42130063389185,587.6827904898248,48.963248445922034,609.3873025623805,48.993459720529664,609.3810972425642,53.451511908499484,container,0
590.026730445687,129.39729445556628,590.0333580452535,124.63586625794775,611.7885382703255,124.66614805934098,611.781910670759,129.42757625695953,container,0
590.3949594003817,234.02054471563355,589.4728248375006,132.6445366129327,677.3484052036134,131.84520439019684,678.2705397664945,233.22121249289768,container,0
605.4990143465046,253.93068828075553,605.3209548053687,234.35549154530665,680.8889935703129,233.66811095399657,681.0670531114488,253.24330768944546,container,0
589.9601813629502,308.45419542529544,589.4871487933622,256.4507725652253,614.4076833597223,256.2240908613469,614.8807159293103,308.22751372141704,container,0
622.336199208729,309.41310468647134,621.85437288109,256.44292911662404,645.9853508180166,256.2234293631003,646.4671771456557,309.1936049329476,container,0
652.0334051933136,308.85284312850916,651.5455489664658,255.2197631023674,676.0444420485502,254.9969167259306,676.5322982753979,308.6299967520723,container,0
469.12325689996874,508.60366526139114,468.1404172801835,400.5539713558632,548.1462466006617,399.82622381648844,549.129086220447,507.87591772201637,container,0
477.13028586759134,398.9774560564144,477.0268505068971,393.6145623205869,546.4977270439979,392.27466160162425,546.601162404692,397.6375553374517,container,0
475.0549865530368,375.5705975320876,474.8215934517855,370.47793096658233,487.2816381046077,369.9068964356844,487.51503120585903,374.9995630011897,container,0
520.8672736767991,374.75219341839306,520.6505435755488,370.0231155902225,543.0427206322348,368.99689885684586,543.2594507334851,373.7259766850164,container,0
522.4727532997431,384.9182897297808,522.2560231984928,380.18921190161024,544.6482002551788,379.1629951682336,544.8649303564291,383.8920729964041,container,0
493.0643398347529,515.8739271346457,493.0274663189264,511.82019138969616,549.0795221479409,511.31033172005806,549.1163956637674,515.3640674650077,container,0
469.5960841075292,564.0773661002821,469.17753751454876,518.063926728945,549.259421683167,517.3354873808727,549.6779682761475,563.3489267522098,container,0
469.66775245708567,620.3128004681016,469.2555472800639,574.996512533754,550.8193826032889,574.254593089101,551.2315877803106,619.5708810234487,container,0
470.9616972364163,571.6512325147661,470.9559291440253,566.5252085731456,526.9059721451418,566.4622504166906,526.9117402375329,571.5882743583111,container,0
481.03329987548,639.9955761276933,480.93022068713213,628.6634375724235,550.1308418408657,628.0339761669788,550.2339210292135,639.3661147222487,container,0
471.6157140738603,654.7879553997362,471.56232934930654,648.9190394228541,539.7837807444492,648.2984847231895,539.837165469003,654.1674007000717,container,0
514.2931999025387,832.510790769013,514.2885926471429,828.4163866118549,533.0163729883203,828.3953130529883,533.0209802437162,832.4897172101464,container,0
472.6809422891922,750.3222437655061,471.89263503584243,663.6587070975723,552.8056128021235,662.922707971346,553.5939200554733,749.5862446392797,container,0
484.69413410602897,764.9017393947844,484.5837374684124,752.7651479687254,554.5304339476743,752.1289001267554,554.6408305852909,764.2654915528144,container,0
489.94449524164946,812.566790823753,489.5298930890276,766.9869884006919,554.701002064523,766.3941801691159,555.1156042171449,811.973982592177,container,0
484.41117197253175,826.6549321695812,484.368297840091,821.9415111867136,555.2315745491853,821.296925964673,555.274448681626,826.0103469475407,container,0
484.03781774360897,841.0239257763325,483.9335747814345,829.5638463004801,508.30334549331343,829.3421744445501,508.4075884554879,840.8022539204024,container,0
482.45152274244225,664.1905305488262,482.444716721823,658.1421141441067,494.5737792372059,658.1284658361781,494.58058525782513,664.1768822408976,container,0
508.8695106313295,819.230984039784,508.86469998874225,814.9558324982971,531.7150060396094,814.9301200400713,531.7198166821967,819.2052715815581,container,0
487.9723771257882,844.4731485562887,545.353217448954,844.3056409264371,545.4181638633942,866.553462353189,488.0373235402285,866.7209699830406,container,0
444.3677026640183,969.7411996736802,443.8436519597127,930.8212389716304,556.7941382205197,929.3003797310527,557.3181889248253,968.2203404331025,container,0
470.2149374156676,976.9797383509814,470.13600082664396,971.1173114569592,557.5521503465849,969.9402677524625,557.6310869356086,975.8026946464847,container,0
445.7615051112254,1005.1190403315211,445.5139633236977,986.7347188077835,557.9223988135684,985.2211581893821,558.1699406010961,1003.6054797131197,container,0
448.3978346495725,1018.8106895209695,448.31410058547556,1012.5919659178903,534.7047437800276,1011.4287304830424,534.7884778441245,1017.6474540861216,container,0
444.3896599359564,984.3005129691436,444.38374760779027,979.0463086887722,467.0561442067417,979.0207964243356,467.0620565349078,984.2750007047069,container,0
536.5147916847519,982.3109131985022,536.5091683684714,977.3135497840593,557.1522798937327,977.2903209860922,557.1579032100133,982.2876844005351,container,0
446.21506419804336,1011.2514329978908,446.2089050262994,1005.7778622435026,467.96828390133305,1005.7533773583068,467.974443073077,1011.226948112695,container,0
538.560988650893,1009.35391242146,538.5562624482702,1005.1538015085945,558.353187147532,1005.1315248879577,558.3579133501548,1009.3316358008232,container,0
591.9762928196782,393.0691218443413,591.7959392253292,373.2417255205905,667.9135503769661,372.5493459191393,668.0939039713151,392.3767422428901,container,0
597.1700852127527,451.32327689058246,596.6878517915495,398.30834698431005,619.4215709310903,398.1015569503193,619.9038043522935,451.11648685659173,container,0
626.2899793411598,451.0512883071201,625.8077459199566,398.0363584008477,648.5414650594973,397.82956836685696,649.0236984807005,450.8444982731294,container,0
656.3255534081806,450.6641006727358,655.8367309574546,396.9247976248718,679.7907428762704,396.7069075863567,680.2795653269964,450.4462106342207,container,0
594.1724345718474,520.922217384959,593.5685114701957,454.52918136735553,659.9707651319111,453.92517442034074,660.5746882335627,520.3182104379442,container,0
595.7764099075781,632.3165962680932,594.7733071272842,522.0392466530751,616.525335777458,521.8413862538889,617.528438557752,632.118735868907,container,0
663.0933270886798,594.9283451102651,662.2459427440389,501.77009506049075,683.9979713942129,501.57223466130455,684.8453557388538,594.7304847110789,container,0
619.6393530058102,637.0965007470996,618.7319644598867,537.341614327446,640.4839931100606,537.1437539282598,641.3913816559841,636.8986403479134,container,0
641.9701340425279,651.3151224890291,640.800889037672,522.7727211327957,662.552917687846,522.5748607336095,663.7221626927019,651.1172620898429,container,0
666.2744715168685,651.2762373886678,666.1662992434036,639.3841841974215,685.900553064386,639.204677844177,686.0087253378509,651.0967310354233,container,0
595.5688874158748,652.3214180364605,595.5222204259086,647.1910245522823,639.9200509182015,646.787173830794,639.9667179081677,651.9175673149722,container,0
597.2999011178897,672.3692988266736,597.2597707943759,667.957521884929,686.2026632314391,667.1484811979477,686.242793554953,671.5602581396923,container,0
597.9435193378949,715.7651494313528,597.5756534566003,675.3233570249306,618.1242032892849,675.1364436874218,618.4920691705795,715.578236093844,container,0
619.761909471377,707.6647982217025,619.5912985538406,688.9084751699593,686.4593495342402,688.3002312460217,686.6299604517766,707.0565542977649,container,0
641.5772833250073,685.8543551117024,641.4670084528034,673.7311501174707,686.4366929839598,673.3220977078905,686.5469678561637,685.4453027021221,container,0
620.5734400139166,714.0726507306872,620.5365219623441,710.0140188931992,665.4016696985628,709.6059173692724,665.4385877501354,713.6645492067604,container,0
599.6140554028635,741.4374348930953,599.5138305078385,730.4190866181959,688.2164804830082,729.6122312202365,688.3167053780332,740.6305794951359,container,0
600.1311618751826,769.7529980770745,599.7385165186423,751.2795645403831,689.4217908359702,749.3733828254316,689.8144361925105,767.8468163621229,container,0
602.1306509140173,797.1953032470719,601.5862771011058,771.5832508327742,669.1279434036163,770.1476800389642,669.6723172165279,795.7597324532619,container,0
597.6262391428385,749.4544479342775,597.6191342169182,743.1403985220272,621.0362329569226,743.114048276574,621.0433378828429,749.4280976888242,container,0
603.8829214624174,811.5793137418931,603.630819420161,799.7182532594119,627.278642585711,799.2156283445689,627.5307446279675,811.0766888270501,container,0
634.8968816036567,810.6687680836308,634.6447795614002,798.8077076011496,658.2926027269503,798.3050826863066,658.5447047692068,810.1661431687878,container,0
603.1396972777537,854.3853791582909,602.723284353391,834.7937136670248,644.8624622310734,833.8980624883076,645.2788751554361,853.4897279795737,container,0
647.3933302668803,852.1810103552747,647.1330358371041,839.9345091084172,668.6433520415668,839.4773160393205,668.903646471343,851.723817286178,container,0
664.4471535415977,824.2904502046015,664.1912958865287,812.2526932133549,676.3219813590046,811.9948604010108,676.5778390140736,824.0326173922574,container,0
604.8307341848031,825.9229588478482,604.8236292588828,819.608909435598,628.2407279988872,819.5825591901447,628.2478329248075,825.896608602395,container,0
678.2784095996668,810.9669194311069,678.2719284784927,805.207236670245,689.9271023840798,805.1941216086133,689.933583505254,810.9538043694752,container,0
679.4267990154991,823.9420368498542,679.4205751987713,818.4110169923016,690.0834502466226,818.3990185215317,690.0896740633505,823.9300383790843,container,0
606.4514615113686,939.0524024600595,606.2068411373244,927.5433443587615,628.9939431060606,927.0590137247589,629.2385634801047,938.5680718260569,container,0
636.4423954611142,945.9467369493741,636.0372521664738,926.8852923105604,659.1965905633109,926.3930499418639,659.6017338579513,945.4544945806775,container,0
666.148345267327,945.0337805929009,665.7438271395803,926.001749211797,692.1157774323368,925.4412240768895,692.5202955600836,944.4732554579934,container,0
609.9876258755133,913.5583334575218,685.4673633181784,911.8014539550306,685.7219674910294,922.7398570107649,610.2422300483644,924.4967365132561,container,0
603.2911818637318,967.3429689992449,603.0336825591312,955.2279746155067,691.3398263906757,953.351063251923,691.5973256952764,965.4660576356613,container,0
606.1792208357905,952.3686375638769,606.1739248487289,947.662167099766,629.2330131916545,947.6362197078832,629.2383091787161,952.3426901719941,container,0
603.1756495376388,995.9152042613946,602.8818192551473,982.0908864533277,692.4519753438427,980.1871090205645,692.7458056263342,994.0114268286314,container,0
613.9070330018038,1001.5234497226829,613.8100178083395,996.959015943799,658.55214984938,996.0080400273444,658.6491650428444,1000.5724738062282,container,0
670.4210473703579,1000.6995121395095,670.3271703361265,996.2827245126936,693.1102578250147,995.7984792048361,693.2041348592461,1000.215266831652,container,0
603.8315758876942,1009.0720854521961,603.7376988534628,1004.6552978253802,626.520786342351,1004.1710525175228,626.6146633765824,1008.5878401443387,container,0
659.0243354132501,1007.2276382018692,658.925013085084,1002.554656852353,692.8812526525392,1001.8329307170764,692.9805749807053,1006.5059120665926,container,0
624.7832221301438,1023.5549313171679,624.6525058881343,1017.4049087364681,692.6817057475806,1015.9589756141332,692.8124219895901,1022.108998194833,container,0
636.9871091926165,1008.4721713406437,636.7758332454922,1003.7220828124368,647.6156405721403,1003.2399464172978,647.8269165192645,1007.9900349455047,container,0
609.4178747935765,1016.461374908801,609.1916102335574,1011.374299425216,625.1253905617017,1010.6655916800642,625.3516551217208,1015.7526671636491,container,0
671.451909047347,1014.2405084793239,671.2633207266429,1010.0005027857053,688.9336579969267,1009.2145559090073,689.1222463176309,1013.454561602626,container,0
771.5924247075868,335.1887056465016,730.3501233903249,336.4109304227175,729.6205545973824,311.79263060116887,770.8628559146442,310.57040582495296,container,0
743.6451010925387,359.55249018083725,730.1828476777666,359.95144705622255,729.5278453768069,337.8492913927472,742.9900987915789,337.4503345173619,container,0
781.6066010051885,409.35332095796394,730.4166993237244,410.87034508437847,729.7271207637274,387.601460909595,780.9170224451915,386.0844367831805,container,0
781.430659538986,431.32146653782706,730.6659222776202,432.82589082205016,730.0942599452658,413.535928270578,780.8589972066316,412.0315039863549,container,0
777.7039462381686,458.8181148474504,730.7880821834169,460.20847691779625,730.2300910432775,441.37983002582087,777.1459550980292,439.989467955475,container,0
784.4079340415567,539.6570449439606,732.2238067320262,540.5985601642877,731.8012916833889,517.1803735941068,783.9854189929193,516.2388583737796,container,0
780.6389937667377,555.5797442595805,756.7331173693036,556.0110582940174,756.5120791181373,543.7598615102526,780.4179555155714,543.3285474758156,container,0
774.6962626512479,593.182657349408,742.5539197424933,593.7625751639968,742.1233948014633,569.9004348102461,774.2657377102179,569.3205169956574,container,0
764.8025021658535,732.2918421486683,774.2397388703714,732.2114598120327,774.3201960977968,741.6574890217286,764.882959393279,741.7378713583641,container,0
741.9232740454776,733.171327681588,747.8952800829784,733.1264863030667,747.9722483315783,743.3771712840488,742.0002422940775,743.4220126625701,container,0
755.3776343409221,733.0535679325945,761.3496403784229,733.0087265540733,761.4266086270228,743.2594115350554,755.454602589522,743.3042529135766,container,0
765.1177089220807,745.935808183601,769.5133726571974,745.9028029220254,769.6049256765905,758.0958978400997,765.2092619414739,758.1289031016753,container,0
740.5773121219922,822.7167835183931,782.9721225389692,822.355682697333,783.1695687468314,845.5367281607508,740.7747583298544,845.8978289818109,container,0
745.4139618713735,848.4678079722129,759.4662284830583,848.3481167892279,759.632162804572,867.829529436233,745.5798961928872,867.949220619218,container,0
763.5759962622834,848.1187226062056,777.8547355930383,847.9971024256853,778.0269095079403,868.2110705346316,763.7481701771854,868.3326907151519,container,0
760.2633657424421,929.714704986695,775.2094881201518,929.5874003234786,775.4067343789536,952.7449708956323,760.4606120012439,952.8722755588486,container,0
747.3407404559838,929.4084675146526,752.4214840124498,929.3117555487569,752.874786658382,953.1259183167253,747.794043101916,953.222630282621,container,0
778.6822401822526,928.4569818498912,783.7629837387186,928.3602698839956,784.2162863846509,952.174432651964,779.1355428281848,952.2711446178597,container,0
220.3777883790504,410.69526479965145,227.1011926343695,410.69526479965145,227.1011926343695,434.6527116081619,220.3777883790504,434.6527116081619,container,0
243.56927774075248,413.67398820390673,248.59055433649712,413.67398820390673,248.5905543364971,425.92930735284284,243.56927774075245,425.92930735284284,container,0
305.27140540032667,410.90803075709823,309.6543841237309,410.90803075709823,309.6543841237309,423.16334990603434,305.27140540032667,423.16334990603434,container,0
312.50544795351817,409.2059030975238,316.4628947620288,409.2059030975238,316.4628947620287,433.3761158634811,312.5054479535181,433.3761158634811,container,0
322.5054479535181,408.1420733102897,327.31395859181595,408.1420733102897,327.3139585918159,433.5888818209279,322.50544795351806,433.5888818209279,container,0
345.4841713577733,413.03569033156634,350.07991603862433,413.03569033156634,350.0799160386243,424.43994565071523,345.4841713577732,424.43994565071523,container,0
351.01608625139033,408.56760522518334,355.82459688968817,408.56760522518334,355.8245968896881,431.6739882039067,351.0160862513903,431.6739882039067,container,0
368.25012880458166,406.8654775656089,373.05863944287955,406.8654775656089,373.05863944287955,432.95058394858756,368.25012880458166,432.95058394858756,container,0
386.32277365939206,407.68442577917756,396.2095661122222,407.68442577917756,396.2095661122222,433.6089540810642,386.32277365939206,433.6089540810642,container,0
32.65841803957911,82.11666933005567,32.67511167699015,66.4579792837673,55.28988628479093,66.48208876203906,55.273192647379894,82.14077880832743,container,0
78.64008180668706,81.4019824591081,78.66405849454506,58.91176572200345,91.14808407130799,58.92507486828533,91.12410738345,81.41529160538997,container,0
53.85446793352312,65.13214946144403,53.87121374293394,58.46051899920646,76.18706034556355,58.51653183087692,76.17031453615272,65.1881622931145,container,0
92.79227573656777,64.4935450335771,92.80760965998624,58.384418381383526,104.21528252525923,58.41305166925883,104.19994860184076,64.52217832145242,container,0
33.34950981900037,141.2666729592869,31.50367163888591,109.30092758624275,54.38339410038723,107.97975503803511,56.22923228050169,139.94550041107925,container,0
57.41615259719607,137.17007824484483,55.34250784565419,104.61763890662209,79.28256743722085,103.09261712844273,81.35621218876271,135.64505646666547,container,0
83.3974527576018,141.61089401746813,81.87707709711717,117.7437699970995,93.47370724977273,117.0050452888903,94.99408291025736,140.87216930925894,container,0
95.88262939589661,141.11407499684162,93.54135439263858,104.36032898466422,105.37712768322457,103.60637045917686,107.7184026864826,140.36011647135425,container,0
109.92995917376373,144.29650960669298,108.13326950954682,116.09175984878736,118.65089501200615,115.42176953883695,120.44758467622306,143.62651929674257,container,0
98.04723607714763,194.4929773555001,96.64105493963159,170.1410982609697,118.85158834890382,168.85856753662392,120.25776948641986,193.21044663115433,container,0
27.940253968136197,201.01334691281022,26.72347158397976,179.9414261532459,47.08917684364719,178.7654236576197,48.305959227803626,199.837344417184,container,0
49.465532651793836,196.27980066284135,47.86361903533188,168.53827742148107,94.59844476971247,165.83960968591623,96.20035838617443,193.5811329272765,container,0
48.241106084041576,222.4598231048575,48.2056278907921,212.41334049924157,69.97830342364279,212.33645237626,70.01378161689226,222.38293498187593,container,0
71.79169499990037,234.70332800460602,71.71028241572651,211.64944515804908,96.90625785491103,211.5604679785892,96.9876704390849,234.61435082514615,container,0
98.34820481210477,235.57802429414807,98.28039095772836,216.37494076557994,121.3407904105392,216.29350516863383,121.40860426491561,235.49658869720196,container,0
18.22434558839319,177.39639321442263,22.703588217246978,177.1520684667581,25.19860722417917,222.893630066554,20.719364595325384,223.13795481421855,container,0
13.784900186166446,238.21212474098084,13.947221671321245,225.60795406395343,25.168729042708442,225.752469065287,25.006407557553644,238.3566397423144,container,0
14.493940071441473,205.45252412935278,18.016328131142945,205.45252412935278,18.016328131142938,223.90028532338258,14.49394007144147,223.90028532338258,container,0
62.2794918180833,339.7085444151486,57.62460574298987,289.5110473734634,80.86975058290335,287.35549167037743,85.52463665799678,337.55298871206264,container,0
87.82434430462683,339.45387234426425,83.485564092576,292.66520698373284,94.45429982373693,291.6480603484342,98.79308003578777,338.43672570896564,container,0
99.74649403278539,325.56015816035205,96.05335709170173,285.73399964993905,119.64258462909098,283.546536663591,123.33572157017464,323.372695174004,container,0
40.16646198468491,337.8031711403791,40.1041312019491,333.48510232209566,59.68338265701683,333.20247827881775,59.745713439752635,337.5205470971012,container,0
38.22930207994174,316.90539573197174,38.16000510798614,312.10473254968423,48.597644260407996,311.95406653539334,48.6669412323636,316.75472971768085,container,0
95.01422086195575,426.7736826759888,94.9435296592824,421.8764318379149,109.60962626781352,421.66472856968113,109.68031747048687,426.5619794077551,container,0
52.85668007935305,419.20989091608743,52.14659343009469,404.39131741301054,75.27806782064836,403.2828874322851,75.98815446990672,418.101460935362,container,0
26.22687377630582,442.0067423349184,25.937907335850838,432.31081057960694,49.35632315824985,431.61287494721284,49.645289598704835,441.3088067025243,container,0
74.60591834014119,449.3773422235274,74.18065828976984,435.10823740924957,85.22792952545495,434.77899719528375,85.6531895758263,449.0481020095616,container,0
41.592166085480045,521.2395713671037,40.99739421216658,497.2964559005035,87.45783638403805,496.14233022859236,88.05260825735151,520.0854456951926,container,0
88.56290740153672,518.5412888445062,86.53491820861474,492.1372513623848,99.1488954750938,491.168421894789,101.17688466801577,517.5724593769105,container,0
113.97870453575449,518.34082469759,112.23187908212583,495.59748616634295,123.74180853837971,494.7134542237136,125.48863399200837,517.4567927549607,container,0
39.61436344537414,574.7159665082438,39.997685592944535,532.5309157046004,62.197261645859825,532.7326361957612,61.81393949828943,574.9176869994046,container,0
64.15337681160521,569.60605176146,63.897234772274224,556.1444413749314,88.07634438931068,555.684371125631,88.33248642864166,569.1459815121596,container,0
88.61889617377615,564.9277844042708,88.26995526666765,546.589105787964,110.38408914089241,546.168327056004,110.73303004800091,564.5070056723109,container,0
113.7263533995746,576.5650469897585,113.13047086300209,545.2482878805278,124.0719677107594,545.0400975351347,124.66785024733191,576.3568566443654,container,0
35.96959184567143,537.5432284402389,39.34272617402962,537.5432284402389,39.34272617402962,558.3790493357612,35.96959184567143,558.3790493357612,container,0
63.092174231607565,689.8548339295876,59.46888828419385,619.2768446115624,84.794267686787,617.9767071014264,88.4175536342007,688.5546964194516,container,0
91.79700433730753,684.6276300126851,90.66641637114756,662.6049062870893,113.13163448572567,661.4516018378317,114.26222245188563,683.4743255634276,container,0
40.84727432097306,693.3646094263727,40.102358133586804,678.8543865294747,62.8201039357176,677.6881179814877,63.56502012310385,692.1983408783857,container,0
14.731280263970122,689.3005120471596,13.34633604183558,662.3231826465795,37.80185381834328,661.0677015149611,39.186798040477825,688.0450309155411,container,0
1.0953049591044186,657.6954082282966,-0.7320394069333984,622.1005661378928,12.029519846997367,621.4454216833872,13.856864213035184,657.040263773791,container,0
