143.17333658466754,351.1574650203624,147.90869682138174,346.1326547317748,171.46884021604785,368.33563550017817,166.73347997933365,373.3604457887658,container,0
203.33263715668107,363.70024500943305,215.52854635585373,350.67316410834934,236.50354622205992,370.3098882342914,224.30763702288726,383.3369691353751,container,0
331.9514999828299,290.7169601015793,336.71539758708934,294.6617274647941,329.56603591677106,303.29565281380553,324.8021383125116,299.3508854505907,container,0
229.07255515614864,335.07762353759585,234.69484020371175,328.54096756253927,250.07167412178703,341.7668346949621,244.44938907422392,348.3034906700187,container,0
249.8353747757076,315.450688263433,255.45765982327072,308.9140322883764,270.83449374134597,322.1398994207992,265.2122086937829,328.6765553958558,container,0
275.3136313184685,286.37997279380335,280.93591636603156,279.84331681874676,296.3127502841068,293.0691839511696,290.69046523654373,299.60583992622617,container,0
780.1834936716107,282.54416987204354,826.1789073014751,322.0165943517786,818.8481016581707,330.55884738660393,772.8526880283063,291.08642290686885,container,0
270.47137112677007,298.78264415080287,283.96845972813816,309.92570913694414,274.1226458984192,321.8514963218496,260.6255572970511,310.7084313357083,container,0
276.19499532387755,289.1663228842567,288.3186042855183,299.1754564475078,282.6776412982777,306.0080987528803,270.55403233663696,295.9989651896292,container,0
300.52573490069483,261.44023873129504,316.3897071907629,274.5373798546521,300.78230179489196,293.44192126471603,284.9183295048239,280.34478014135897,container,0
321.1972959672681,237.00180354338084,333.7209602232531,247.3412188640234,321.4045869568492,262.25948250431657,308.8809227008642,251.920067183674,container,0
333.3306883702263,224.59836436265724,340.1720065483724,230.24649006602002,332.798068866683,239.17820592287902,325.95675068853694,233.53008021951624,container,0
358.0308915562391,249.94510659072273,379.43874354021557,267.61922083243877,368.02099955265385,281.44901563481335,346.6131475686774,263.7749013930973,container,0
358.23473821407305,276.5786425795625,366.7929427701978,283.64421296664,352.9715438326395,300.38544585786804,344.41333927651476,293.3198754707905,container,0
312.64819304935406,313.02347767641277,320.9286841121064,319.8597705062649,309.6893031112684,333.47352232244054,301.40881204851604,326.6372294925884,container,0
281.30931188963405,335.90910954725183,304.8410995023327,355.3367243724072,279.0254141070792,386.60609177878376,255.49362649438052,367.1784769536284,container,0
258.2315257314904,371.34371589454224,268.9604168251941,380.20138396039863,259.218742311182,392.00103192124595,248.48985121747828,383.14336385538957,container,0
298.7499736062018,405.7334548266717,302.62970133137026,408.93652027633493,291.8516007054267,421.99154412154695,287.97187298025824,418.7884786718837,container,0
383.70368718904746,237.28946906776707,396.2091637497168,223.38377239544616,411.83744485091717,237.43837948202463,399.3319682902478,251.34407615434554,container,0
448.5607658646576,278.2698249921884,452.6750648850957,273.6948538649483,468.2786231132459,287.72722752326166,464.16432409280776,292.30219865050174,container,0
693.793573656295,45.79224714435023,709.666469609279,60.629902870448745,688.7348547501166,83.0219404618737,672.8619587971326,68.18428473577518,container,0
710.4228338684622,23.788557016229703,727.864844534679,40.092988810077046,715.2236722801167,53.61615012507377,697.7816616138999,37.31171833122643,container,0
854.712118002969,39.48111853902647,886.1965689601753,65.04645714428997,871.6555376859442,82.95415604433413,840.1710867287378,57.38881743907062,container,0
850.0900989220286,69.08544560412327,866.5386041523718,83.20125257857546,847.4712698597693,105.4195464677031,831.0227646294261,91.3037394932509,container,0
825.6667888597027,84.61719131825248,849.2069710835774,104.81894605294166,831.9721179694976,124.90193331000856,808.4319357456229,104.70017857531938,container,0
817.780686592236,112.89694690575809,829.3870415459323,122.85730889057383,818.2446368546373,135.84104422891286,806.6382819009409,125.88068224409712,container,0
801.8101241621853,123.54126865203541,818.6653941392091,138.00615370791485,806.2916223507243,152.42474489085805,789.4363523737005,137.9598598349786,container,0
789.6796646832125,136.08626709480194,803.8696940018893,148.2638912630304,772.5714492087126,184.7343066004512,758.3814198900358,172.55668243222274,container,0
766.1690708150212,174.5016801401793,776.494372703909,183.36266576625405,743.0135221832041,222.37637188329512,732.6882202943164,213.51538625722037,container,0
744.2717724598034,237.65305590654597,765.4553088171085,255.83238017148824,759.8394810586307,262.3762477962872,738.6559447013256,244.19692353134496,container,0
754.9115100128874,232.32650825962878,769.2593682635234,244.6395783366081,764.9120984442643,249.70525332700822,750.5642401936284,237.3921832500289,container,0
774.0367096763525,191.52804576666614,791.7892020089873,206.76291067224065,764.2371960439336,238.86800498550588,746.4847037112988,223.63314007993137,container,0
786.0315423051928,213.87013527959797,795.1005513988966,221.6529933584049,777.0231411173612,242.71777400502722,767.9541320236574,234.9349159262203,container,0
908.7060604381502,65.30814500612647,913.3793867512428,69.38616003034572,900.8482439548745,83.74660721251402,896.1749176417819,79.66859218829477,container,0
800.8477801439889,198.46754541677112,805.5211064570815,202.54556044099036,792.9899636607132,216.90600762315867,788.3166373476206,212.82799259893943,container,0
786.2750871981435,183.30408549134702,792.183742009926,188.46006679482866,783.1555612279859,198.80618728654403,777.2469064162034,193.6502059830624,container,0
797.7045265414389,167.20945658995842,802.3778528545315,171.28747161417766,789.8467100581632,185.64791879634598,785.1733837450706,181.56990377212674,container,0
861.4384453098971,201.01864353439726,869.0521136311515,207.66244534136996,857.2045785324901,221.239491328949,849.5909102112357,214.59568952197628,container,0
807.0639622296725,148.74955585439386,825.3363079685261,164.43054946494382,811.4927852128791,180.561774329718,793.2204394740255,164.88078071916803,container,0
825.5023129187657,132.29919922428684,853.5261866963148,156.34877621506115,838.5726499556131,173.77344968479082,810.548776178064,149.7238726940165,container,0
851.957230115687,108.1280679982899,869.5147889333629,123.19564451920702,857.5399091478764,137.14942506755224,839.9823503302006,122.0818485466351,container,0
946.4258474529065,140.1121651162989,971.6195537095068,161.73294399614346,961.5909906776862,173.41877051532686,936.3972844210859,151.7979916354823,container,0
861.4294800118676,96.26386212255639,867.6558173449242,101.69705798541062,860.489448355446,109.90957818677293,854.2631110223894,104.4763823239187,container,0
879.0699147499856,88.3411940261263,883.2902781040212,92.02394674065528,866.1995064000462,111.6096404276317,861.9791430460106,107.92688771310273,container,0
873.3917389551456,104.79197278286884,878.3270473065755,109.09859728497162,870.4584756106514,118.11582820114725,865.5231672592214,113.80920369904447,container,0
847.9590688206905,187.87335572750473,853.3344675625368,192.56400974175693,838.844946357466,209.16872068804273,833.4695476156197,204.47806667379052,container,0
927.7046678713889,128.16007797582225,939.6560834358564,138.4165646788372,923.30845391859,157.46571079603294,911.3570383541224,147.20922409301798,container,0
940.9774957997494,155.44670072353708,953.5936871584679,166.27368587984765,944.2928992529907,177.1114692801476,931.6767078942721,166.28448412383702,container,0
926.8552424354754,161.4359880225012,952.4473982650924,183.39870905350125,936.5587530995082,201.9130216664592,910.9665972698912,179.95030063545914,container,0
910.3911084156301,179.48493517153904,926.2487154362532,193.09364408734382,918.7853380155858,201.79037696007688,902.9277309949628,188.1816680442721,container,0
894.5604645193479,133.73452104675235,925.7225872600712,160.47728601914474,909.1737039310941,179.7609440123206,878.0115811903707,153.0181790399282,container,0
881.8602977638407,150.56269755169123,906.1252594503756,171.38644479273194,895.1566811465725,184.1676281799847,870.8917194600376,163.34388093894398,container,0
904.037121745679,130.4061818302407,909.8705033588408,135.17478808146004,903.0904237177514,143.46878213978493,897.2570421045896,138.7001758885656,container,0
842.1102936491679,208.76255214290643,847.6943211071732,213.6352587214309,835.0657336633185,228.10737558418248,829.4817062053132,223.23466900565802,container,0
864.8062954249705,180.81851576419362,871.4582495262583,186.62311123818634,859.7790133035336,200.00728997032175,853.1270592022457,194.20269449632903,container,0
880.7972670857126,189.8841788506082,885.0537470535099,193.5984474670188,872.1734675722079,208.35899853474828,867.9169876044106,204.6447299183377,container,0
897.4819319612689,193.8545869750189,911.134192100629,205.57070744879357,900.1059808844152,218.42137834557815,886.4537207450551,206.70525787180347,container,0
897.1323425348388,215.11973484570035,909.8245274366761,226.01193627369915,897.3419446309027,240.55731996593585,884.6497597290654,229.66511853793705,container,0
886.6573534609238,205.71716659851194,893.9816855917257,211.94937145576588,879.1016157543129,229.43701445130807,871.7772836235109,223.20480959405413,container,0
872.5665127490862,220.6464610219822,887.3998102371172,233.37612619237177,874.666255044723,248.2139565453963,859.832957556692,235.4842913750067,container,0
863.1229583189904,237.10846985552803,875.0073580314378,247.3074447774967,861.3361165931499,263.2379180908504,849.4517168807025,253.03894316888176,container,0
841.5797891643705,251.74458995869702,861.1746257725922,268.56052109554815,834.2054969094405,299.9864153406463,814.6106603012188,283.1704842037952,container,0
839.2410890421492,236.03123648902837,844.1935514674211,239.7011795163678,836.6860187288136,249.83233782522237,831.7335563035416,246.16239479788294,container,0
879.8147137379358,249.9206535589062,884.5543559505059,253.43288957332692,878.2891470366017,261.8875744284985,873.5495048240316,258.3753384140778,container,0
817.7593706486865,234.35050124800833,837.7472101521902,251.50370029659447,814.1738079175676,278.9727093766244,794.185968414064,261.8195103280382,container,0
784.7159086006232,256.18078858225687,815.4202505064378,274.65746566368347,809.6000909850886,284.3293437347423,778.895749079274,265.8526666533157,container,0
779.6442151030469,265.73701211516357,789.9543004573042,271.9412199225447,785.4769118593233,279.3816958128656,775.1668265050661,273.17748800548446,container,0
796.8623380567818,277.39065266855494,801.5840306003263,280.64974991850323,795.632429518031,289.2722696831007,790.9107369744866,286.0131724331524,container,0
752.8261307779928,356.7257318444422,776.1885078177702,379.1903463900953,759.1812132126822,396.8773104011258,735.8188361729049,374.41269585547263,container,0
762.2498742316191,348.07838668403025,772.8703773676311,357.5799083418125,760.7691483526773,371.1062828881098,750.1486452166653,361.60476123032754,container,0
782.0201647359397,356.7021028473166,787.967574112826,362.45212104409757,781.5848826830834,369.05392256192147,775.6374733061971,363.3039043651405,container,0
769.8098794591626,336.53857167029525,777.5403058048694,344.19795591408985,769.9730363621209,351.8354130781795,762.2426100164141,344.1760288343849,container,0
713.7560600595727,366.0887195464233,719.8301276775037,370.73290589322255,703.7634259874826,391.7463246440811,697.6893583695517,387.10213829728184,container,0
684.98771286773,337.95320775952507,689.6834232193877,341.45518964343364,678.4057667357127,356.577086343175,673.7100563840551,353.0751044592664,container,0
669.9896208736066,298.793985391574,674.4310107120249,294.2615996026572,688.9901351100632,308.5284228982025,684.5487452716449,313.0608086871193,container,0
690.0032630413741,317.37992521673186,693.6953988041671,313.9551419129565,701.3738217413247,322.23297365106305,697.6816859785317,325.6577569548384,container,0
583.8453679929463,398.1026527021369,593.9824581838731,386.2707041562969,627.0189320068065,414.5748937355372,616.8818418158797,426.4068422813772,container,0
574.4127570777367,378.12168053588584,580.5657192630333,370.8684287621191,595.3062451518671,383.3728752110087,589.1532829665705,390.62612698477545,container,0
567.115209470042,383.48897078272296,572.2803618738185,377.78235372880147,580.9552964922369,385.63417889484026,575.7901440884605,391.34079594876175,container,0
520.7638915226522,407.1832647467502,547.4990105019375,429.49180244199016,534.5149108907818,445.05227765938673,507.7797919114965,422.74373996414676,container,0
509.5350930148009,422.001880785992,530.2624677164739,439.29738712781545,517.4567900222316,454.64403698192035,496.7294153205586,437.3485306400969,container,0
496.8282378653969,436.75869110506966,523.2139814572354,458.7757001182534,516.8034253272223,466.4582736334083,490.41768173538384,444.44126462022456,container,0
491.78760195298184,447.7777151440696,515.594704044013,467.64303292416616,505.9477335684097,479.2042077074842,482.1406314773785,459.33888992738764,container,0
479.3249625421703,457.59317759163196,505.0471895761167,480.5755327591329,419.91184997990524,575.8603944604502,394.18962294595883,552.8780392929492,container,0
554.4522022305963,432.1101622293547,579.1870954223887,452.74965508459024,552.2693901968843,485.0085176637697,527.5344970050919,464.36902480853416,container,0
526.0085398467667,464.7855653358089,551.8202828937431,480.62919868278703,546.9618916679848,488.5442736655641,521.1501486210084,472.70064031858595,container,0
522.0344371017911,465.43832915440413,548.3091721856167,487.3627095360334,456.0018107915554,597.9861992173269,429.72707570772974,576.0618188356975,container,0
424.1417067101457,583.8661762783222,436.97152696284894,591.8935130333454,431.18736904857536,601.1381365763834,418.3575487958721,593.1107998213603,container,0
581.8929340084353,481.26631474023895,610.2304659052779,505.8392110605163,488.639645199575,646.0580812824966,460.30211330273227,621.4851849622193,container,0
501.8065195843364,633.7374795574661,519.5956293849779,648.756095294424,503.5003784924839,667.8204478559502,485.71126869184235,652.8018321189924,container,0
583.0581444228466,543.3802784919895,610.8530997035676,566.6098865299743,594.3242061773147,586.3872265372082,566.5292508965937,563.1576184992234,container,0
468.4117107915202,718.1251301238361,495.027882234022,741.7451458324123,478.657121164423,760.1925079615777,452.0409497219212,736.5724922530015,container,0
458.9736208075286,736.2324069213507,483.8750193398061,757.1425121084612,470.33332752342073,773.2690242280155,445.43192899114325,752.358919040905,container,0
438.42273857572934,745.0831786999624,470.5432582043026,772.0552960783307,448.0610676805104,798.8288575263448,415.9405480519371,771.8567401479766,container,0
406.4198555607683,778.9689675101392,437.67042812372824,805.2105763339131,421.9178346131369,823.9700041519043,390.667262050177,797.7283953281304,container,0
376.21917354744505,812.6062674362827,407.9955236685747,837.8958580675335,399.1321407343196,849.0326915372102,367.3557906131899,823.7431009059594,container,0
369.81295261030294,835.1311013836403,394.0620299689302,853.683627520012,379.75485228990584,872.383822618626,355.5057749312786,853.8312964822543,container,0
326.1686831581058,895.197048828912,352.75738388307286,911.6615087056035,344.68818004299925,924.6925858013184,318.0994793180322,908.2281259246269,container,0
293.92101566046136,946.7998761036894,299.75215680282173,950.7348946099928,293.5051260170073,959.9921111070443,287.6739848746469,956.0570926007408,container,0
257.4312049611361,974.3491541928882,269.33404088541965,984.197267624028,263.3647874263025,991.4119534632133,251.46195150201893,981.5638400320736,container,0
132.58209553094375,950.8033383901317,157.11568930025862,972.0259543002097,99.94393158594417,1038.1171790947278,75.41033781662931,1016.8945631846499,container,0
169.02378922432692,966.9274520260632,186.23226461435186,980.2113599895409,170.6694898107448,1000.3719654337132,153.46101442071986,987.0880574702354,container,0
186.8810133732454,986.6016940767488,192.17191135917335,990.5504955150299,182.19439350253558,1003.9191163376624,176.90349551660762,999.9703148993814,container,0
155.60285174545808,950.3076702706203,169.05975765851576,960.6955922434092,159.71967847946686,972.7950830811542,146.26277256640918,962.4071611083652,container,0
80.77957647917606,935.6782225136415,106.92225970316179,957.4340683781188,54.996591392073356,1019.8300012371121,28.853908168087628,998.0741553726348,container,0
101.51596445063791,916.2657831568623,123.10013006057007,935.2309845683512,105.6111068322181,955.1351219158208,84.02694122228594,936.1699205043319,container,0
115.01227854807584,898.4004349375249,123.64152100974073,906.1654580246945,108.59427533135121,922.887408478855,99.96503286968633,915.1223853916854,container,0
128.19796275842222,911.4916179057615,132.92318301381022,916.0282144660753,120.1245410283668,929.3590014441648,115.39932077297883,924.822404883851,container,0
31.531973568506064,1003.6222014155778,40.56159641646038,1010.3017362797924,28.345757141851674,1026.8155240903625,19.316134293897356,1020.1359892261479,container,0
15.184925386867848,939.542861591313,20.768539129402733,944.5080051459278,2.6243146376034527,964.9123177515295,-2.9592991049314303,959.9471741969147,container,0
24.090740557902276,922.6503894602087,35.203353799576576,931.1677907283206,23.921561887054562,945.8870913988522,12.808948645380262,937.3696901307403,container,0
29.876841658308606,914.8961693167572,53.37960997515518,933.9295793887867,46.125200680429074,942.8874434963899,22.6224323635825,923.8540334243604,container,0
56.76001300925051,915.9301045830729,61.11303846439031,919.1732319764642,51.83768500351923,931.6228970136336,47.48465954837943,928.3797696202423,container,0
251.85911262542277,936.4033110235684,256.6955871475484,940.6244380922097,244.12802056728907,955.0240793686107,239.29154604516347,950.8029522999694,container,0
244.28200385428397,898.94051459958,251.29412625591115,907.0162344351485,233.91204785716945,922.1090390158408,226.89992545554227,914.0333191802723,container,0
254.57614509049915,902.5697097143004,259.9429813747479,908.4002434178515,249.19756526095415,918.2910856667756,243.83072897670544,912.4605519632246,container,0
263.6634410308508,870.6646150759345,284.61206233354244,892.7177992461034,264.98122367033704,911.3654014171318,244.03260236764538,889.312217246963,container,0
239.72432694408602,841.8725548910423,264.61729857845336,864.8718073256831,232.0022907926746,900.1722791985527,207.10931915830724,877.1730267639119,container,0
297.43117290037964,832.4417294178592,315.90380360671304,848.4094845997848,300.8160284626876,865.8640920408646,282.3433977563542,849.896336858939,container,0
262.1770958871506,807.7790854594456,294.3604556293915,830.2678780063303,275.4814710339185,857.2852979739708,243.29811129167763,834.7965054270861,container,0
317.865434331801,805.8129367961167,331.7637411235196,817.8527224149619,317.35179932497294,834.4893632092192,303.45349253325435,822.4495775903739,container,0
292.55723467841716,797.2831645187979,304.9379807949235,806.9737371948113,290.0700858962185,825.9690678302649,277.68933977971216,816.2784951542515,container,0
312.0068815296994,788.1469049995736,316.1662138240838,791.6400847872038,304.6859325774524,805.3096659255178,300.526600283068,801.8164861378876,container,0
297.67220149166474,763.7314961017856,317.3733031747986,778.8866205949446,294.658175823977,808.4154465630769,274.95707414084313,793.260322069918,container,0
313.1835511047999,753.802912264433,332.9913519936719,771.2307647104236,323.49457425897845,782.0244229100003,303.68677337010644,764.5965704640097,container,0
340.5974903499355,778.6852070280545,352.833904079196,790.1599189922414,335.7879367435639,808.3374130666241,323.5515230143034,796.8627011024372,container,0
355.25564374055045,759.0677930869094,380.1924488684267,782.4523126430923,361.2235747499659,802.6803577928249,336.28676962208965,779.295838236642,container,0
332.8171062468061,734.8844513222175,348.6692867384992,748.6202384077816,342.15235146866297,756.1412951558655,326.30017097696987,742.4055080703014,container,0
385.6969561257427,744.8029917450876,393.4501628822448,751.278085093946,383.9813110744196,762.6159858557462,376.2281043179175,756.1408925068879,container,0
389.67484179325663,719.3446039200845,398.27909366707564,726.5304478979126,376.0014153817202,753.2054989736865,367.3971635079012,746.0196549958584,container,0
223.99149581773983,767.4040755476951,228.76771060375188,771.3288675109246,203.67138171729758,801.8694562160329,198.89516693128553,797.9446642528034,container,0
251.05623872339862,729.1639083798802,262.1889947454714,736.9896252398531,249.69726811412266,754.7601819018937,238.56451209204988,746.9344650419208,container,0
271.2106156457336,737.9413519513006,275.78358156198794,742.0393751437139,262.6147542815081,756.7344111362287,258.04178836525375,752.6363879438154,container,0
264.58791814030025,656.3774775346286,274.7156636607884,664.8363318227545,260.6021872542464,681.7343291857684,250.47444173375828,673.2754748976425,container,0
308.24741929836813,671.5434952781661,313.70763767498954,676.1446052476815,275.045508767115,722.0256357252722,269.5852903904936,717.4245257557568,container,0
306.90257763172303,687.9593938221653,320.9609551283464,700.5438358910252,299.9572645591702,724.0075547613606,285.8988870625468,711.4231126925007,container,0
328.0297675582161,666.4691241955135,344.53070762453694,682.9403545498437,326.939993657494,700.562797479109,310.4390535911732,684.0915671247787,container,0
334.720433881199,659.5601585264687,354.71352399319284,680.3989792236277,343.0922039585498,691.5486552081527,323.099113846556,670.7098345109937,container,0
319.72740620826147,591.836688257864,330.1950190728559,600.4810347544625,316.0193936570833,617.6465844029179,305.55178079248884,609.0022379063195,container,0
387.7172437179978,747.7573590089395,395.4704504744999,754.2324523577978,386.0015986666747,765.570353119598,378.2483919101726,759.0952597707397,container,0
303.4103789444805,608.7161682466129,311.7707823398632,615.6203425541547,288.18004650377316,644.1868385894855,279.81964310839044,637.2826642819438,container,0
337.11952744659595,640.3020585429745,341.8336873942174,644.3193472637956,334.9623118131632,652.3826869439588,330.24815186554173,648.3653982231376,container,0
291.79640257580655,724.831127778319,299.9147004511784,732.8849043855118,284.76458705938643,748.156389970347,276.64628918401456,740.1026133631542,container,0
303.97707561028494,767.4519863196159,316.83208494808684,779.648532148244,293.2051401888996,804.5510414136273,280.3501308510977,792.3544955849992,container,0
241.34098010822976,763.619204807188,263.4612390335181,780.6636700261754,231.38679275337006,822.2897960140856,209.2665338280817,805.2453307950982,container,0
340.58019019318124,1003.2602042630782,355.45577860782885,1016.4619206187969,341.93550705542975,1031.6964544815576,327.05991864078214,1018.494738125839,container,0
354.13657563168516,991.7779492751486,381.6173282001398,1018.2937534273483,371.5577547422641,1028.7194092948187,344.07700217380943,1002.2036051426189,container,0
365.2018537620795,970.5259496815912,397.2518044674895,998.1910425039309,382.65663031157123,1015.0995204634311,350.60667960616126,987.4344276410914,container,0
411.7286081647311,988.2423395152548,419.4172348986912,994.7305252242824,394.40459431082434,1024.3709926423508,386.7159675768642,1017.8828069333232,container,0
400.2319809508032,973.1055467104442,409.42112892927753,981.0835374949266,397.1689253184014,995.1957764137438,387.97977733992707,987.2177856292614,container,0
386.6635309383211,964.2505555921119,393.1318781222852,970.3661005580155,380.9937873069703,983.2044307447253,374.52544012300626,977.0888857788217,container,0
425.16289528924517,941.8203766632054,440.1901427012072,955.2996086622978,430.63896526515725,965.9476861207714,415.6117178531952,952.468454121679,container,0
435.9514842911187,918.5506012913631,453.0569787908221,933.667901473815,436.7986503178582,952.0644898138073,419.69315581815476,936.9471896313554,container,0
478.37787695899357,890.9774835582157,501.7558904978506,911.6051968323608,485.8384703307507,929.644892227805,462.46045679189365,909.0171789536599,container,0
461.51704606260097,853.9616181065261,485.1777708988483,872.5342018407317,457.94184744273304,907.2316731122916,434.2811226064857,888.6590893780859,container,0
488.02909829292685,874.241587883438,506.5670625333982,890.6087313198891,493.58731498083444,905.3100197221094,475.0493507403631,888.9428762856583,container,0
481.0611750929285,834.9533742081447,532.4634047124532,877.8219121788005,514.3188074019024,899.5784917465284,462.91657778237783,856.7099537758726,container,0
493.6987179827563,818.5038865389627,519.07951471396,839.6710159893905,499.91634142081864,862.6489359391462,474.535544689615,841.4818064887183,container,0
524.2301396423666,844.2215121703268,546.5065849753123,862.799668208988,532.3779320512667,879.7408632250972,510.1014867183209,861.162707186436,container,0
507.1656428278794,804.2045299688286,559.1397234222873,847.5499814004722,541.5379577131258,868.6556697565977,489.563877118718,825.3102183249541,container,0
18.11046698803948,713.841855547041,38.249096509302156,691.1794276998293,53.410351711950526,704.6522516912366,33.271722190687846,727.3146795384483,container,0
44.537369028936254,696.9860772502649,62.42431214086642,677.4837088464407,71.26215204159296,685.5894904757962,53.37520892966279,705.0918588796204,container,0
55.241164057369545,671.7096574742766,77.07310691704673,648.5674144011756,91.78135594820758,662.4428910090348,69.94941308853039,685.5851340821358,container,0
5.729674100818644,647.6692198874454,8.735047357945948,644.5250219085516,21.077545475635898,656.3225658348728,18.072172218508594,659.4667638137665,container,0
28.905006075413326,620.0931349124069,34.45692864450179,624.5197415870232,15.603177968887598,648.1664243808998,10.05125539979914,643.7398177062835,container,0
59.15090025401934,617.5360558205521,75.06349472437306,598.799051107807,85.01315535721233,607.2489030022414,69.10056088685862,625.9859077149864,container,0
78.47724728730662,618.1341566870831,83.8238096123562,612.6934339887337,98.30041948940456,626.9195030707967,92.95385716435499,632.3602257691462,container,0
117.41768358963017,612.6734510222302,128.7742653232959,623.521616242192,114.67658381428262,638.2800080131519,103.32000208061689,627.4318427931902,container,0
92.53867297275396,602.5622740357641,96.11240420502868,606.4451683827327,90.16635765619621,611.9177798836641,86.59262642392149,608.0348855366955,container,0
131.73346711164606,586.393050946284,136.02435140503286,590.7235551499355,129.08300394398555,597.6013960190043,124.79211965059875,593.2708918153528,container,0
87.2371089634286,558.4881510694845,99.90037482739743,544.6466174561265,114.33788964355094,557.8551313129653,101.6746237795821,571.6966649263234,container,0
104.97405427620149,549.1519861856552,110.03260917996286,543.6402486164461,118.03337862257192,550.9831837597792,112.97482371881054,556.4949213289883,container,0
623.3791936157039,430.3830641042477,617.6989925962815,425.6486277168698,626.3161547769079,415.31007643050845,631.9963557963302,420.04451281788636,container,0
1021.078807253261,65.1867047761832,1030.7190837193996,72.84044005008906,996.0877192383698,116.46043944240816,986.447442772231,108.8067041685023,container,0
352.1627182856698,622.3887975145345,359.11917006426364,628.3046559449512,351.4738389369992,637.2947928699235,344.51738715840537,631.3789344395069,container,0
433.8876648080477,665.8695420445754,438.484771164558,661.1110503014836,454.0469859057114,676.1454688043202,449.44987954920106,680.903960547412,container,0
487.9994422445922,708.947994928098,492.27178240008834,704.3718835328618,520.744794823686,730.9548016086572,516.4724546681898,735.5309130038934,container,0
506.4772564196415,717.5558302751587,511.1626452894078,712.9639544277159,517.666786019257,719.6005512337903,512.9813971494906,724.1924270812331,container,0
371.3159886425095,870.0311509385451,375.4443766257443,873.2407288484065,366.2711526600651,885.039983657294,362.1427646768303,881.8304057474326,container,0
