37.238876891534886,26.487510202022342,32.706983563250716,16.58912283588042,54.90688329671573,6.425085627677966,59.4387766249999,16.323472993819887,container,0
87.49326484043787,22.490466543054644,78.55688928854029,3.4667854846535224,88.93486655992716,-1.408270088527173,97.87124211182474,17.61541096987395,container,0
19.447064452251638,107.79814469404522,16.83329365761935,101.65872138945491,50.05397215550617,87.51549735557478,52.66774295013846,93.65492066016509,container,0
45.001436131286674,75.61574375832366,42.381743062698995,69.297030870021,63.74187935460616,60.44127148086024,66.36157242319385,66.7599843691629,container,0
104.23994710028703,65.32942157647665,93.57744328634993,41.208467154004765,115.26013017096705,31.623782918282817,125.92263398490414,55.744737340754696,container,0
84.64589878388556,79.88706285158942,74.69778774845493,54.88152259504381,97.58088241506361,45.777797410857715,107.52899345049424,70.78333766740332,container,0
73.26833990612322,83.82696963283195,61.88468204097754,55.819947227065434,73.23940878193285,51.20473599544795,84.62306664707853,79.21175840121447,container,0
129.01765301813396,49.73104705164131,124.92706553799236,39.49085295575308,141.56548709388102,32.844404825129786,145.65607457402263,43.08459892101802,container,0
149.04315667224083,51.82230648201909,137.54703309585392,23.15787501310507,148.966768765635,18.577889095301312,160.46289234202192,47.24232056421533,container,0
161.81807465567408,47.83389644902744,150.85277395587033,21.709112998190477,193.7579856344289,3.7005982662127153,204.72328633423265,29.82538171704968,container,0
205.79949901777806,28.26779890538053,199.3359448995656,13.720923575157054,219.3404415221165,4.832406722413111,225.80399564032896,19.37928205263659,container,0
-0.8600862226206125,136.44216222245782,-2.721707297641526,131.888990183418,16.886208059306593,123.87204987175376,18.747829134327507,128.4252219107936,container,0
5.531267330536375,169.677990879309,-0.557468820910124,153.43118603780687,12.592357248761262,148.50308958088908,18.68109340020776,164.7498944223912,container,0
20.257885306412845,164.35110754268396,17.53798764763364,157.9853309547866,36.70686836398263,149.795066489499,39.42676602276184,156.16084307739635,container,0
15.251035696235547,154.65711130610097,12.866096037219346,148.8611451878603,32.8715825839641,140.6292340120701,35.256522242980296,146.42520013031077,container,0
10.164695710078371,145.11824805904382,7.903237322107186,139.39615408025233,29.22776877426633,130.96837559552603,31.489227162237512,136.69046957431752,container,0
28.583461905511182,131.61966706804176,26.39518903136663,126.0622863002993,71.4900837036579,108.3057317473769,73.67835657780246,113.86311251511934,container,0
38.13805758212938,157.0730357083886,30.948623565264946,141.54335980354023,54.19106958337875,130.7833134856648,61.38050360024318,146.31298939051317,container,0
61.53649145364774,145.93691358119418,57.02574209514642,135.56049121615195,78.6478223535759,126.16112588347663,83.15857171207722,136.53754824851887,container,0
83.14875174809652,136.49887014161422,81.0644937434301,130.82340903703604,102.06398950927581,123.11154803800358,104.14824751394222,128.78700914258175,container,0
78.65710148893508,127.54436487546536,70.41811435100946,107.29623002455949,92.69585366388436,98.23139471936472,100.93484080180998,118.47952957027059,container,0
102.95385315140157,122.9251977754195,100.5398735286983,116.738657599659,122.14224205489154,108.30944257109148,124.55622167759482,114.49598274685198,container,0
99.55027154103227,113.05043609340655,95.12054514827253,102.87233986516726,116.8655959748376,93.40842604491044,121.29532236759735,103.58652227314973,container,0
128.2221300389496,119.36615983528827,125.25344285193944,112.17131900693114,167.85286751330804,94.5942288136676,170.8215547003182,101.78906964202473,container,0
123.65761997326302,108.85610827002557,121.13178479634792,102.41657028453893,164.07926591233223,85.57091166630607,166.60510108924734,92.01044965179271,container,0
116.42001840918277,95.36332521890245,113.96168779260961,89.34528475465726,158.65095036522007,71.09000995764666,161.10928098179323,77.10805042189185,container,0
167.8829895398357,95.78531018227874,163.31718589598077,84.55834983442807,185.45238979591704,75.55635895778364,190.01819343977198,86.78331930563431,container,0
161.86439627323594,80.43796568269639,160.13685321662925,75.96938807489683,181.86893469986663,67.56780936975159,183.59647775647332,72.03638697755115,container,0
192.14461826312186,92.50812379394435,179.19184591765338,62.25217948976148,223.72961956088852,43.185260375454504,236.682391906357,73.44120467963738,container,0
237.40541770061984,72.26293966724943,235.04419981121427,66.22912600995579,255.7591902253856,58.122709616787766,258.1204081147912,64.1565232740814,container,0
232.53523841441287,63.474229338671236,225.70077806336974,47.953780051142516,246.94265357790792,38.5998784148954,253.77711392895105,54.12032770242412,container,0
255.09855913188622,57.40545502974978,244.93406412014485,34.115654348802565,255.84032615803252,29.355774794679014,266.0048211697739,52.64557547562623,container,0
266.01923808396884,48.34782591015147,259.68557107388744,33.420311817303386,281.2751594055793,24.25996117036016,287.6088264156607,39.18747526320824,container,0
272.39839954141365,56.34447500926561,270.3159319452138,50.53086862114823,288.19347677278535,44.12702816178674,290.2759443689852,49.94063454990412,container,0
291.45159669380695,50.17146949227964,278.87353445029396,19.2610501192189,290.2280219769381,14.640684114809659,302.8060842204511,45.5511034878704,container,0
295.4894147997133,30.813506398588302,288.96768482118057,15.52344915488261,311.1951875215813,6.042662497344395,317.71691750011405,21.332719741050088,container,0
303.24792535703807,45.41775261379804,298.50132428509835,34.725001417180295,319.45887603315543,25.421770119324385,324.20547710509516,36.11452131594213,container,0
324.58131801227995,36.17685827619607,313.1450741338512,11.694603422851465,334.6073411600565,1.6690677291033786,346.0435850384852,26.15132258244799,container,0
348.2265640167547,26.87439755168029,340.634558778238,10.022919307443969,359.7406953332915,1.415135069678671,367.33270057180823,18.266613313914988,container,0
368.38149297297724,17.457799603010148,363.2048666728828,5.492999877148614,383.0625206609996,-3.098506562434398,388.23914696109404,8.866293163427136,container,0
389.4347353905238,8.79773892316851,386.91357676346405,2.2709927040541746,397.03592993471267,-1.6390808865353952,399.55708856177245,4.887665332578939,container,0
473.1216499928477,20.703379479553135,467.15710806404337,5.676169388197201,489.2528840152659,-3.094000277983504,495.21742594407027,11.933209813372429,container,0
479.2127571022939,35.621363887158054,474.6363063533106,24.852360586816133,496.90786886880693,15.38772341358439,501.4843196177902,26.15672671392631,container,0
151.57539032527774,173.51775192040384,138.95010079878506,143.2993438273195,467.305417781239,6.112072687927693,479.93070730773167,36.33048078101207,container,0
130.07621335075754,182.4999419994592,127.91135737334488,177.49903955034935,137.95055756711668,173.1531394315023,140.11541354452933,178.15404188061214,container,0
108.38474735098724,191.80801012163752,94.92724713875262,162.27873790394375,115.82559605280493,152.75464489979262,129.28309626503955,182.2839171174864,container,0
93.14937984203638,186.90980633339095,84.74788116322286,167.60660329997498,95.22793083038718,163.04528136391284,103.6294295092007,182.3484843973288,container,0
20.270470888678425,227.24286254852913,8.441288284037263,198.53031049032163,83.22975508806397,167.71847499926199,95.05893769270511,196.4310270574695,container,0
-0.1960995244639676,236.85335999641146,-7.599057928770282,217.2483272819483,11.791287352874598,209.92643592599782,19.194245757180912,229.531468640461,container,0
17.65274700953716,287.56938644334474,6.566622435832052,261.0101778621133,73.26760895891692,233.16840526100899,84.35373353262204,259.72761384224043,container,0
84.34488404765375,255.41782521413415,72.09069217730257,225.84119703809557,421.5565128148229,81.05047942372953,433.8107046851741,110.62710759976811,container,0
433.78927686257504,110.39591843305115,429.6268231161614,100.33556251739289,441.7483528866831,95.32030188162929,445.91080663309674,105.38065779728755,container,0
433.3016864441508,94.31803565694184,430.8960001476194,88.6638378567451,447.30622381055247,81.68179520737766,449.71191010708384,87.3359930075744,container,0
452.2021668143675,98.01887058451267,441.32229485313024,73.30395916186272,464.8884201253244,62.929799967062806,475.76829208656164,87.64471138971275,container,0
478.8427991926727,92.42011928071271,476.5252438429983,86.12058696600306,486.37556290031614,82.4967211793349,488.69311824999056,88.79625349404455,container,0
473.77868391494235,83.19325652900262,471.68043890814283,77.5023831394974,493.569086361371,69.43196194386358,495.6673313681705,75.12283533336881,container,0
469.8235980044014,72.57945691217282,465.7327728359318,61.72922464504697,486.83151956599505,53.77443786983533,490.9223447344646,64.62467013696119,container,0
492.331353655731,67.58478390508739,488.9479417559784,58.56587536626539,511.90045340516616,49.95532113913316,515.2838653049188,58.974229677955165,container,0
431.1885065568107,170.17783994436394,417.9411363177134,138.35183462419573,527.2538865873082,92.85110463601741,540.5012568264054,124.67710995618559,container,0
419.10702698182354,168.4126343325812,414.6063355321252,157.32097561400818,424.7779778502488,153.19360163216078,429.2786692999472,164.2852603507338,container,0
399.427796639801,183.27075131812495,387.09371300643835,152.55307332321112,408.52229597338015,143.9488443674133,420.8563796067428,174.66652236232713,container,0
387.9000909996153,187.88993138652194,383.5131968189892,176.58726234924904,394.36534881010886,172.3752269211463,398.752242990735,183.67789595841919,container,0
366.42158102440646,196.51302169657367,353.3391143443811,166.39117219671138,375.45007454113784,156.78798033298597,388.5325412211632,186.90982983284826,container,0
347.5034564328698,197.0809694915248,345.9709247353833,193.51426057976758,351.25538976108385,191.2436491123027,352.7879214585704,194.81035802405992,container,0
349.4729280115213,186.37396455381884,343.24585981030094,171.57954837438695,354.71509541357716,166.75207080100643,360.9421636147975,181.54648698043832,container,0
346.20996981978953,205.4745383955851,344.1974046793323,200.47667090710425,363.8449495809541,192.56490372726017,365.85751472141135,197.56277121574104,container,0
323.467930394834,214.92478869958174,311.21618871468263,184.90855937352387,332.59636246859867,176.1818014898369,344.84810414875005,206.19803081589475,container,0
301.1805987532079,223.66534910772154,290.82033248403604,198.91080297715558,312.75959849065924,189.72878702016945,323.1198647598311,214.4833331507354,container,0
282.2962590489055,208.96808497199993,278.2468188180554,199.291264593011,289.00887540755826,194.78768767276102,293.0583156384084,204.46450805174996,container,0
286.5517253980154,223.52385330048247,284.02854685945454,217.46677470939292,296.49773499814364,212.27252348222532,299.0209135367045,218.32960207331487,container,0
273.8272837255001,222.65300150279433,269.9384902834281,212.6606831344484,280.5265402250556,208.54004389343237,284.4153336671276,218.5323622617783,container,0
38.55192489921917,335.33453448984915,25.603534823427182,304.2346786301217,266.6081682843793,203.89267003043835,279.55655836017127,234.99252589016575,container,0
50.20838470150052,357.8058450687143,47.85929134884212,352.423658088027,68.91783949668459,343.23250667536894,71.266932849343,348.6146936560562,container,0
59.66574415933803,381.1530870053615,55.39272280312485,370.8215144608994,77.04953448040405,361.86450250495045,81.32255583661723,372.19607504941257,container,0
80.89662541565961,373.1214799177858,68.74903974438686,343.18758998437613,79.53758291240554,338.8094502673773,91.68516858367829,368.743340200787,container,0
91.72565103490628,369.3589737857977,81.44909239488788,342.99955215098123,103.73485874053868,334.31116027874344,114.01141738055708,360.6705819135599,container,0
107.4791277250116,349.1695115699484,103.67181108273202,339.5550042083928,115.49178159465121,334.8743306440634,119.29909823693079,344.48883800561896,container,0
124.02260475357292,355.3433631401906,111.52462155081106,323.28597696973,154.99081107375451,306.3401254378175,167.4887942765164,338.39751160827814,container,0
166.2033136660103,335.37967621152757,156.50852964141978,310.5125092235906,179.69837174416753,301.47165182075275,189.39315576875805,326.3388188086897,container,0
188.71671180284756,327.3806779993871,175.37170502628157,294.39749207953463,374.14952302137186,213.97192813851973,387.49452979793784,246.9551140583722,container,0
383.7330417100985,232.5555338472398,380.019441651475,222.31907086521835,390.35090964498147,218.57100473986455,394.064509703605,228.80746772188598,container,0
395.78979213503754,239.89789316063357,384.4501795779307,207.5894253690117,407.46233590994524,199.51262833265437,418.80194846705206,231.82109612427624,container,0
417.98361393594473,231.3855520039536,415.38773970867436,224.28766167762507,428.3618908474383,219.54269338234155,430.9577650747087,226.64058370867008,container,0
408.95714780715826,206.04613719103352,406.77722701134195,200.45103901617892,418.1590974531329,196.01651878151077,420.33901824894923,201.61161695636537,container,0
426.1099820045237,215.35810956746604,418.2420283993523,195.78461758623874,429.79186165612754,191.14193286248434,437.65981526129895,210.71542484371165,container,0
441.79157443369303,221.53703993968946,438.617489842667,214.3981899049796,450.1306808646107,209.27918025516055,453.30476545563675,216.41803028987042,container,0
439.08505076258047,213.79896310122135,429.65802185135806,190.89747425049296,461.6242578776366,177.7390882098796,471.051286788859,200.640577060608,container,0
472.86241761364903,202.10451457214253,467.95829231264116,190.9644140336411,478.60657489889235,186.2767981667074,483.5107001999002,197.41689870520884,container,0
466.07861779048955,182.18557625511772,463.4360255837526,176.22248768963877,471.4375150136232,172.676561215886,474.08010722036016,178.63964978136497,container,0
484.15582401515195,203.18628315165415,471.7412427792251,172.46808560716,549.656967958522,140.9788975324546,562.0715491944488,171.69709507694876,container,0
103.72153012471875,428.2185158848406,90.63389234317094,396.8432623423928,540.6537144915822,209.12537127175187,553.74135227313,240.5006248141997,container,0
566.2199890677836,61.21897490764533,581.0970656148802,54.831156843792115,624.477258247881,155.8625951186097,609.6001817007843,162.25041318246292,container,0
537.3846760144692,6.187204507059562,556.0370815504489,-2.2291160383423083,581.1465713484462,53.41900049753141,562.4941658124665,61.83532104293327,container,0
135.0812608068945,553.8707128548681,158.23404702614792,608.7026752008313,136.28236708550028,617.9717680998328,113.12958086624687,563.1398057538696,container,0
159.36679149328918,543.2560880955596,182.56663861280865,598.1995031836212,160.5681664264886,607.4883540999256,137.36831930696914,552.5449390118639,container,0
184.44358128532008,533.2708751021765,207.5963675045735,588.1028374481398,185.64468756392586,597.3719303471413,162.49190134467244,542.5399680011781,container,0
231.81817858955722,513.9674030698261,254.97096480881063,568.7993654157893,233.019284868163,578.0684583147909,209.86649864890958,523.2364959688276,container,0
256.5042095902741,502.089864428385,280.4227455723401,558.7353260985054,259.11128744683316,567.7340854514389,235.19275146476716,511.0886237813185,container,0
281.0282383454831,491.7553405198471,304.94677432754906,548.4008021899675,283.63531620204213,557.399561542901,259.71678021997616,500.7540998727806,container,0
304.8363500650361,481.6594556231945,328.75488604710205,538.3049172933149,307.4434279215951,547.3036766462484,283.52489193952914,490.658214976128,container,0
328.3692782284504,476.818499837931,348.48197569182094,524.4507225667098,328.8775351937644,532.7286940340759,308.7648377303939,485.09647130529703,container,0
347.7225543667751,480.8547189919651,359.01472762611616,507.5975918841006,347.6784468866087,512.3843343834337,336.38627362726766,485.64146149129823,container,0
