343.71966420930363,458.53821403130974,350.5213565614012,459.7285308382084,348.15790939837115,473.2337089556644,341.35621704627357,472.0433921487657,container,0
344.18323950534113,474.2060409059697,349.11901142225685,475.0698159730545,346.7745369713293,488.4665804731788,341.8387650544136,487.602805406094,container,0
342.0945828039514,489.0813096694747,347.07865809391143,490.5497481662066,343.3315675963539,503.26787098829556,338.3474923063939,501.79943249156366,container,0
338.3465234940635,505.33907787509827,342.8537487697525,505.93333617488094,340.98929817725514,520.074491357485,336.48207290156614,519.4802330577023,container,0
354.00551321648754,503.81530129288177,358.6038488821683,504.4215721063813,356.96616228173957,516.842807858257,352.36782661605884,516.2365370447575,container,0
381.7698770645151,488.63189684259845,386.3054330921096,489.6019415395707,383.6851037497179,501.85359404616344,379.1495477221234,500.8835493491912,container,0
378.0923175024847,528.7671451690244,382.69161761786,529.3660555481979,381.07381336109785,541.7898965159382,376.47451324572256,541.1909861367646,container,0
544.0479861848477,414.85230038316377,548.0323055784077,416.09325975086387,544.8201701624406,426.40638825909014,540.8358507688806,425.16542889139004,container,0
564.687328323116,409.0210826135505,568.671647716676,410.2620419812506,565.459512300709,420.5751704894769,561.475192907149,419.3342111217768,container,0
376.6130908950708,511.738195096525,386.6125197485113,514.3192638790226,383.22255690148364,527.4524637900527,373.2231280480431,524.8713950075551,container,0
