919.6632864934855,570.6213109785601,948.6711953817666,536.6137836485527,957.0288186015456,543.742710445533,928.0209097132646,577.7502377755404,container,0
909.1565233949494,569.108165837191,912.4854012826723,565.501187045277,927.7986979710778,579.6338165047154,924.4698200833549,583.2407952966294,container,0
499.6164482139813,278.12553549426895,510.32954317362373,279.51127316571257,507.35119697492195,302.53677525525467,496.6381020152795,301.15103758381105,container,0
502.94586865661057,266.5997167103249,510.30885652580287,267.8442487796067,508.4641282754158,278.7581593688249,501.1011404062235,277.51362729954315,container,0
534.5369505130469,323.5119962415996,542.1540095224522,324.38810955568806,539.5743571938134,346.81598925460037,531.9572981844082,345.9398759405119,container,0
495.7070372724296,304.14808441369416,502.3851314020196,305.01189516527256,496.49301211043735,350.5636866659702,489.8149179808473,349.6998759143918,container,0
490.093686072527,355.29195090169515,505.90212472023643,357.33677072671867,503.0272483371964,379.562350880469,487.218809689487,377.5175310554455,container,0
526.9376987045143,375.37706966793235,535.1987484450013,376.44563555614553,530.377230404561,413.7206419886794,522.116180664074,412.6520761004662,container,0
487.59340085640684,385.04190615342696,496.5185768521433,386.19637670074763,490.52030305255863,432.5688454104582,481.59512705682215,431.41437486313754,container,0
544.3281855126511,248.50786754567375,559.9577759480178,250.52955337382264,557.1116503489336,272.532862108508,541.4820599135669,270.5111762803591,container,0
577.1240922147038,302.6101177625387,585.8906902102934,303.7440762627345,571.3475588940989,416.1765734168554,562.5809608985093,415.0426149166596,container,0
575.8544434183913,277.4321937878219,586.0714510055566,278.75376261142475,583.296073043592,300.21012355775827,573.0790654564266,298.88855473415543,container,0
583.7232942540153,251.64263333202612,591.3403532634205,252.51874664611455,588.7607009347818,274.94662634502686,581.1436419253765,274.0705130309384,container,0
618.3164338695366,259.9382922883876,630.7181904452736,261.54245815677695,628.0450145255742,282.2086982841284,615.6432579498371,280.604532415739,container,0
607.2801701008128,283.523983149405,617.6112392119929,284.86030581877185,614.9939831805733,305.09423102417213,604.6629140693932,303.7579083548053,container,0
603.923138408882,305.31785319250446,628.4714906382009,308.49317989166866,614.9388844412657,413.1133386899643,590.3905322119468,409.9380119908001,container,0
591.0399606969462,412.11340343145116,607.8723924165326,414.2906766492937,606.7278840010091,423.1388357130801,589.8954522814226,420.96156249523756,container,0
593.5051501661757,422.22066922642153,612.2067307610445,424.6397166486161,610.8262548154588,435.3121333688419,592.12467422059,432.8930859466473,container,0
598.9745301379887,447.10242152098976,610.5638752228192,448.6015020511175,607.5036016506831,472.2603821237244,595.9142565658526,470.76130159359667,container,0
666.8075007312045,207.47633289683296,682.2912626934811,209.47915582779936,680.9966807786998,219.48752845985842,665.5129188164232,217.48470552889202,container,0
671.290872893004,219.4433698248087,685.9714472280054,221.3423005232741,684.6734736230094,231.3768942071897,669.992899288008,229.47796350872432,container,0
662.6772200333672,231.46727726700388,684.9060005410349,233.83083289181548,683.8419922200563,243.83762400647387,661.6132117123886,241.47406838166228,container,0
675.0750121352618,183.76989327525172,680.4761033283908,184.39112620768182,678.061800852482,205.38142977895558,672.660709659353,204.76019684652547,container,0
662.8749839562375,254.47764392856152,682.5831702686992,256.4970074705772,680.3630552003959,278.1644489643211,660.6548688879343,276.1450854223054,container,0
657.8804008059815,276.52158994311293,680.1231329022199,278.8006511189029,670.5241404401338,372.48300593940957,648.2814083438954,370.2039447636196,container,0
649.8541453056272,371.3297778829515,666.8885242968187,373.5331729584796,661.1107264371468,418.2011490147272,644.0763474459553,415.9977539391991,container,0
644.4930666908251,418.1761884003614,665.5806040001063,420.04516146383435,663.6678916040153,441.6262076558779,642.5803542947341,439.757234592405,container,0
719.9439209650707,199.0368625129045,739.4815853308313,201.11427546371596,738.3813559101218,211.46171896971705,718.8436915443611,209.3843060189056,container,0
727.9458889919808,212.38401568129427,739.2887696365125,213.59008856233703,736.9471577583499,235.61249240484108,725.6042771138183,234.40641952379832,container,0
715.3867977958055,234.56783109267752,738.0315823717289,236.97561985727523,735.6334092793315,259.5299709081598,712.9886247034082,257.1221821435621,container,0
714.6901991563499,258.25218483417393,725.4247472402681,259.3935745516532,724.2987659879763,269.98320902024693,713.5642179040581,268.84181930276765,container,0
714.1443082042724,269.7660972499903,729.097620213499,271.35606232687695,727.9569162988553,282.0841605686414,713.0036042896287,280.49419549175474,container,0
711.5901131929346,282.30487276019437,722.3246612768528,283.44626247767366,721.198680024561,294.03589694626737,710.4641319406428,292.8945072287881,container,0
708.7222267760052,294.050984722496,730.6956479252544,296.38738833832855,717.1119844694734,424.13909863397777,695.1385633202242,421.80269501814524,container,0
693.1974277725772,422.90249658022077,707.0316844171946,424.1286166644556,706.108623079991,434.5434753734755,692.2743664353736,433.31735528924065,container,0
691.9741243300676,434.34682653483964,712.9693945505124,437.71593166330456,711.155567404922,449.01916786484236,690.1602971844771,445.65006273637744,container,0
769.5874180799092,240.38629645922367,787.5860580812961,242.3000670684374,785.1305973654912,265.3931970645545,767.1319573641043,263.4794264553408,container,0
763.8530056202158,264.8981043903814,784.412668411299,267.0841850265788,782.0205287652084,289.5817926895578,761.4608659741251,287.3957120533604,container,0
762.5564886272815,289.1880175482011,773.078611986414,290.3068204371792,770.7491036223777,312.21539308567225,760.2269802632452,311.09659019669414,container,0
756.8782399194611,312.26781126326614,780.2657258697252,314.75457044237993,776.7911171270762,347.4325892203491,753.403631176812,344.9458300412353,container,0
753.682802707245,346.39740723475,765.8206470904954,347.6880075155537,764.6918588555766,358.30404110928356,752.5540144723261,357.0134408284799,container,0
752.4625867419267,357.67215442597654,775.2008178450347,360.08987923114427,772.9046045095746,381.6853186178491,750.1663734064665,379.26759381268135,container,0
750.2436390085469,381.4148951731379,763.0418011634503,382.77570613341703,760.729547039631,404.52200601177253,747.9313848847277,403.1611950514934,container,0
747.6795240432739,404.9769233975196,769.549636575287,406.52870207056384,766.2182055845365,453.4804819383846,744.3480930525234,451.9287032653404,container,0
818.8632460419549,271.98425766711614,834.9290624526882,273.6925138052197,833.7737663753576,284.55784849621057,817.7079499646243,282.84959235810703,container,0
809.49116682435,282.13794267943655,831.6824637516269,284.49751272675593,828.0781429754139,318.39544792768964,805.886846048137,316.03587788037026,container,0
806.4092093097664,317.1013818416975,818.0410477019093,318.3381792021809,816.9265817078409,328.81951490900565,805.294743315698,327.5827175485222,container,0
805.1418288877595,328.43665919888485,828.6227070472597,330.933348643016,817.2174369246062,438.1976937363685,793.736558765106,435.7010042922373,container,0
794.6889490493577,438.36173360585303,810.7552203800617,440.07003811497066,808.5643012102025,460.67520637316363,792.4980298794985,458.966901864046,container,0
862.0334187273621,288.99429394220624,884.1582095523953,291.3467924872456,880.4869204846688,325.8745514322876,858.3621296596356,323.52205288724826,container,0
858.21724219691,325.5277699406216,879.2918548915586,327.98513808293336,871.3816036278475,395.82417238539665,850.3069909331989,393.3668042430849,container,0
844.3390475018501,442.8800516287856,864.9766282663297,445.0916695918095,862.492011608398,468.27672135216335,841.8544308439184,466.0651033891395,container,0
851.1438482858724,431.29594135430347,861.7672485728208,432.54478782801425,860.5822048707679,442.6254453543367,849.9588045838195,441.3765988806259,container,0
848.8180132453045,418.129783028876,859.4414135322529,419.37862950258676,858.2563698302,429.4592870289092,847.6329695432516,428.21044055519843,container,0
859.8252554518278,396.12976324604665,866.5511136381226,396.9033707366027,864.1109917408523,418.1181521841239,857.3851335545576,417.34454469356785,container,0
691.4999383920041,467.13266970785946,710.8052471733338,469.0317113259546,709.6666902292133,480.6060723941557,690.3613814478836,478.7070307760606,container,0
671.7319943550344,477.4129652201399,709.3412107442488,481.11254174367804,708.3387787492561,491.30308154608156,670.7295623600418,487.6035050225434,container,0
642.8267402552332,486.5839823160125,708.5281380781028,491.8488724197391,707.6493541311212,502.8153565368755,641.9479563082516,497.5504664331489,container,0
644.4951668769978,499.5851375270172,667.4067832252006,501.1420120024992,666.7050247057126,511.46938406800507,643.7934083575099,509.91250959252307,container,0
653.449068321887,513.3110323656409,694.7230025801922,516.1156505022622,694.0110504895121,526.5930354275391,652.7371162312069,523.7884172909179,container,0
671.7330743250075,527.4680541035935,691.1279593770561,528.7859620605681,690.454549528569,538.696143219432,671.0596644765204,537.3782352624575,container,0
700.6787420207344,529.1638357373537,704.5393937529373,529.6078874874405,703.4219223087601,539.3233498537194,699.5612705765573,538.8792981036326,container,0
736.8511802547016,504.3441441960749,743.0875636110035,505.06145234394006,741.7404915307995,516.7730966710349,735.5041081744977,516.0557885231698,container,0
779.2340938207246,504.6153092321052,785.8115923343327,505.37185240894723,783.3299753212766,526.947398543478,776.7524768076686,526.190855366636,container,0
766.2803660513356,536.288019487625,773.3693460452395,537.1033932097265,772.0589054804465,548.4965577123482,764.9699254865426,547.6811839902467,container,0
747.2248730231534,487.45721586312413,799.5849863148917,491.6530206927699,798.642418498265,503.4154738257223,746.2823052065266,499.2196689960765,container,0
799.9120449696402,481.97977538255753,810.986155652911,482.8671838346747,810.0896373249627,494.05497810189485,799.015526641692,493.1675696497777,container,0
789.3724573528889,505.3630106888663,808.42221813511,506.8895367650857,806.5687221077874,530.0196073753048,787.5189613255662,528.4930812990854,container,0
783.0811487822799,550.4467016277512,803.0416263749249,553.6029725239091,801.3598937592727,564.2383670435651,781.3994161666277,561.0820961474071,container,0
736.0834232980292,555.3210569564717,802.2073600894685,564.1554844245716,800.6389642236009,575.8946163007536,734.5150274321616,567.0601888326537,container,0
841.8376208871896,484.32438781822367,863.4315795531028,486.6384956307308,861.1060755723083,508.3387969595121,839.5121169063951,506.02468914700495,container,0
838.8082431292661,507.3113939599702,856.1794779693745,509.172975288263,855.070094043908,519.5251250462293,837.6988592037995,517.6635437179365,container,0
852.0927766087631,520.1881495247058,859.1817566026671,521.0035232468073,856.7401653211415,542.2310797388343,849.6511853272375,541.4157060167328,container,0
835.5619447358087,542.7069093986379,853.7143844385793,544.6522082288405,852.6008104613628,555.0434572041409,834.4483707585922,553.0981583739382,container,0
848.4121844098247,556.4795389868987,853.4607387760155,557.06022317113,852.4436763245997,565.9027148718128,847.3951219584088,565.3220306875814,container,0
836.3889086719763,565.5230693253444,852.551911374765,567.2551709472272,851.3790884152821,578.1992982573853,835.2160857124934,576.4671966355025,container,0
903.9232110560336,754.5452788691894,907.3368143142701,750.0854764145826,917.5802627872788,757.9259737099105,914.1666595290422,762.3857761645173,container,0
872.1365279215105,223.88413439618895,887.7249957231621,227.73011162519717,880.1478012709248,258.441903378581,864.5593334692732,254.59592614957276,container,0
758.0345063534018,6.178057102248019,765.3850112700313,-4.610525204788679,857.2839576681914,58.002303627425704,849.9334527515618,68.79088593446241,container,0
889.491843062389,169.48130341512865,895.348697219206,171.25402851667275,892.1837565040458,181.7105827604858,886.3269023472288,179.9378576589417,container,0
851.7214040580355,70.14736032655209,854.6407327176171,65.8625638557774,889.7078114677673,89.75455702309948,886.7884828081858,94.03935349387417,container,0
894.4948906312749,105.32068835728855,900.3253720291183,106.01247594063639,895.2714359807948,148.60774770460418,889.4409545829513,147.91596012125632,container,0
888.4146586084788,149.77221420100943,893.6293505446041,151.29563013208224,879.3002092540402,200.34464952029498,874.0855173179149,198.82123358922217,container,0
894.1877510853407,157.75397290882765,903.7209161345721,160.53898412088733,900.7174076465789,170.82007096851706,891.1842425973474,168.03505975645737,container,0
872.6301404453465,199.84780738582066,878.4869946021635,201.62053248736478,872.0514307061482,222.8828021551252,866.1945765493311,221.11007705358108,container,0
876.1508222862251,211.16177289723143,881.2218679700899,212.2505827278978,878.9973457492808,222.61111905736064,873.9263000654161,221.52230922669426,container,0
866.003763009422,223.11409030034255,871.0748086932867,224.20290013100893,868.8502864724777,234.56343646047176,863.7792407886129,233.47462662980539,container,0
989.1035695840808,969.6212096091018,992.5171728423173,965.161407154495,1002.760621315326,973.001904449823,999.3470180570895,977.4617069044298,container,0
869.2834449455117,815.3114161723523,875.3085432231446,807.6401853368488,989.9245421749602,897.6612879059022,983.8994438973273,905.3325187414057,container,0
842.7146528885154,852.4142835295575,845.9276587321485,848.3234441163928,965.6164790639478,942.3288157049396,962.4034732203147,946.4196551181043,container,0
