290.46738888280646,308.68741666063687,286.86407460566085,301.8408576971923,308.6106285835909,290.3957406908575,312.2139428607365,297.2422996543021,container,0
324.27365083387986,292.04436129205675,321.493299792505,285.7536934068944,345.1832225665423,275.2832151274351,347.96357360791717,281.57388301259743,container,0
376.7751862327578,267.0262177758379,373.5418089628602,260.5380123526132,394.6297248872385,250.0289141395196,397.8631021571361,256.5171195627443,container,0
393.2409063237729,278.52602656956896,390.3369567996235,272.65296531358496,414.20175831527655,260.8529557470769,417.1057078394259,266.7260170030609,container,0
354.9850959869318,312.3392049224014,351.4445996360936,305.04098945395197,363.83700597019856,299.0292089586133,367.3775023210368,306.32742442706274,container,0
366.6045138658909,308.4364312589944,358.2960624169176,291.5154780264593,368.90863866553786,286.30453788033026,377.21709011451117,303.22549111286537,container,0
391.0380252913936,301.7292932266013,383.65719293325276,289.4237840796729,395.4532002494654,282.3485504215759,402.8340326076062,294.65405956850435,container,0
403.01641730557344,291.5672361270753,397.396923924276,280.6221139011476,405.5008593865607,276.4613552771012,411.12035276785815,287.4064775030289,container,0
412.7020824767937,288.69057344216475,406.51174953898226,275.2116307277151,416.77187135695107,270.49957197197585,422.9622042947625,283.9785146864255,container,0
427.2139500073219,269.67240730403665,425.4927798142757,265.8331400454849,435.2577629584287,261.4554302400846,436.9789331514749,265.2946974986363,container,0
437.2867491566178,264.4184855307488,435.060349862442,259.965042946421,444.4164560022888,255.28766635257122,446.6428552964646,259.74110893689897,container,0
451.8978725256897,256.2427520997801,469.8750522734391,247.35955650802003,475.2596563389257,258.2565354336564,457.2824765911763,267.13973102541644,container,0
465.19245373635147,263.25486905939414,475.48509660095317,258.2767157215597,480.37252543613454,268.3817800120384,470.07988257153283,273.35993334987285,container,0
466.53764947401663,276.4846473572529,481.8173680200788,268.88810383236233,486.278148967983,277.86053677588245,470.99843042192083,285.45708030077304,container,0
467.2963519279894,287.98910395188005,486.94204175092125,278.3387015201858,492.7580416348099,290.17855281528085,473.11235181187806,299.8289552469751,container,0
474.4417535693594,300.2620086187676,492.9240196941608,290.3959865002443,497.61981062381466,299.1927291575861,479.13754449901325,309.0587512761094,container,0
487.94382743999853,303.57209771963494,498.0626441723826,298.5060977566447,503.21037519058353,308.78816391166265,493.0915584581995,313.8541638746529,container,0
485.3390978857599,318.533919699875,503.17990546831186,308.19372487316343,509.3332295815692,318.8105723637067,491.4924219990172,329.15076719041826,container,0
490.7805989126678,328.7095017814394,508.91211990351616,317.6793614911564,514.9422809731119,327.59183668495706,496.8107599822635,338.6219769752401,container,0
501.5255845478426,336.92899702776845,515.4397110570766,328.75328263795694,521.9143657597763,339.7724010099538,508.00023925054234,347.9481153997653,container,0
514.2372858017352,368.8772437112126,532.2744932971752,358.10092127090735,538.964188700731,369.29800865796665,520.926981205291,380.0743310982719,container,0
520.5712231151916,380.5340723409913,538.7782371961588,369.5406132939662,544.7590695640966,379.4458759299713,526.5520554831295,390.4393349769964,container,0
546.2195867929173,419.2668311601297,550.9505107837821,417.091994329667,555.4623845962341,426.9066764079275,550.7314606053693,429.0815132383902,container,0
543.0889689092016,406.0469715818827,547.9706607564232,403.8313674217735,552.7079886763067,414.26923150439535,547.8262968290852,416.48483566450454,container,0
420.6154754483054,310.2455668059915,428.9579566992167,305.86125309835876,434.9060214861078,317.1792431585722,426.5635402351965,321.5635568662049,container,0
421.2179757115641,324.4434917560894,451.11770151008534,308.2785452248792,456.51090256651264,318.25415711150873,426.6111767679914,334.4191036427189,container,0
422.33142836205514,335.26086804368714,445.7920876240018,322.4523366478166,452.9753485738321,335.6095076243384,429.51468931188543,348.41803902020894,container,0
431.41055908722524,348.657819760103,452.56439689208065,336.2578333459735,459.5341798101871,348.14798003328536,438.38034200533167,360.54796644741486,container,0
378.31483846605215,348.8934232360588,394.9725634756523,340.6207106445012,400.5540145714982,351.8593795188452,383.8962895618981,360.1320921104028,container,0
383.93230908266156,359.12093298894325,402.35168814130907,349.8553820390172,408.2666365764741,361.61395720939373,389.8472575178266,370.8795081593198,container,0
391.22366775928816,369.929276721384,409.6575082753305,360.5719571919243,414.6587477037752,370.4243566655389,396.22490718773287,379.78167619499857,container,0
397.5280503474549,379.3591442036901,413.8164138867981,369.66155006792695,420.4206139216703,380.75415814664984,404.1322503823271,390.451752282413,container,0
402.09611291526244,389.56024761533365,411.205601519286,384.5869038637041,417.46071839493175,396.04416858160346,408.3512297909082,401.017512333233,container,0
408.41059267409815,400.7197429296473,412.4252154319161,398.4164518774182,418.48625550056505,408.98080907061603,414.4716327427471,411.28410012284513,container,0
420.56428837856004,420.8193763637785,430.28869126833143,415.3772575550808,435.9087649335364,425.4196440798481,426.184362043765,430.8617628885458,container,0
415.1283146129539,411.7891388931487,419.15424476240554,409.29559648711995,424.2672455490275,417.55075347633476,420.24131539957585,420.0442958823635,container,0
435.6118035351398,450.22567970922955,441.50727882962957,446.99978908589446,446.8403760415518,456.7462890535512,440.94490074706204,459.9721796768863,container,0
440.76386386916516,460.99099245726364,448.0360468506587,456.8567128030104,454.4715391486869,468.17672051441576,447.19935616719334,472.311000168669,container,0
448.14820043191236,472.7642058066042,453.82000614460003,469.4171208468245,459.49823741332824,479.03917255299143,453.82643170064057,482.3862575127711,container,0
453.46305650237315,482.67060554426337,465.86915863911935,476.16973022124444,471.2996550897389,486.53314903364173,458.8935529529927,493.03402435666067,container,0
459.9336095219506,491.2555375060199,475.3934593234879,483.63933505529076,481.29126313307876,495.6110705291135,465.83141333154146,503.2272729798426,container,0
464.4334384773675,503.4523679239353,485.3826800700653,493.2704728289921,490.4591674127152,503.71534176466434,469.5099258200174,513.8972368596075,container,0
471.47964167041056,512.8365277630655,491.2791546678512,502.66690889534766,496.89653257993206,513.6035377335079,477.09701958249144,523.7731566012258,container,0
477.92960460337787,523.7132839788055,497.4295310112973,512.4771004882344,503.02026842523134,522.1795913944393,483.5203420173119,533.4157748850104,container,0
484.1192743748268,532.7302468326517,501.9965739745141,522.1771596657933,508.2494715651412,532.7697873799717,490.3721719654539,543.3228745468301,container,0
496.0063672426812,552.5360939151279,513.1249202428397,542.8789468774867,519.570101911988,554.3038722274804,502.45154891182943,563.9610192651216,container,0
502.76168374614934,562.2602801973471,519.0184818758255,553.0021678063238,524.4507566115393,562.5409798269106,508.1939584818631,571.799092217934,container,0
577.9075060761656,577.6004835996011,584.260178275859,577.6475047924563,584.1640028605934,590.641026431392,577.8113306609001,590.5940052385369,container,0
577.3159549412355,563.744963876295,583.1341359158193,563.744963876295,583.1341359158193,574.8536925272491,577.3159549412355,574.8536925272491,container,0
544.9894027280286,551.5056079902907,559.348427956482,542.3189527831852,566.6223166929178,553.6882650650545,552.2632914644644,562.87492027216,container,0
528.8519135841825,519.9847559000257,558.5127058131504,503.84244411063605,564.8169395297157,515.4261979663138,535.1561473007478,531.5685097557034,container,0
522.5010501707321,508.89529146547017,552.9145658747848,492.5782891363511,558.2509703323677,502.524896822019,527.8374546283151,518.841899151138,container,0
520.4300890014152,497.4985463379519,545.3391128168844,483.63554943742184,550.3211856758752,492.5873347105081,525.4121618604061,506.45033161103817,container,0
523.607046850049,482.15740357636065,532.4216603543679,477.33181644521517,537.6062467111261,486.8021925202069,528.7916332068072,491.6277796513524,container,0
511.942123604973,475.709070767161,535.1375925931885,462.59994496956034,540.0790726397336,471.3434682940903,516.883603651518,484.45259409169097,container,0
509.7295921485073,462.6135165967547,533.6921262540994,450.44400611966705,538.5186407374873,459.9477177222881,514.5561066318952,472.11722819937575,container,0
538.0538103101738,433.97440114159895,542.8141508098375,442.31846012845267,529.7452790359931,449.77433738051434,524.9849385363294,441.4302783936606,container,0
491.84939383679347,460.1163012590061,523.6134379891446,443.20584342791204,528.187727978005,451.79803830655413,496.4236838256538,468.7084961376482,container,0
489.72909693380814,448.58104306411656,522.4917864191823,431.5572142712147,526.8775142023264,439.9976326562048,494.11482471695234,457.02146144910665,container,0
483.2134405382002,437.3728104685114,515.7462258872533,420.30880140641995,520.98764233708,430.30163929502737,488.4548569880269,447.3656483571188,container,0
483.0667210801629,423.29121893333,502.9044407626649,413.5066626438536,507.7816424319469,423.39495565253173,487.94392274944494,433.17951194200816,container,0
582.7691652412259,500.93880619652555,587.9659637916335,500.402005982568,589.0932264479911,511.31511068366297,583.8964278975835,511.8519108976205,container,0
584.858286849837,513.1953532102389,590.5579755285397,512.750463030069,591.4372895874803,524.0157518814754,585.7376009087776,524.4606420616452,container,0
603.7313026503095,548.0828596274608,601.9750856564385,528.5685952095448,614.3206121062283,527.4575400918587,616.0768291000993,546.9718045097748,container,0
616.8121543635792,545.9584294604782,615.4371692726497,530.3106719292,627.393580423094,529.2600493693845,628.7685655140235,544.9078069006628,container,0
628.5092299659802,544.6706317243891,627.0225769616395,525.1075647621278,637.6098882080016,524.3030049197137,639.0965412123423,543.8660718819749,container,0
639.5089624255485,542.5685484584367,639.0972695440875,537.315419775727,650.3626664475613,536.4325394976829,650.7743593290223,541.6856681803926,container,0
655.7207103250269,542.3505562944422,655.5955856218374,537.4762100733052,667.0572157884114,537.1819894727164,667.1823404916009,542.0563356938534,container,0
617.5165373919165,474.9808430075773,624.5517714445181,474.5507569828997,626.0452602431437,498.9808538714153,619.0100261905421,499.4109398960929,container,0
633.9828939315737,481.84636254883935,632.9579477991026,472.6703786844133,646.499335119224,471.1578223452659,647.5242812516951,480.33380620969194,container,0
648.1581773296498,490.41847359486155,646.9267990830884,470.717960915441,659.1965103725513,469.9510440428047,660.4278886191127,489.6515567222253,container,0
661.4506487964499,495.71138938840977,667.2738789359668,491.598809662876,674.6124783693518,501.98994035318356,668.7892482298349,506.1025200787173,container,0
680.8222578670816,518.4349732043329,686.5274960879051,517.7756069485192,688.8115536346374,537.5386632154768,683.106315413814,538.1980294712905,container,0
727.2068700849416,471.6179924489316,733.932737080978,470.7738561123742,735.4772010509412,483.07975836094573,728.7513340549048,483.92389469750316,container,0
750.6866954858199,441.18306058306183,748.2282007602375,435.2804193264618,759.0248837269874,430.7835192145232,761.4833784525697,436.68616047112323,container,0
745.3953839116169,433.75255240946086,731.2837277210109,435.83246574108136,727.8489457691866,412.5283879908414,741.9606019597926,410.4484746592209,container,0
723.6430937067814,436.6750916846228,708.0120884399192,438.84494436839697,704.7654500276653,415.4570791455515,720.3964552945275,413.2872264617774,container,0
694.003990715388,442.2094180888299,642.6861784126544,450.02040343080694,639.003795742264,425.82731966064773,690.3216080449976,418.0163343186707,container,0
634.7011482993026,442.45908130571036,627.4313093652712,443.6852417190675,624.9938526202267,429.2336921892414,632.2636915542581,428.0075317758843,container,0
607.5772214694076,456.2280227937825,587.4943803082239,458.7926826683615,584.2272844591795,433.2093421072702,604.3101256203632,430.64468223269114,container,0
61.05123292532378,840.6196194078722,87.59669516601738,817.407253167952,95.63006503939096,826.5941458110821,69.08460279869735,849.8065120510022,container,0
64.89390103651458,879.8474336324645,61.45609427669943,876.1181404411994,70.38519472861161,867.8869501543776,73.82300148842675,871.6162433456426,container,0
100.43827046379096,848.0999933751172,96.32107070616732,844.0488535112535,112.46312942238353,827.6435743880176,116.58032918000717,831.6947142518812,container,0
52.03117533779256,831.374118508272,84.3700494379543,804.3051394416793,91.73476545580296,813.1036472649237,59.395891355641226,840.1726263315163,container,0
42.77071674055545,823.5347694823031,76.25870797992421,794.5835530170257,83.43489271576848,802.8842754358666,49.94690147639974,831.835491901144,container,0
34.77634098421446,814.1778136992881,67.57029159951381,784.9830852930946,75.1075138267569,793.4495210844381,42.31356321145755,822.6442494906315,container,0
36.383703266924975,797.3336310431577,59.36271149152519,776.4846109440327,67.01532334129861,784.9190327921366,44.03631511669839,805.7680528912615,container,0
29.01186954026398,789.3711381942347,52.0048509024363,768.6203986495668,58.3622569557109,775.6647605423103,35.369275593538575,796.4155000869782,container,0
20.93811343590717,780.4265060766514,43.59363220869858,758.8281736675158,50.97377396621833,766.5695555930309,28.31825519342692,788.1678880021666,container,0
11.363891296294542,770.5768104501803,15.678904263681817,766.3848196398145,24.329506264667813,775.2892904505948,20.014493297280534,779.4812812609606,container,0
7.689679718139915,853.4413855084612,11.65291727148859,850.0346537073129,18.22953839951597,857.6855970013991,14.266300846167294,861.0923288025473,container,0
-0.007294207560093469,844.9675629309047,3.9297192267920016,841.1704559701574,10.555286701697934,848.0401460864919,6.618273267345839,851.8372530472392,container,0
-6.289638683591399,834.6732311347131,9.334776698230165,819.1266680580542,16.013070147223424,825.8384043031814,0.38865476540186084,841.3849673798403,container,0
122.27484081156686,795.6079288919648,126.63854672592613,791.5502488832888,142.6781634887055,808.7995564635171,138.31445757434622,812.8572364721931,container,0
107.13545091244181,792.3441511314367,116.72472695931538,783.0981062168871,124.37938965748934,791.0369248508947,114.79011361061578,800.2829697654442,container,0
97.88096609204567,781.6813213771651,102.11836330172812,777.5735166228853,111.1047138689386,786.8433673330616,106.86731665925615,790.9511720873413,container,0
71.05450734368888,743.0182342371704,80.04591368841787,734.515918713009,88.11993383488435,743.054392234264,79.12852749015536,751.5567077584254,container,0
16.42744233328633,730.5077514415678,12.323315795704813,726.1433232152494,20.207561951669213,718.729306487378,24.311688489250727,723.0937347136964,container,0
5.396858831548886,742.2996079188474,0.8196873061897358,738.0013497254175,9.127688809905564,729.1542432455008,13.704860335264712,733.4525014389307,container,0
83.77908394842281,763.8340139329566,95.36030952668932,752.7152274902879,104.25173448190075,761.9764538524894,92.67050890363424,773.0952402951581,container,0
78.25725858409541,753.2897166286408,88.42340560200242,743.7854343561144,95.0348286138362,750.8572674949684,84.86868159592919,760.3615497674948,container,0
114.09670719481872,552.7787863969505,133.53612821205488,533.7880723970225,146.02707732219991,546.5741539871038,126.58765630496377,565.5648679870319,container,0
139.7814941432253,529.9383427491833,153.08335549238814,516.5297699134135,165.8021155987297,529.1473083748143,152.50025424956686,542.5558812105842,container,0
130.5981017647993,26.894263753467648,133.33686904926014,32.93714432308848,121.87090196887443,38.13377450014912,119.13213468441363,32.09089393052829,container,0
874.0290400183128,855.4255894096499,905.5123597793278,827.9561478457725,923.0094123866984,848.0098974217211,891.5260926256834,875.4793389855985,container,0
875.9112439228528,871.5205471614763,880.5793942748951,867.6488768146233,888.1158767271048,876.735764400763,883.4477263750625,880.6074347476159,container,0
863.4652065275336,883.4302184080697,871.9528238418662,875.7898746910273,880.5034767551392,885.2887496635839,872.0158594408066,892.9290933806262,container,0
822.5919823167819,858.2325386669702,824.3922927330615,870.0533245816472,814.451982983596,871.5672377268627,812.6516725673165,859.7464518121857,container,0
812.1202122806064,859.5089001474128,813.022242786458,864.8734057413693,788.9097206347883,868.9278764046737,788.0076901289367,863.5633708107172,container,0
780.7430290655311,839.6336341440589,786.6263136169792,839.3205400397684,787.2462122609381,850.9689232749969,781.36292770949,851.2820173792874,container,0
