187.74235363246223,33.153392906595904,212.4406684773386,8.110848953758634,237.71349558130416,33.03628152999443,213.0151807364278,58.078825482831704,container,0
217.56314600354352,55.19387043842043,240.5086486529877,31.928568241584443,331.7803260878491,121.94564597744291,308.83482343840495,145.21094817427888,container,0
336.5637132109919,153.27201052496295,350.39776836630017,139.2451452732776,367.45105427503523,156.06402059628218,353.616999119727,170.09088584796754,container,0
311.13334271167014,145.60543438266066,319.2557704557745,137.3698015039392,337.79552903065587,155.65471677823334,329.6731012865515,163.8903496569548,container,0
270.67694703617894,14.999768540620419,290.3228694271497,-7.013619371279892,308.8347583390896,9.50737841105775,289.1888359481188,31.52076632295806,container,0
329.21467667260123,127.34208620781298,333.8862658171617,122.41258028659112,349.8903860563815,137.57934863469538,345.218796911821,142.50885455591722,container,0
300.6198031863046,18.505079842880658,307.7213803536795,10.547714957658126,316.5907451240355,18.46320950274934,309.4891679566606,26.42057438797187,container,0
590.2807572013031,648.3353912854019,594.7699511909525,643.6553711516331,602.4071401220866,650.9811564404785,597.9179461324372,655.6611765742473,container,0
314.2823061236364,41.08090694159461,318.5814392566375,36.26369940823119,335.9365805402128,51.7523538627839,331.63744740721165,56.56956139614732,container,0
323.61032501623407,28.757173976851867,326.6704217715741,25.328315021661826,345.2703612879283,41.92789386329503,342.21026453258827,45.35675281848508,container,0
341.8665146274829,75.15663250175052,360.07304561986405,54.756092313852626,378.2395738083255,70.96887175208522,360.0330428159443,91.36941193998311,container,0
381.4060741442785,80.75439908845195,384.779808813467,76.97410674550719,389.9304661884473,81.57082831586766,386.5567315192588,85.35112065881242,container,0
374.7912573814791,96.33655429796276,384.8014733596133,85.1200401011111,400.86112429309844,99.45252981727923,390.8509083149643,110.66904401413089,container,0
382.4005664358656,119.4239391075149,402.25516315866776,97.17673020607569,429.16844409456417,121.1955786754284,409.313847371762,143.4427875768676,container,0
418.5205946656548,134.56616938488563,430.4120736087529,121.24168740785596,450.1986434601399,138.90027849976727,438.3071645170418,152.22476047679692,container,0
385.4636312534162,67.16874611673967,408.1690704354227,42.57931620137621,477.23377860946357,106.35243076589632,454.52833942745707,130.94186068125978,container,0
377.4790168907236,41.241095997570255,381.4188802706323,36.826452634137105,399.4319911003782,52.902314232425425,395.49212772046945,57.316957595858575,container,0
325.1702963533598,7.446281028073855,339.8007126941749,-8.947198688154089,387.0478497380827,33.21866834126327,372.4174333972676,49.61214805749121,container,0
359.2714032567008,6.9881828509385855,362.47355080767187,3.400155025731191,371.8990430004838,11.811967367282712,368.69689544951274,15.399995192490106,container,0
419.165376151707,12.180608893744832,437.0298543648953,-7.836658859045762,456.6647366987714,9.686558195546745,438.8002584855831,29.70382594833734,container,0
452.6472926070653,19.696957485764123,456.52027064412937,15.357259597954798,470.5801940941201,27.905085767509732,466.70721605705603,32.244783655319054,container,0
460.4481782969309,40.48709657231462,472.4251850581948,27.066780100926657,489.7056724453811,42.48880943350766,477.7286656841172,55.909125904895625,container,0
480.80760273454405,66.44681517117465,498.6004172350557,46.509847089479294,516.4111529378744,62.4050983222306,498.6183384373627,82.34206640392595,container,0
480.95486882020015,52.309270948204585,483.95406624919246,48.94865009697255,490.64822863209616,54.922877924756676,487.64903120310385,58.28349877598871,container,0
540.0320103396483,124.4696752224647,558.397506583395,103.89101340336094,576.420724853438,119.97589542087971,558.0552286096912,140.55455723998347,container,0
585.3849049343488,173.36796987404793,606.3310034388094,149.89772589957903,625.9313667625771,167.39013634701436,604.9852682581165,190.86038032148326,container,0
634.6243983506358,191.48159114066226,642.4054428742298,182.7628785218867,652.0008477453882,191.32633000709916,644.2198032217942,200.04504262587471,container,0
625.5414622043738,215.46958745900676,650.8519384409292,188.4681020234849,773.0899213873656,303.05074489171943,747.7794451508103,330.0522303272413,container,0
768.2578639855918,343.09711250921686,787.6474248124082,321.3709794507729,793.7382047106865,326.80671654226234,774.3486438838702,348.5328496007063,container,0
792.2679151530039,333.19791402890183,796.2813229721953,328.7008636275869,814.0774170553169,344.5830478973883,810.0640092361255,349.08009829870326,container,0
784.5237984218323,344.58632098650656,788.542465915488,340.08337708464904,805.3954930518345,355.1239180726447,801.3768255581788,359.6268619745022,container,0
777.7431201330078,352.0942115067985,781.9054183463899,347.79826500750335,797.972665453638,363.36565485731626,793.8103672402559,367.6616013566114,container,0
838.1866124315744,409.0534043018694,857.2578976594701,390.7314182857148,868.4861053908743,402.4188168054423,849.4148201629786,420.7408028215969,container,0
873.141690198306,446.80525038270866,893.2255159545967,425.97891656767564,910.2235919025587,442.3709709044135,890.139766146268,463.19730471944655,container,0
896.6171851001236,456.0431088200513,910.776872490898,441.2815230588905,919.5543393372309,449.7010918395,905.3946519464565,464.4626776006608,container,0
895.5037059126156,472.7452966326737,917.757273427249,449.54577701806187,936.0553501060607,467.0977561764325,913.8017825914274,490.29727579104434,container,0
924.0520252011423,495.5162392429162,944.4766676395068,474.2233884423116,962.3826296939081,491.39924130958866,941.9579872555437,512.6920921101932,container,0
948.0698020964865,509.9072200216985,966.8545527719415,490.32396931530076,984.0266539645584,506.7958842344929,965.2419032891033,526.3791349408907,container,0
969.0936009385082,535.565189362517,990.6854130448776,513.3571717844804,1015.0489540348547,537.044698032734,993.4571419284853,559.2527156107706,container,0
980.0503290367644,510.99904911088925,983.956430408901,506.9269076288569,990.8539847989512,513.5432167100225,986.9478834268145,517.6153581920549,container,0
1002.3847067877444,570.9860183453761,1019.7099081937295,552.9243592616833,1035.75897034022,568.3190266494739,1018.4337689342349,586.3806857331667,container,0
922.1338191682647,551.7407472171784,926.5867564813311,547.0985249546495,943.5294257490306,563.3503629534581,939.0764884359642,567.992585215987,container,0
898.8355728882448,557.2350727950842,902.3104971812646,553.6124368180798,928.2205761278585,578.4660415791176,924.7456518348387,582.088677556122,container,0
932.84787396664,589.8996365010765,937.0791175654279,585.4885316838498,946.6797645770432,594.6977157534451,942.4485209782554,599.1088205706718,container,0
977.9354434351606,690.2278124948855,996.8558045942857,670.5031867899046,1006.4502907708913,679.7064612303302,987.5299296117662,699.4310869353111,container,0
992.994123935545,707.3365943220081,1013.1963151926725,686.2756506319827,1030.751469189164,703.114999514218,1010.5492779320364,724.1759432042434,container,0
1002.8980629353039,684.4870160373379,1006.8507077388396,680.3663526610535,1013.830325745357,687.061379244128,1009.8776809418213,691.1820426204124,container,0
944.4353901594067,658.4166514095526,962.2827416573226,639.810646737605,980.2050909078133,657.0022186189225,962.3577394098974,675.6082232908701,container,0
876.8438456376391,596.0285607279968,897.6063151227895,574.3835225671812,947.3880583556188,622.1354330563177,926.6255888704684,643.7804712171333,container,0
931.3077043573733,639.022446863031,946.8594325867513,622.8096475506817,955.7357857878203,631.3240706303437,940.1840575584423,647.536869942693,container,0
850.856443026154,572.8232576131943,865.9334057030669,557.1054051330557,875.0759840717769,565.8751981445357,859.999021394864,581.5930506246743,container,0
835.5822813945674,535.5510672287753,845.2776126848037,525.4436079061256,854.9430862749239,534.7149752737143,845.2477549846876,544.822434596364,container,0
812.3078920314586,512.1216493952777,821.0709268942358,502.9861164498817,837.0342792792965,518.2985688610554,828.2712444165193,527.4341018064514,container,0
791.1756319773036,483.75695091815095,796.0750221845996,478.6492979928814,812.5162697019485,494.4201595335523,807.6168794946526,499.52781245882187,container,0
756.2768582135553,481.90755097093955,777.608363950028,459.6692880309826,797.7170015349803,478.9580031232636,776.3854957985077,501.19626606322055,container,0
788.4618207108218,452.8602305514013,793.3686655875125,447.74480607450397,812.4177556720564,466.01717633607336,807.5109107953657,471.1326008129707,container,0
816.9234282498373,458.33504220298744,820.9920516139769,454.0934702627242,830.4747607925851,463.1895253721966,826.4061374284456,467.4310973124598,container,0
730.6366977214008,396.4833388460296,751.4115317378881,374.82541056379466,767.6255021409944,390.3782621331236,746.850668124507,412.03619041535853,container,0
713.3324454331911,376.47099320489025,731.5560053044934,357.4727883370944,749.9780545055543,375.1436850825383,731.754494634252,394.14188995033413,container,0
696.7657397395419,364.86664249214994,718.6379210847916,342.06472096654295,727.1528612151517,350.23246746396114,705.280679869902,373.03438898956813,container,0
690.4553221276177,354.6229553316784,699.9055653850693,344.77100221584953,708.470223689838,352.98643964692866,699.0199804323864,362.8383927627575,container,0
685.1278041924002,346.3755371010422,705.3419628988092,325.30211725077146,714.2571861939523,333.8538255103486,694.0430274875432,354.92724536061934,container,0
672.2917663890482,340.19789205453964,680.9460560475028,331.1757268421608,689.0710489050814,338.96942602712835,680.4167592466268,347.99159123950716,container,0
635.2248900752927,307.18273153758014,653.5767289302207,288.96560992508654,689.5200016895981,325.1746863988601,671.16816283467,343.3918080113537,container,0
544.2832586514654,219.9514071710906,568.6271134486958,194.98464842414967,659.3090760168019,283.4041566134674,634.9652212195715,308.37091536040833,container,0
511.5703146137708,185.67976457281685,526.1744277200535,170.4548614987176,559.6222222697586,202.53883420988706,545.0181091634759,217.7637372839863,container,0
498.2358354853335,168.52921953628464,508.92443878174527,157.38626631474605,518.2374532163872,166.31954592263617,507.5488499199754,177.46249914417476,container,0
519.4213348085641,166.79440502066674,526.3481920291729,159.5731017464184,534.5174039452475,167.40921697361532,527.5905467246387,174.63052024786367,container,0
512.5230002241577,173.52305146258848,515.1256530292031,170.80976539009828,521.4381564437759,176.86487873969,518.8355036387305,179.5781648121802,container,0
467.7635049539248,199.73014495081858,489.1804078491175,177.40285479949623,499.67931672372924,187.4736744264683,478.2624138285365,209.80096457779067,container,0
498.1141364608755,204.71996956758193,509.54771082893103,192.80037812938207,519.1940022509536,202.05334547490446,507.76042788289817,213.97293691310432,container,0
519.0034473489092,214.71008808577733,524.2346084129622,209.71527079264436,540.0756372544771,226.30586228519053,534.8444761904241,231.3006795783235,container,0
514.9218944954326,249.15899710262286,536.7445908479217,226.4086640721829,621.2799198426795,307.4970953158944,599.4572234901905,330.24742834633435,container,0
618.7951479679252,310.90522366233495,623.710611736758,305.7808139224152,634.6181199510775,316.243572397418,629.7026561822447,321.3679821373378,container,0
625.8539771377873,351.1271186134183,646.4576054139657,329.6476736654991,681.1559148189428,362.93117193677216,660.5522865427645,384.41061688469136,container,0
669.7174311004828,393.4056655610367,690.1420735388473,372.1128147604321,708.0480355932486,389.2886676277092,687.6233931548842,410.58151842831376,container,0
701.1535088683162,425.94415205063353,721.0927803004487,405.1573043514209,730.5386415736667,414.2180140156428,710.5993701415342,435.0048617148554,container,0
560.2450839186893,387.1733289640534,583.3781759146754,363.0568981421371,619.08729523887,397.30999092034114,595.9542032428839,421.42642174225745,container,0
553.7091441425933,381.48559948754803,569.5309854702468,364.99120514026845,575.5199919372773,370.7360120144459,559.6981506096238,387.2304063617255,container,0
518.958130361694,344.2784215157256,541.0569183770858,321.2402607495874,578.5872070816522,357.2402653791972,556.4884190662603,380.2784261453354,container,0
511.64548774445876,337.32098289444684,517.1104349069162,331.6237323837195,523.990777511781,338.22353148407376,518.5258303493235,343.9207819948011,container,0
496.8620608528362,322.121350998688,505.2385317826956,313.38881400161046,514.8445194293275,322.603120943743,506.4680484994681,331.33565794082057,container,0
513.8981133130585,304.0242582350824,517.3943568793144,300.3793967476164,526.3747737948902,308.9936403811118,522.8785302286343,312.6385018685778,container,0
505.48372007963826,296.13973224124004,509.421889186571,292.0341598928125,517.0163286617126,299.31893881941653,513.0781595547799,303.42451116784406,container,0
468.4079556291876,297.9895609273472,491.6116437872794,273.79953304974936,509.57780681081005,291.0331322132094,486.37411865271827,315.22316009080726,container,0
426.6830076639303,258.4360339985972,451.0536665543084,233.02942993043794,487.62158864021626,268.10630809545245,463.2509297498382,293.5129121636117,container,0
5.2658885787755025,122.6685021278515,52.80007343883065,73.11373958021586,89.39773004681854,108.21913985282634,41.86354518676339,157.77390240046196,container,0
43.12119969538414,157.6933396219912,53.651685348458,146.71522529046982,72.74353855488754,165.02861502295193,62.21305290181368,176.00672935447332,container,0
83.09291294390458,119.52990624990069,91.50940235751632,110.75564966794539,109.47176792971423,127.98560621979014,101.05527851610249,136.75986280174544,container,0
104.71966570215685,145.31530152863775,115.66994225048649,133.8995518785492,128.45618009580915,146.16443545699343,117.5059035474795,157.58018510708197,container,0
64.38532228528666,176.90415652817262,69.49498218175074,171.5772957938628,87.5848785962149,188.92958316357425,82.47521869975083,194.25644389788408,container,0
141.1435100920475,179.3395258958761,152.67767911662565,167.31506373501176,169.6525531182695,183.59779333127696,158.11838409369136,195.6222554921413,container,0
106.12107198795044,216.4958541831823,114.32971626490944,207.93827779515127,130.08424509839804,223.05042136024736,121.87560082143905,231.6079977482784,container,0
162.94657540331855,197.97361149738967,166.81581464899764,193.93989907286576,177.29679613333496,203.9935222924785,173.42755688765587,208.02723471700241,container,0
136.06297833559537,228.77244352707945,147.33783837896146,217.0183130239108,163.19107671891143,232.22514125070958,151.91621667554534,243.97927175387824,container,0
150.1104707736555,257.10355915341125,196.56770006673008,208.67153127669076,226.50306833032857,237.38629562507953,180.04583903725398,285.8183235018,container,0
210.51773433116716,257.8178281440046,227.7209874574569,239.88330110351768,246.46090589210246,257.85910607843823,229.2576527658127,275.79363311892513,container,0
181.7055788007176,288.61367444753427,200.9201430314216,268.5823397204929,218.8555884686374,285.786473796214,199.6410242379334,305.8178085232554,container,0
239.65968239125118,278.3984864259271,258.23708815354973,259.03139442651434,281.69565668901987,281.5334482350744,263.1182509267213,300.90054023448715,container,0
279.36249508425067,310.44883699781667,297.0712286402634,291.98734262337535,315.70509833615756,309.8614229588702,297.9963647801448,328.3229173333115,container,0
204.90103806350868,308.2450188124039,225.06531980942458,287.22359608675225,260.14590947067916,320.87378727382264,239.98162772476326,341.8952099994743,container,0
262.37908954948927,329.7525541524823,276.24771850898657,315.2943991010704,289.1127526070124,327.63486604324623,275.2441236475151,342.0930210946581,container,0
254.837599127393,343.9286143449782,265.736391694775,332.5665371510047,279.61676334923516,345.8809416245432,268.7179707818531,357.2430188185167,container,0
287.56865717299917,377.34646677887537,333.46818027766574,329.49585200136494,369.8104097375902,364.3562400763556,323.9108866329236,412.20685485386605,container,0
334.9146553933349,400.2024615718864,361.77653571525366,372.19873951680825,380.6529152454384,390.30544143499094,353.79103492351965,418.30916349006907,container,0
331.9654187691251,405.9502818122433,336.1930909871225,401.5429001876528,345.4325551863118,410.40562854458807,341.2048829683144,414.8130101691786,container,0
778.3216253826201,595.8547670876458,793.9266496856561,579.5864061982415,818.8792258886824,603.5215500470108,803.2742015856464,619.789910936415,container,0
797.2785175874067,579.4883339642104,802.004062348908,574.561916287041,811.5735843677005,583.7412444742438,806.8480396061992,588.6676621514132,container,0
803.2806655179949,620.1129311644378,823.7149433466784,598.8100353934457,866.0727162216118,639.4406852560465,845.6384383929283,660.7435810270387,container,0
846.0000520547749,661.3973036292757,851.0638704404404,656.1182330314567,860.0741074917407,664.761080895327,855.0102891060752,670.040151493146,container,0
851.2039894977619,669.9623750657386,874.4362957606431,645.7425125882296,892.6994785271835,663.2610206210993,869.4671722643022,687.4808830986083,container,0
871.8567665750408,687.61446244042,875.7741606570764,683.5305482192691,883.3369713606843,690.7849880261662,879.4195772786486,694.868902247317,container,0
890.2406490209861,668.865060419291,895.3673566453889,663.5204272941752,901.837655858952,669.726902375591,896.7109482345492,675.0715355007068,container,0
877.7662453869758,694.74113075011,901.3522119180026,670.1525746542695,979.1784477607379,744.8054736153874,955.5924812297111,769.3940297112279,container,0
801.6918335522129,882.3231713340153,842.3826563853852,839.902667662767,862.1110271076353,858.8266211374241,821.420204274463,901.2471248086724,container,0
810.2453216563665,909.163427109118,867.5881530075526,849.3830732483524,906.3499364960317,886.5643589033011,849.0071051448456,946.3447127640667,container,0
853.4272431963132,942.0591800849303,903.2417721292868,890.1271408596136,923.5419774636555,909.5996125949665,873.7274485306818,961.5316518202832,container,0
760.038732410642,858.2504469945485,780.7130778287853,836.6972788684903,795.3830775729003,850.769114629249,774.708732154757,872.3222827553071,container,0
682.9336720750739,784.6633812713285,715.0333481313786,751.1992158604912,730.8613249374014,766.3818125833575,698.7616488810967,799.8459779941948,container,0
725.0672899772459,769.256255620294,732.1294940730827,761.8938521613421,751.5115133774444,780.4855765730788,744.4493092816076,787.8479800320307,container,0
599.4032214172531,703.8984936757811,655.261762771906,645.6655238407769,673.7615290716138,663.4109687980163,617.902987716961,721.6439386330204,container,0
594.0324159606489,644.4016185374784,607.1249614592653,630.7525366138445,622.9833693137275,645.9643235700536,609.8908238151112,659.6134054936874,container,0
371.61325588501927,259.7504687466943,384.6949764424256,245.05907863334195,403.78169587175285,262.05455203685244,390.6999753143465,276.74594215020477,container,0
312.5686961623579,206.02121452467878,328.36769780300745,190.58606361422414,358.47363998607204,221.40168911104843,342.6746383454225,236.83684002150306,container,0
301.15730757958767,178.6087435731281,307.0653062245293,172.7964429578962,325.06382116976937,191.09129880701988,319.1558225248277,196.90359942225177,container,0
216.22587914169912,113.44915490964242,229.31969324105174,99.58400123593466,247.94414407911108,117.17234556409873,234.85032997975847,131.0374992378065,container,0
