413.52552279091395,628.2292809132998,411.6414620755167,631.7756366553933,400.2803203759897,625.73984038598,402.16438109138693,622.1934846438864,container,0
451.70051967638733,663.6238229210605,460.2629545793372,669.4437559058033,453.5137246401297,679.3733963588813,444.9512897371798,673.5534633741386,container,0
460.5500413812513,680.9451534133738,486.30893318184286,633.0387093025223,497.7318883997875,639.1807361835237,471.97299659919594,687.0871802943751,container,0
936.3707608163265,1004.4679857627282,941.2886901097347,1007.6023078288913,935.1198086470838,1017.2816331223103,930.2018793536756,1014.1473110561471,container,0
929.738747750957,978.843485863438,933.9810712342594,982.0711956299914,926.4744067007501,991.9375409754668,922.2320832174478,988.7098312089134,container,0
948.69026170815,978.2465231019834,957.7946809916226,985.0476607816059,942.8313407514336,1005.0785041265534,933.726921467961,998.2773664469308,container,0
942.7481675109188,953.9548911891155,947.1301084783149,956.9324103997666,940.230657049518,967.0861614688637,935.8487160821219,964.1086422582126,container,0
940.2024815196842,965.4751556628936,946.8368629401227,956.6279962124024,966.9714537068446,971.726690390844,960.337072286406,980.5738498413352,container,0
992.1215018620968,991.4137050210958,1022.9779640463859,951.671173412677,1042.862262879328,967.1095234665978,1012.0058006950388,1006.8520550750166,container,0
981.6760654656118,953.7081044306026,987.6305780780423,946.5956723250674,996.8681395237961,954.3293385760303,990.9136269113657,961.4417706815655,container,0
957.5709962828672,943.5773883357346,978.794082888886,915.263784296332,988.0862076669999,922.2289014409174,966.8631210609811,950.54250548032,container,0
1008.655781486607,958.1372613365583,997.4299913988665,949.2367941916896,1011.8065313551539,931.1042605717729,1023.0323214428944,940.0047277166416,container,0
1001.5000175278859,942.0415883973568,998.5198500612486,939.7787324332236,1008.2075704702478,927.0200638982441,1011.1877379368851,929.2829198623773,container,0
997.82355475316,940.0208191722231,993.7169478984815,937.0717662101124,999.8937044647292,928.4705267001652,1004.0003113194077,931.419579662276,container,0
997.6916051718364,923.9050718667634,994.1712147622399,928.3170563683142,984.9955781554669,920.9956745499799,988.5159685650634,916.583690048429,container,0
936.1650161318117,855.4815598303579,951.2862535850927,835.3654014004945,961.7598199787482,843.238340211021,946.6385825254672,863.3544986408843,container,0
907.7831665375579,832.2522055217718,926.254540590688,846.0946191025274,919.2841910608556,855.3958824042965,900.8128170077256,841.5534688235408,container,0
936.6529613761327,727.5474445898893,931.8796146542415,724.9788617383773,937.2612388714554,714.9778768370858,942.0345855933465,717.5464596885978,container,0
891.1660240691465,430.9136471543496,895.4677988159356,433.6390102176508,889.3912004356466,443.23045064285526,885.0894256888575,440.505087579554,container,0
959.191749014966,365.5093113831702,961.6463477757455,361.1048468418006,971.77967845989,366.7521305708996,969.3250796991105,371.1565951122692,container,0
971.3513923361625,372.1903684869386,973.805991096942,367.78590394556903,983.9393217810864,373.43318767466803,981.4847230203069,377.8376522160376,container,0
964.4943017622348,359.65021068595826,966.9489005230143,355.2457461445887,977.0822312071588,360.8930298736877,974.6276324463793,365.29749441505726,container,0
930.6286612241795,387.2593322427241,926.3658008871251,384.5663070442956,932.5616311906933,374.7587644815251,936.8244915277477,377.45178967995355,container,0
843.2061802027298,416.76667170891693,851.8216899687085,421.71811738950487,845.9439811131534,431.9453240102188,837.3284713471747,426.9938783296309,container,0
848.6522146969115,407.1864514006544,857.2677244628902,412.13789708124233,851.3900156073352,422.3651037019563,842.7745058413565,417.41365802136835,container,0
777.9435972714978,381.2587186825389,792.1652904847189,389.1484808183365,785.991508836729,400.27703286488696,771.769815623508,392.3872707290894,container,0
785.5702254876484,370.5938614831061,789.7616902576929,373.12342929257267,784.1670013705133,382.39376443923817,779.9755366004688,379.8641966297716,container,0
726.5534066382133,350.6449399149132,739.0737380320525,358.1930060909259,732.6351346106449,368.8730195764612,720.1148032168057,361.3249534004485,container,0
740.9030274334235,359.4775010172493,746.0890311125879,362.37330963673014,740.3235670555847,372.6984801644254,735.1375633764203,369.8026715449446,container,0
748.8805786159019,364.37970312046485,753.4734975694148,367.26239758322504,747.3567279447534,377.0080808341925,742.7638089912405,374.12538637143234,container,0
686.2074552012907,316.25536275423633,691.0778099734173,319.06862395023893,685.1293946936999,329.3665986940442,680.2590399215733,326.5533374980416,container,0
677.0572133314696,301.556387637095,685.4872648334851,306.3783126097536,674.3826562290213,325.79222364656107,665.9526047270058,320.97029867390245,container,0
628.2768637130831,102.59974180697,703.8381034752398,151.1535765575582,696.6566256240493,162.32965302088732,621.0953858618926,113.77581827029913,container,0
765.3711323306451,204.1242742109406,768.068823750116,199.4489339042472,777.9116242006377,205.12827200096774,775.2139327811667,209.80361230766113,container,0
770.3931139217918,195.45408041608405,773.1497544372893,190.9113452757827,781.8727583200939,196.20467301282216,779.1161178045965,200.7474081531235,container,0
760.2464185102284,182.6808903384646,765.9224655903754,185.94536485150496,760.0254708726853,196.19865968204525,754.3494237925383,192.93418516900488,container,0
767.9743489729751,169.0863186532923,771.9779218353834,171.2088849574183,766.7315202390198,181.10461872821602,762.7279473766115,178.98205242409003,container,0
775.2660933405202,176.1513651619763,780.0292536197085,178.55970428732616,775.5333312728987,187.4516408569021,770.7701709937105,185.04330173155222,container,0
787.872094206371,175.78057120376536,785.6591017785884,180.25754448031964,774.7002725256978,174.8405351179867,776.9132649534804,170.36356184143241,container,0
786.467295956792,181.421211768072,790.8295448779478,184.03422065689256,784.516001037724,194.5742727491447,780.1537521165682,191.96126386032415,container,0
233.07664546402123,6.713094012917459,238.51028314868182,9.180468939558178,228.02737397816725,32.26586617642332,222.59373629350665,29.798491249782604,container,0
244.1692497270107,12.423668895104123,249.84197598902128,15.564571532024859,237.53843637267192,37.78576727267903,231.86571011066135,34.644864635758296,container,0
268.5295353460559,66.6106414044632,282.93920203043535,75.53353811087673,277.1040086989408,84.95684465720424,262.69434201456136,76.0339479507907,container,0
355.4204377406964,142.02411596375563,357.8316299957201,138.27597547226975,368.47805001555497,145.12485575140218,366.06685776053126,148.87299624288806,container,0
583.2794466949616,79.15534763079725,587.6421643748167,81.80269447615846,581.4940421144519,91.93454468317006,577.1313244345968,89.28719783780885,container,0
590.4166200346303,86.3890557741291,602.0061843390253,94.50640140264498,595.9062484022868,103.2156030341695,584.3166840978919,95.09825740565363,container,0
602.7483787987426,52.74761485597886,605.7513981596929,48.67779682449138,614.9330143681327,55.45268725581676,611.9299950071824,59.52250528730424,container,0
612.1755292105374,14.45113789960618,617.4384566833301,17.34559511244206,610.9747748578259,29.0983646831857,605.7118473850333,26.203907470349822,container,0
616.7035503177938,32.296656240248815,614.0996727875058,36.56392206955899,603.7638666069956,30.257032705886044,606.3677441372836,25.98976687657587,container,0
613.9758953666617,36.29851837720178,609.9185538613661,42.17671815247096,601.0675860396366,36.06746693984207,605.1249275449321,30.18926716457289,container,0
621.498529087944,76.91327972565436,618.5374788700399,74.73644234131491,624.0257202846008,67.27104389060464,626.9867705025049,69.4478812749441,container,0
639.2583487592498,66.70718185171812,635.1813793017884,72.61598577399454,624.0531663485168,64.93771705440325,628.1301358059782,59.028913132126824,container,0
642.6244074908063,71.91823687001201,638.2355419464188,68.93482046051055,650.8283731392503,50.40966830525342,655.2172386836378,53.393084714754885,container,0
967.450615992378,71.29164276453676,976.3667733479799,76.66259723170785,964.6374417676301,96.13410209842368,955.7212844120281,90.7631476312526,container,0
952.2459356526433,76.13130840199612,956.9879386805042,78.88633244797188,951.2390537938763,88.7814292181916,946.4970507660155,86.02640517221585,container,0
778.5755585414173,61.52937598074057,781.6548429554439,55.13312808462844,792.6425279851691,60.42282413890908,789.5632435711425,66.81907203502121,container,0
847.5709876797742,188.84929542340083,844.9393459273522,193.10087408532897,835.3211508927076,187.1474046451962,837.9527926451296,182.89582598326805,container,0
810.1569565632477,247.97484333802626,812.6946589552698,243.3141963479158,821.0392228897848,247.85777579127088,818.5015204977627,252.51842278138133,container,0
678.0294003275426,93.9266658117288,682.0719096642172,87.75804337739395,698.0885185646148,98.25427518781176,694.0460092279402,104.4228976221466,container,0
808.2668876352503,275.89728240331414,811.0782098366868,270.9025562946454,821.6756566942648,276.8674154242672,818.8643344928283,281.86214153293594,container,0
831.6168429309686,256.6099063712706,836.3878976945813,258.9919929426736,831.5831259527619,268.61541695340435,826.8120711891492,266.2333303820013,container,0
735.2679873287724,978.3824142025553,725.9713325591609,972.2213459222677,732.797393535892,961.9212600524154,742.0940483055034,968.082328332703,container,0
501.55547423240296,609.7098687431716,505.3752767485427,604.3978962126381,516.1116704102299,612.1183622518444,512.2918678940902,617.4303347823778,container,0
473.45811389836297,548.9728451240492,476.14380765381213,543.9575667552332,486.110870580015,549.2949531757981,483.4251768245658,554.3102315446141,container,0
385.2839525831833,529.017810764227,390.30005414501295,531.839854543818,384.55608992542983,542.0495855555458,379.5399883636002,539.2275417759548,container,0
380.4993471407007,525.4965033675151,383.6575425595643,520.6606601746685,391.81930659647946,525.99095000486,388.66111117761585,530.8267931977066,container,0
357.5547636495689,510.25011297062525,362.2806638049272,512.9701243936354,356.2303011069525,523.4823633395623,351.50440095159416,520.7623519165522,container,0
484.67165574949837,716.6621357296484,487.9804859679465,711.7876171577226,498.2092733203314,718.7309327262752,494.9004431018833,723.605451298201,container,0
412.97140175593427,646.2565276806588,415.668507352645,641.1913590009844,425.28734204013676,646.3132047893732,422.590236443426,651.3783734690476,container,0
360.73817138429183,50.41863178431838,361.4472260258741,45.79840053496921,372.05388058397057,47.4261756917078,371.3448259423883,52.046406941056965,container,0
906.363959630264,196.89940130538895,911.2522655287544,200.03219404093926,905.503661484607,209.00212516284415,900.6153555861167,205.86933242729384,container,0
927.4720411707043,305.1768668583978,929.9111833802588,300.8931714244365,940.0665022734757,306.6756242962146,937.6273600639213,310.9593197301759,container,0
967.8770979786631,351.17917065274617,970.614645483086,346.82109051290297,989.5595229981712,358.7213999378889,986.8219754937484,363.0794800777321,container,0
899.3820296760558,438.4579338238472,908.1250033277782,443.5823784633855,901.1610654414766,455.46376849390634,892.4180917897542,450.33932385436805,container,0
942.0618322234013,751.6612207676214,947.4914576288757,741.660065767117,958.5679754379235,747.673505464548,953.1383500324491,757.6746604650525,container,0
926.7053492180333,882.9107306813313,931.7215939406155,874.7623594571992,941.5015563486098,880.7830332172338,936.4853116260276,888.9314044413659,container,0
919.5620242245927,858.7850896270198,927.2282543866975,847.3381138475106,936.0345730639744,853.2358520065881,928.3683429018697,864.6828277860973,container,0
926.8751220729616,871.9470860814907,930.1149228684108,873.9900320055359,924.2895334829125,883.2282115103404,921.0497326874633,881.1852655862953,container,0
920.9753555652368,867.628357282591,925.2155313827068,870.4289621298532,918.8032045819401,880.1373624637686,914.5630287644701,877.3367576165064,container,0
884.4088674915478,855.905523276859,904.1964886832201,868.1794457279758,898.1788178660516,877.8809401818107,878.3911966743793,865.6070177306939,container,0
908.4883367089457,862.0309121483996,899.0517609017684,855.4883560196921,904.7229101630575,847.3086432491506,914.1594859702348,853.851199377858,container,0
854.6570237606021,941.8900058127433,851.2387400396404,948.4735477165948,843.0010954209398,944.1964265392087,846.4193791419015,937.6128846353572,container,0
816.6412122340039,932.7264652204324,834.9214547931158,947.4068315386172,826.3175899724915,958.1205107791684,808.0373474133796,943.4401444609836,container,0
825.088913455881,919.5094489674549,823.0805327021168,922.940186813432,813.9605708254722,917.6012898383707,815.9689515792364,914.1705519923936,container,0
957.6702453915473,1001.1719205522741,988.7267537646879,1022.9618219915657,975.4617069701728,1041.86810470201,944.4051985970322,1020.0782032627184,container,0
214.14983171805954,1.6331128022093537,219.40306489800236,5.075252735505675,213.13461913895355,14.6418618467664,207.88138595901074,11.199721913470079,container,0
203.15497060500354,1.0731845747081419,207.71036656776394,4.063505287368562,202.02898781183973,12.718406327940949,197.47359184907933,9.728085615280529,container,0
724.2710235560401,18.870839729113612,727.6804471188491,13.396714176900725,737.6260885383708,19.591110684532737,734.2166649755618,25.065236236745626,container,0
