1014.2737522311622,464.3976336695967,1018.3982886804104,459.734725242787,1027.1043247507305,467.43557625972875,1022.9797883014824,472.0984846865384,container,0
937.9033980075938,761.244323119,922.8139552958593,748.1975871147084,938.6099098641735,729.9284850605752,953.6993525759079,742.9752210648668,container,0
1009.4552653360565,778.2054999884069,1014.3261738734352,782.4446939262526,1004.2546800941898,794.0170177578,999.3837715568111,789.7778238199543,container,0
843.4554800909704,792.1614329914908,844.4361103204898,779.164526021201,859.6255743553735,780.3105869753076,858.6449441258541,793.3074939455973,container,0
860.1720228435302,787.5686982696919,861.3064772590776,781.5069284118468,874.2148063665913,783.9227098249941,873.0803519510439,789.9844796828392,container,0
874.2641254516618,792.8958591684312,876.6513977675202,786.2209507718856,889.4811523649716,790.8094958350063,887.0938800491133,797.4844042315519,container,0
890.1467568769131,796.989651305691,892.607351693174,791.6980481044561,914.864774070795,802.0477466821812,912.404179254534,807.3393498834162,container,0
899.8101617571918,830.274057473162,908.4447126872969,837.2900159427829,899.9784883129884,847.709411362838,891.3439373828833,840.693452893217,container,0
919.1335385394051,852.1788724130837,905.3506898068616,864.9562025320816,897.4610220877597,856.4456533242522,911.2438708203032,843.6683232052543,container,0
930.5256617354892,854.2756565824517,926.437707337598,858.5819581411203,909.6123800370644,842.6097439807535,913.7003344349556,838.3034424220849,container,0
782.5297135973576,948.7439796954225,767.6679866083208,935.1255340150353,783.7538150851499,917.571167178635,798.6155420741867,931.1896128590222,container,0
802.3674611625468,931.2762501927506,797.3481825605178,926.837511188794,807.0589839435368,915.8566408229327,812.0782625455657,920.2953798268893,container,0
773.5203837095496,992.5226523190677,768.8629246523631,988.1100250159603,784.1007089906675,972.0267821307259,788.758168047854,976.4394094338332,container,0
876.3419965215751,609.8272585765549,869.4061578061375,603.2614388116225,890.4765328914118,581.0036357501122,897.4123716068494,587.5694555150445,container,0
767.5493968083217,992.9978735848645,759.1954241590624,985.089575686569,781.3126812317573,961.7258932560228,789.6666538810166,969.6341911543183,container,0
737.6806547640152,1010.6683602683171,731.4572796254082,1004.7769949747865,750.1193665372685,985.0631999654478,756.3427416758756,990.9545652589784,container,0
761.3265967757908,969.4763572139453,756.2879012784174,964.7064702769128,773.2023138042895,946.838840423227,778.2410093016629,951.6087273602595,container,0
756.5880584571919,960.1539300562711,752.0665716172736,955.873659294735,765.242779296327,941.9549020618422,769.7642661362453,946.2351728233782,container,0
754.7885756619735,986.6246947800171,736.1017216384988,968.9347627435864,745.4213547934555,959.0899185711862,764.1082088169302,976.7798506076169,container,0
705.636267196164,886.6585660518859,700.4005386134489,881.7021575160737,715.9086695702324,865.320060695717,721.1443981529475,870.2764692315292,container,0
629.3557082678044,965.5449961359968,624.2691692000649,960.7298180275828,641.2337648917246,942.8091769191576,646.3203039594641,947.6243550275716,container,0
616.8160553678503,956.8283106298085,612.4501716258081,952.6953417213628,621.6113080074746,943.0179264604795,625.9771917495167,947.1508953689253,container,0
640.6566205940894,925.3284480434525,636.5523888270063,921.443172280595,644.7825070941951,912.7492429688168,648.8867388612782,916.6345187316742,container,0
616.6418298964397,973.7524049949592,612.1223483779721,969.4740325733004,620.5675603008656,960.5528879315112,625.0870418193332,964.83126035317,container,0
653.4872541427981,946.794548140482,643.3708936085602,937.2178837066565,664.5228155474181,914.8739381915827,674.6391760816559,924.4506026254082,container,0
693.8787844649617,868.8068785014469,689.0531785556216,864.2387130700914,704.048495535588,848.3983300282977,708.8741014449281,852.9664954596532,container,0
709.506111242934,853.6231191243623,704.8325438060955,849.1988810893516,722.2833982791211,830.7645779246616,726.9569657159597,835.1888159596723,container,0
813.623886085533,927.496662840456,807.4916567515655,921.6915808286086,827.5657200373831,900.4862370484551,833.6979493713505,906.2913190603025,container,0
849.7564339517552,890.2448640216463,845.5880584000531,886.2988664706781,858.7138005012577,872.4334188200113,862.8821760529597,876.3794163709795,container,0
847.149092819122,881.1996541358214,842.2355203590496,876.5482150671817,851.4725479838576,866.7906316869792,856.3861204439299,871.4420707556189,container,0
656.8767551661969,1005.5732487117681,661.2018414492023,1001.3801570351384,670.078371775806,1010.5361122388496,665.7532854928005,1014.7292039154793,container,0
662.841041101439,999.3301646738387,670.0665403056138,991.1344846006923,680.39458943559,1000.2399291889742,673.1690902314152,1008.4356092621206,container,0
749.0735842652183,660.8413232004383,744.3123885736576,656.3341317764537,751.6039073311357,648.6316970610566,756.3651030226964,653.1388884850412,container,0
765.8310192809656,666.7513059151113,758.3183066733362,659.6393878110125,774.1446332250146,642.9211633774762,781.657345832644,650.033081481575,container,0
756.3059775965162,648.2596611216024,745.1425995871224,637.6918363804723,752.9013497938195,629.4958392325711,764.0647278032133,640.0636639737013,container,0
