0.06428945635431926,543.1076477424152,4.910899943871006,540.4141089059888,10.852364419305744,551.1048640005225,6.005753931789058,553.798402836949,container,0
-1.7109459411507082,559.1808890795712,10.69298956556769,551.7847668453231,16.224277811539654,561.0612147593943,3.820342304821257,568.4573369936423,container,0
-0.17248462995389602,572.1723659804155,17.89457513653511,561.9967684185682,28.116111397565515,580.1453936379647,10.049051631076509,590.320991199812,container,0
6.193368101784582,595.0649103416407,29.857978483087464,581.7367011692389,40.77284442414387,601.1163527426924,17.108234042840984,614.4445619150941,container,0
19.329638181321144,615.6551227766022,36.28048574517028,605.4663712171844,47.73896655437446,624.5296451008799,30.788118990525316,634.7183966602977,container,0
28.42614450541173,638.7212911936376,49.70361471241945,626.2027461674849,72.91157080679928,665.6487515404806,51.63410059979155,678.1672965666334,container,0
50.93799606200966,681.8475427053764,78.19026480861369,665.8137402819654,89.45082809381589,684.9530491484885,62.198559347211855,700.9868515718996,container,0
79.968115407636,710.8153071509139,98.63881493352811,699.8147716242765,108.23594222591676,716.1035313445682,89.56524270002465,727.1040668712055,container,0
81.22788907667135,733.2708216422926,104.24660223826682,719.7084925201059,115.50315613654769,738.8137201722415,92.48444297495222,752.3760492944282,container,0
98.30368896321126,751.1890511668375,122.34824122504416,737.5840455977904,155.85444968672036,796.8006167608014,131.80989742488745,810.4056223298486,container,0
131.54345511835868,813.0328016038615,161.47603764955693,796.0962020948185,225.55046670608425,909.3369464868607,195.617884174886,926.2735459959036,container,0
-5.3407607206581496,445.6387925470285,11.580254984354728,435.93070516414076,23.487795716802633,456.68532714014293,6.566780011789757,466.3934145230307,container,0
-0.5382063530812857,476.8344385002136,26.69560978064631,461.20959236775593,37.86507328156286,480.6777594599394,10.63125714783526,496.3026055923971,container,0
14.864046528303444,502.17823372701014,42.09786266203104,486.5533875945525,53.26732616294758,506.02155468673595,26.03351002921999,521.6464008191937,container,0
29.981125425950236,525.2406145317108,55.79178801370765,510.4322736980132,66.9612515146242,529.9004407901967,41.15058892686678,544.7087816238943,container,0
43.79343380443716,550.0140561529834,67.51439319587865,536.404639874868,78.91047268580621,556.2677944200716,55.189513294364716,569.8772106981869,container,0
57.93516942612175,574.5478588562186,81.65612881756324,560.9384425781034,93.05220830749082,580.8015971233068,69.33124891604932,594.411013401422,container,0
71.5065570803305,599.6520151649776,96.4600953909758,585.3354318903569,107.75052440289589,605.0144396178506,82.79698609225059,619.3310228924713,container,0
86.6459179942526,623.5942340780508,114.62782825019211,607.5401842124563,126.26580632402612,627.8249634892744,98.2838960680866,643.8790133548689,container,0
103.54335004712618,649.7758603209522,124.74446349157118,637.6121542219022,142.52402102629398,668.601592244836,121.32290758184898,680.765298343886,container,0
124.13045512221369,686.0845155028738,150.89788954310512,670.7272463587558,162.76995971356877,691.4200438050922,136.00252529267732,706.7773129492102,container,0
138.0530691955064,710.999144079507,158.88197709358994,699.0489833155282,169.9521491854398,718.3440873288655,149.12324128735625,730.2942480928443,container,0
161.2721232654182,731.7601581155897,182.10103116350174,719.8099973516108,193.1712032553516,739.1051013649482,172.34229535726806,751.055262128927,container,0
182.20978546542668,785.3165044692997,205.5837608280023,771.9061631953936,216.67082616976003,791.2307118290486,193.2968508071844,804.6410531029547,container,0
192.58597421278375,748.8343688724865,197.55124405614663,746.0345247168023,206.44813407579767,761.8123527879129,201.4828642324348,764.6121969435972,container,0
216.82544145814248,799.4109400775386,221.79071130150535,796.6110959218544,230.6876013211564,812.388923992965,225.72233147779352,815.1887681486493,container,0
211.71091261242157,834.3134166327889,240.07533440869017,818.0399085784418,251.1623997504479,837.3644572120968,222.7979779541793,853.6379652664439,container,0
228.09903434575335,855.3630021256042,247.44087336377845,844.2660167787312,254.31825874306531,856.2531715521284,234.97641972504022,867.3501568990014,container,0
131.27324633676983,646.8413505998803,135.3844229045916,644.5231173417649,146.84919548511186,664.8548523919108,142.7380189172901,667.1730856500262,container,0
-2.819598222984556,371.88937508380576,5.650141964835984,367.0300345284183,17.346522984743036,387.4166090537488,8.876782796922495,392.27594960913626,container,0
2.149309205270786,401.9018818391705,21.727221408488244,390.66945432082525,33.52466449782246,411.23217815307,13.946752294605002,422.46460567141526,container,0
21.070477113020093,430.7939895395344,49.724058920428305,414.35458183089236,60.33963904890629,432.8573405090253,31.68605724149808,449.2967482176673,container,0
26.997159899681034,389.8620518718524,32.06314329343106,386.6362682842327,44.15325661798083,405.62337999432725,39.087273224230806,408.8491635819469,container,0
34.355022122789606,455.45612975936984,62.655004225251034,439.2195926640545,74.33110643298834,459.5708215970279,46.03112433052691,475.8073586923432,container,0
50.16536667203165,479.47584868296366,78.46534877449308,463.23931158764833,90.14145098223038,483.5905405206217,61.841468879768954,499.827077615937,container,0
63.9794933351083,504.6362748176054,92.27947543756973,488.39973772229007,103.95557764530703,508.7509666552634,75.6555955428456,524.9875037505788,container,0
78.64914194939871,529.7967009522472,106.94912405186014,513.5601638569318,118.15220737718133,533.0869296776098,89.8522252747199,549.3234667729251,container,0
93.0336165799512,554.5768983884773,117.73166607561473,540.4068966066246,128.9347494009359,559.9336624273026,104.23669990527239,574.1036642091552,container,0
107.28800037866365,577.9312118108971,135.48895304146788,561.7514908352777,147.38581298833648,582.487496400714,119.18486032553228,598.6672173763335,container,0
123.08692787864774,603.4211754331781,146.2441679237209,590.1351816238657,157.06997696132933,609.0043653796421,133.91273691625616,622.2903591889544,container,0
138.30436854401466,628.6959142028221,165.79665617939924,612.9227753219966,183.85237581576325,644.393558750539,156.36008818037868,660.1666976313645,container,0
173.698599323344,689.9298775544895,197.68516325284315,676.1680760939652,209.21464181351985,696.2637427378091,185.2280778840207,710.0255441983335,container,0
188.44130431261198,714.7756632515794,216.5157017534182,698.6685507514401,228.022545255588,718.7247649093955,199.94814781478178,734.8318774095349,container,0
202.7997714124454,739.9020772961811,226.856445481747,726.1000515739757,238.05761601464076,745.6234834330372,214.00094194533918,759.4255091552426,container,0
218.6912552958576,763.541183150775,245.01612025410643,748.4378292024841,258.28742128377036,771.5694600059657,231.96255632552155,786.6728139542566,container,0
234.5590636670514,791.8739283049708,262.3574512188542,775.9251708449602,271.9522662637162,792.6487549720441,244.1538787119134,808.5975124320547,container,0
251.45227559327006,810.627412420839,275.08291958203654,797.0698127615648,285.96676888776494,816.0401596249284,262.3361248989985,829.5977592842027,container,0
261.0208150623881,836.1989910318969,288.92910519106414,820.1871792116464,295.04946875306473,830.8548590406876,267.1411786243887,846.8666708609381,container,0
278.4970455633091,843.1323979871338,295.8376042052012,833.1836064075771,306.76680025410343,852.2329918006894,289.4262416122113,862.1817833802461,container,0
269.01195910981625,849.1319808743046,273.97722895317906,846.3321367186204,285.2953958261125,866.4038798341196,280.3301259827497,869.2037239898038,container,0
-1.0114032786324127,238.43679017562917,8.417561165448177,232.88703826312957,14.460163618430483,243.15335008700762,5.031199174349894,248.70310199950723,container,0
-4.104078570736455,225.22872841168723,0.8001893112773855,222.07090794026035,7.755986977046486,232.87364210285327,2.8517190950326468,236.03146257428014,container,0
-2.108883148018208,253.50818336976084,14.645024342931432,243.64707606670902,25.677351113643756,262.39087191499465,8.923443622694116,272.2519792180465,container,0
0.6013467625924065,279.29806086803126,25.961664547815364,264.3713451120401,49.305680167916535,304.0325582138811,23.945362382693578,318.95927396987224,container,0
24.24229255583966,320.67036084217875,33.57463478436998,315.1774793663767,45.65925695574557,335.709112954792,36.326914727215254,341.201994430594,container,0
41.31170811113367,349.81809402369447,68.13112198464322,334.03257544216365,88.97410228729001,369.44455840660817,62.15468841378046,385.230076988139,container,0
46.60579192810427,308.36259024444047,50.81558225522879,305.7140297575835,61.032194262421555,321.9529620444966,56.82240393529703,324.60152253135357,container,0
-2.069787059605944,144.59743085584026,2.2283632432006923,142.17279384445257,12.746687900640694,160.81861179537108,8.448537597834058,163.24324880675877,container,0
-4.289735848613569,172.7526926027929,15.12802686980419,161.32367869335397,26.16035364051651,180.0674745416396,6.7425909220987545,191.49648845107853,container,0
-1.5075683478310467,198.08247540068845,26.634514559293414,181.51845298213058,62.14646038870726,241.8528390673003,34.0043774815828,258.4168614858582,container,0
35.60563128258997,258.89938228143023,57.20294024917869,246.18751901659238,80.21542085895315,285.2854579624666,58.61811189236443,297.99732122730444,container,0
59.431186373007165,299.9408468915815,86.79475818792633,283.835044826753,98.24935112547496,303.29626601869586,70.88577931055579,319.40206808352434,container,0
72.29286347278875,322.728801336744,100.53795327040304,306.10415055428825,112.42686413276024,326.3032728875819,84.18177433514596,342.92792367003767,container,0
90.91135520306688,341.58134224915466,115.37137933654927,327.18452629766375,127.22444331735412,347.3227451929448,102.76441918387172,361.7195611444357,container,0
-3.6018126467895755,34.010367897233046,5.032304432828792,29.368482645383118,15.331273098901235,48.52503142623723,6.697156019282867,53.166916678087155,container,0
-1.5660293364786515,59.855390477392035,11.693345484871193,51.92549345409418,23.370475687613386,71.45051953463121,10.11110086626354,79.38041655792907,container,0
2.343239792822395,86.03632627378872,27.917519078697858,70.7413818352691,86.0249133385355,167.90124634795103,60.45063405266004,183.19619078647065,container,0
62.37911235238602,187.9684930497133,88.81259042202147,172.15969648999192,148.90201170754327,272.6336569061112,122.46853363790781,288.44245346583256,container,0
126.35818472345206,292.52267891356047,152.27820078870968,277.02096325885555,175.62903757298307,316.06529087183645,149.70902150772542,331.5670065265414,container,0
153.83171787801894,342.85612484676085,181.10606245539486,326.3335945449299,192.25608013841799,344.73933620647847,164.98173556104206,361.2618665083094,container,0
172.49493120053938,359.0038263266362,186.39736856903068,350.5818661934221,192.56576153897157,360.7642578899401,178.66332417048028,369.1862180231542,container,0
178.36334368700335,371.67541521406486,199.47490695830845,358.88623735207864,204.55829276759522,367.2775680774256,183.44672949629012,380.0667459394118,container,0
178.2531669040845,383.2064197280134,204.5400453408408,367.54235104076304,301.05582634381597,529.5116741527622,274.76894790705967,545.1757428400126,container,0
10.380602102958328,13.091705570232214,38.20857691354055,-3.208567402577671,115.61850575076562,128.946369718081,87.7905309401834,145.2466426908909,container,0
6.674912358197339,-0.2348624850479526,11.033328212039514,-2.845840909752927,16.842135469467827,6.850599858634404,12.483719615625652,9.461578283339378,container,0
90.24622546244962,149.7008841572087,117.71815888948149,133.61668787166718,150.0473994908535,188.83528442322535,122.57546606382164,204.91948070876686,container,0
128.2422451482369,203.71137191726385,151.05067117447194,190.3575538416405,162.59713021272947,210.07899645435614,139.7887041864944,223.43281452997948,container,0
135.47869910551236,226.19798017127536,163.1739425425636,209.98304092061937,187.19705561415742,251.01470649449325,159.5018121771062,267.22964574514924,container,0
182.45972370028778,285.7318802735311,202.62929223771204,273.9230536318867,214.55911725692056,294.29928834735364,194.3895487194963,306.108114988998,container,0
162.03379697511107,270.3550686912821,166.8036742242097,267.62345454595896,189.83336441703474,307.8373315653831,185.06348716793613,310.56894571070626,container,0
170.77466736091606,264.4270340769305,175.20084601615446,261.89224930303266,185.82989364879376,280.4524301284667,181.40371499355535,282.98721490236454,container,0
179.98788103825078,259.1425075163187,184.41405969348918,256.6077227424209,192.827789445619,271.2995701226446,188.4016107903806,273.8343548965424,container,0
72.48694771834734,1.3385368164463642,76.30309032613769,-0.9475841845485959,82.53716569563012,9.45874191426356,78.72102308783977,11.74486291525852,container,0
78.83905322353618,13.52000168559207,108.14149438968064,-3.6359155203677744,184.6853359274642,127.10156626885484,155.38289476131973,144.25748347481468,container,0
161.40454851814874,144.47829080900217,185.5947292130912,130.31548659598218,219.69346742237607,188.55639894255293,195.50328672743362,202.71920315557293,container,0
192.87688135742667,205.7503958234389,216.70337642924483,191.80052132518026,235.78899109052742,224.39890088238957,211.96249601870926,238.34877538064822,container,0
218.9315939931773,248.69242428346828,241.85409563251636,235.27181751394284,264.71315870753654,274.3152765623621,241.7906570681975,287.7358833318876,container,0
246.6733787963116,287.7737020720601,270.7222740787254,273.69361727569236,281.8615458331199,292.71958081341853,257.81265055070617,306.79966560978625,container,0
255.3475568824604,309.9446573134495,283.1872767793428,293.6451303600482,312.3383118263452,343.43532689353697,284.4985919294628,359.7348538469383,container,0
285.4509674119169,361.5342666342526,294.1759327223083,356.4259965880392,298.9529611522408,364.5851986194216,290.2279958418494,369.693468665635,container,0
291.06955530295176,370.6710268979506,311.97591961057856,358.4308229809582,346.6463912300622,417.64826047707027,325.7400269224354,429.8884643940626,container,0
298.52350517589076,353.6418615631703,303.06646990721276,351.0476467924779,307.67056338656636,359.1102923886365,303.12759865524436,361.7045071593289,container,0
308.5177323364778,348.170881830786,313.0606970677999,345.57666706009354,316.27137602123116,351.1991781234867,311.7284112899091,353.7933928941792,container,0
332.1536585722963,431.3080953460056,355.4078760155582,417.6932764684943,366.6275435885034,436.85655669496424,343.3733261452415,450.47137557247555,container,0
349.3450430701725,449.5292546762815,368.01734186563806,437.9434465464198,379.5038187828248,456.45565792614417,360.83151998735923,468.04146605600585,container,0
362.40211312934764,469.12691329537756,375.6277671399664,461.27774972930445,386.96629660870144,480.3829023331913,373.7406425980827,488.2320658992644,container,0
359.48551456142553,474.93683037912854,363.23181425557897,472.79754324467063,370.54738851545784,485.60850871578543,366.8010888213044,487.74779585024334,container,0
376.61348445011845,502.534828830839,400.1433852063396,489.38994504297557,423.7739509787243,531.6896622874096,400.2440502225032,544.834546075273,container,0
371.52693124565025,504.9729908501427,375.2732309398037,502.83370371568475,382.43522055304044,515.3757131848331,378.688920858887,517.5150003192911,container,0
432.4825857985832,585.1679298104838,443.2746257905364,579.1390003645876,452.43976746508605,595.5449935630951,441.6477274731329,601.5739230089913,container,0
438.1305771533351,605.6233725639553,452.5418298389173,597.5725846004987,458.02067799461537,607.3799556995881,443.60942530903316,615.4307436630447,container,0
447.6761384214731,627.4127897944342,466.03811998858083,617.1549431373161,477.32252411814574,637.3545062180416,458.96054255103803,647.6123528751597,container,0
490.2016844898505,658.5405965978115,495.49960450840507,655.4191698582987,506.952112715713,674.8572273741476,501.6541926971584,677.9786541136604,container,0
486.3356293321139,673.6625606255146,491.0061094353605,670.9108087248483,498.42703484283,683.50616096386,493.7565547395834,686.2579128645264,container,0
477.12530643004163,678.6074902938267,481.79578653328826,675.8557383931603,487.81618124744,686.0740046981011,483.14570114419337,688.8257565987675,container,0
79.62545891138359,413.8232385246766,101.24419932545679,401.09876102024015,125.23838626432538,441.86460768838737,103.61964585025218,454.5890851928238,container,0
113.89544990679221,421.65676238598775,118.69310129435479,418.7128333584561,130.1847868852448,437.4405611008579,125.38713549768221,440.38449012838953,container,0
103.60836969836168,457.0275438531237,108.97769122260345,453.8935808337525,120.6315452890434,473.85976712648755,115.26222376480163,476.99373014585876,container,0
115.37142347247006,476.00450638839857,137.90489242616962,462.7416329135121,161.48903025296107,502.81081087302846,138.9555612992615,516.073684347915,container,0
138.64370921773596,461.70370399437473,143.41604442746768,458.91818966154574,154.92768635398394,478.6407283109675,150.15535114425222,481.4262426437965,container,0
146.02647507774557,514.1634385288686,150.9536547522702,511.2875446528842,156.23974858924694,520.3440450782579,151.3125689147223,523.2199389542423,container,0
157.91644222940204,502.72094741730285,166.48846162390248,497.67558094988783,172.00112224382252,507.0415277159836,163.42910284932208,512.0868941833986,container,0
147.07891394300935,525.3847292282144,172.24514327554442,510.5722511245006,201.6964108736667,560.6096148470756,176.53018154113164,575.4220929507893,container,0
176.0063526877974,577.9518368917035,187.044846834027,571.4547391072684,199.0620409495304,591.8718132070118,188.0235468033008,598.3689109914468,container,0
189.63409182691598,599.7609072463716,211.00773891422833,587.1806881243905,228.01509931260253,616.0759971422143,206.64145222529018,628.6562162641955,container,0
230.39716212348876,588.2983330324001,234.30750004088225,586.0159488669098,239.79865725735263,595.4237780126747,235.88831933995914,597.7061621781651,container,0
212.60476490975307,628.0705017021982,230.03048139114088,617.8139773571552,241.3565730631183,637.0568763820546,223.9308565817305,647.3134007270976,container,0
228.81254777533056,645.5400916819093,246.23826425671837,635.2835673368663,269.29092930148755,674.4497791739876,251.8652128200997,684.7063035190306,container,0
246.33382825610317,689.7527982610308,270.3251073330861,675.631878860981,293.3821089908871,714.8054585535903,269.39082991390416,728.92637795364,container,0
286.42101008617266,721.0939559009206,295.5687320791448,715.709739221921,299.98004708570426,723.2045125026522,290.8323250927321,728.5887291816517,container,0
277.7625918495008,739.301958545383,295.48755109670486,728.8693042423005,300.9605629555171,738.1678882209002,283.235603708313,748.6005425239827,container,0
280.08202289639695,752.990629821842,303.1767362069979,739.3974160469612,332.7702168841676,789.6763981494139,309.6755035735667,803.2696119242947,container,0
102.19406185333192,372.82308979423806,125.94321133821174,358.8446843653477,138.0247523389685,379.37108308044446,114.2756028540887,393.34948850933483,container,0
116.18119994636925,393.6744588787548,142.8002928120592,378.006846341186,177.68886894465652,437.2821345063997,151.06977607896656,452.9497470439685,container,0
161.09487450180308,449.5483264578323,174.57908697301087,441.6117142885483,197.15432749305774,479.96678736860196,183.67011502184994,487.90339953788595,container,0
150.8819790167903,455.5653771774834,156.42642061414958,452.3019991531868,191.6338302128134,512.1189816972704,186.0893886154541,515.3823597215671,container,0
193.20624817945205,484.47010732942783,197.81295306884886,481.75866755023753,221.4168999853383,521.8615009245143,216.81019509594148,524.5729407037046,container,0
197.98375869446318,536.2957557159,222.27502392177234,521.9982688124546,246.5919104902348,563.3123784266816,222.30064526292563,577.6098653301269,container,0
185.113926736456,489.9160146569301,189.2277852457931,487.63465290757404,198.6517045995712,504.62830629717325,194.5378460902341,506.9096680465293,container,0
189.32813028246917,512.5750628621101,194.575332544668,509.66519940789914,205.35108146843024,529.0965352830676,200.10387920623143,532.0063987372786,container,0
210.92601614831818,501.5201432157411,215.36493231338662,498.9057815771027,226.64088490638886,518.0511849910279,222.20196874132043,520.6655466296663,container,0
229.00567121965005,575.2833388533136,242.69920379646192,567.2235239014451,248.6294814974154,577.2989972680789,234.93594892060355,585.3588122199474,container,0
240.07889257916318,584.1897077375252,258.55690629595847,573.3138164800969,281.76567268352454,612.745242696908,263.2876589667293,623.6211339543363,container,0
237.0345371425785,599.2914051691538,244.70698031776163,594.7755162359053,261.42661549526485,623.1819834243951,253.75417232008175,627.6978723576435,container,0
217.55944686960757,596.3016764254356,222.38717645231148,593.4838295314828,228.57826373120034,604.0908271187315,223.75053414849643,606.9086740126843,container,0
269.3038573377807,622.0317156725084,272.69738968229075,620.0509803366344,277.7606673771948,628.7257367847549,274.36713503268476,630.7064721206289,container,0
264.3809655461836,637.7795935916836,278.8754806864138,629.248331903583,296.4885783919375,659.1727816148318,281.99406325170725,667.7040433029324,container,0
289.27437706214937,665.4620159761268,307.7223906758592,654.6037823448845,330.6823242562306,693.6124444943009,312.23431064252077,704.4706781255433,container,0
294.5258545353044,688.6516652047326,299.81875429899856,685.5623080020088,311.2766071082993,705.1926914271824,305.98370734460514,708.2820486299062,container,0
303.9551711145899,712.2296560527485,312.75968188922667,707.047448526148,335.6971424373321,746.0179292531283,326.89263166269535,751.2001367797288,container,0
316.9569536183982,704.2721914883391,320.8085248059228,702.0052124695018,343.7459853540282,740.9756931964821,339.8944141665036,743.2426722153194,container,0
326.13939522132995,698.5610259807246,330.2513652420187,696.140779980032,352.12736569894304,733.3078522634718,348.01539567825427,735.7280982641644,container,0
331.5484310157732,749.8647225112454,341.48540235510546,744.0159650976427,364.7712373888494,783.5783300547832,354.8342660495171,789.4270874683859,container,0
360.4055575577085,787.9002740359365,378.38183294235614,777.3196986941556,396.08347880172613,807.394590696766,378.1072034170785,817.975166038547,container,0
345.30555751649257,741.8407363410106,349.73577647251113,739.2549082595306,360.9453915556791,758.4599936968802,356.51517259966056,761.0458217783603,container,0
363.78873769817545,759.538955812488,368.218956654194,756.953127731008,375.9885860691324,770.2645925425425,371.55836711311383,772.8504206240225,container,0
355.8157682928824,763.8257378474102,360.06668739902295,761.3445634165562,370.06261653330336,778.4702784054507,365.8116974271628,780.9514528363047,container,0
277.0356659448192,549.0180615699082,302.95345982028937,533.5739264108361,392.79545905420235,684.3435482460163,366.8776651787322,699.7876834050885,container,0
372.2037752211663,710.1834144836265,400.81355763000556,693.344110912031,419.8004479361065,725.6026183953414,391.19066552726724,742.4419219669369,container,0
401.42306880820735,739.0169788059048,420.9049753979457,727.5502107427995,432.44998776817073,747.1650535072382,412.9680811784324,758.6318215703435,container,0
412.31684657653864,771.5094238514716,436.81222554370953,757.0917985569141,448.9269656333753,777.6746021408833,424.4315866662044,792.0922274354408,container,0
404.16335171043687,760.2603658068354,408.11331310907184,757.9548542267639,414.5626113698448,769.0042366712225,410.6126499712098,771.309748251294,container,0
191.61077217707327,321.0607941007793,218.97463344949884,304.48403546351454,229.95730350027122,322.6135302728658,202.59344222784566,339.1902889101305,container,0
212.58623429551804,336.0865463995031,225.03890890324925,328.5428383202355,236.50854487083532,347.4761855644128,224.0558702631041,355.0198936436804,container,0
229.38322347479183,354.1284166720326,237.9999923929912,348.90846261774084,248.94635933668175,366.97803056155203,240.32959041848238,372.1979846158438,container,0
204.56528259161766,341.4207230671561,208.90696279202652,338.94144982343755,219.45079102448236,357.4057035676944,215.1091108240735,359.8849768114129,container,0
245.48769486447756,371.06374361578827,249.82937506488642,368.58447037206975,260.3732032973423,387.0487241163266,256.0315230969334,389.5279973600451,container,0
216.26717483116363,361.841829544264,224.883943749363,356.62187548997224,235.83031069305355,374.69144343378343,227.21354177485418,379.9113974880752,container,0
228.43020963458883,382.50240429662523,241.27001086200076,374.89262612909147,270.1750952234342,423.66350084995855,257.33529399602224,431.2732790174923,container,0
254.02345144267164,393.40143126688133,258.3651316430805,390.9221580231628,268.90895987553637,409.38641176741965,264.5672796751275,411.86568501113817,container,0
269.13394263557234,410.38187479311244,273.4756228359812,407.9026015493939,278.7387716992366,417.11937879219903,274.39709149882776,419.59865203591755,container,0
265.96204121216897,442.4746840155129,286.39741984345585,430.3632271946974,309.1239420028171,468.709158007966,288.6885633715302,480.82061482878146,container,0
288.27784828862485,483.1096786432643,315.62764637749984,467.49545111677,338.1217997281745,506.89609077552035,310.7720016392995,522.5103183020146,container,0
312.85592329082294,526.1213883068684,321.4765275934709,521.1998135091308,326.40763628537445,529.8371173302145,317.7870319827265,534.7586921279521,container,0
319.6927884597955,535.151834054725,331.9376866932048,528.1611196650275,343.71969042966913,548.7984148964374,331.47479219625984,555.7891292861349,container,0
341.55750993398107,522.9175385306997,345.88513211207186,520.4468629842905,357.08943323475677,540.0722573825998,352.761811056666,542.542932929009,container,0
331.7794057741726,514.6966537593186,335.525705468326,512.5573666248606,338.13578427494554,517.1281123080636,334.3894845807921,519.2673994425215,container,0
337.0809878479067,512.3008686550849,340.82728754206016,510.1615815206269,345.00816768395305,517.4830998640886,341.2618679897996,519.6223869985465,container,0
337.0253787541023,526.0500723629106,340.7716784482557,523.9107852284526,344.9525585901486,531.2323035719143,341.2062588959952,533.3715907063722,container,0
340.01540860975217,552.6350349834812,359.0604326084626,541.302805532752,382.22339695118444,580.2306452580609,363.17837295247404,591.5628747087901,container,0
331.1278935779749,558.1388692356101,336.3642648258897,555.0231073192906,359.5272291686116,593.9509470445995,354.2908579206968,597.066708960919,container,0
355.6245371629995,598.8052223652442,384.04274541120594,581.8957316516023,455.69581487769307,702.3163808719289,427.2776066294866,719.2258715855708,container,0
428.7650643024465,720.351050350319,451.981502148734,706.6861912766644,463.24854736317354,725.8287710517214,440.032109516886,739.4936301253761,container,0
455.31275260137613,731.9791769638437,470.5294832266327,722.7292081762151,476.92345322411063,733.2476565419786,461.70672259885407,742.4976253296071,container,0
447.85885378623385,750.928717993031,476.52431833307094,734.0862374231071,488.06199835275555,753.7230691940532,459.39653380591847,770.5655497639771,container,0
445.80743599992786,737.4321510828265,449.75739739856283,735.1266395027551,455.41492899671914,744.8195127103506,451.4649675980842,747.1250242904221,container,0
474.56855462111025,904.2546977875841,483.7501317012638,898.5977448725916,492.7690732395972,913.2360330393792,483.5874961594437,918.8929859543716,container,0
513.5021383272856,882.0918581245766,523.5809861267383,876.3410277715635,532.016186516172,891.1244756676475,521.9373387167193,896.8753060206606,container,0
490.5735006278863,896.0156076346572,495.60524852598024,893.0786794279501,503.9580099495939,907.3892062023416,498.9262620514999,910.3261344090487,container,0
502.24679849401883,887.9681488851089,507.2785463921128,885.0312206784018,515.6313078157264,899.3417474527934,510.59955991763246,902.2786756595004,container,0
395.07709183752974,986.3209936389301,406.3121416602604,1004.3191060581112,391.7269625219553,1013.4236838313711,380.4919126992246,995.42557141219,container,0
