600.6278373004496,193.72084526947302,602.3293322138031,200.98356540021894,575.316635669085,207.31204356533837,573.6151407557315,200.04932343459245,container,0
573.1221210205299,206.77874591118498,579.6242498984566,208.7115426473111,576.2514769888867,220.05790086703664,569.74934811096,218.12510413091053,container,0
605.5650324655101,197.53727656246096,612.7006597408474,196.3574940453722,614.8892202175441,209.59446917005724,607.7535929422068,210.774251687146,container,0
726.2870849233143,158.74093643013433,728.279730294019,165.93637811818533,702.7557314897952,173.00478062411773,700.7630861190904,165.80933893606672,container,0
835.7332494878153,99.67339845082182,808.3524352739903,127.70652259782617,799.0901487157257,118.65976255363202,826.4709629295508,90.62663840662768,container,0
809.7570085011721,139.06797804413856,805.8964991679084,142.86287779750347,796.1193604455677,132.9167032623942,799.9798697788315,129.1218035090293,container,0
846.2078241050544,111.76278872560107,817.3576566537453,138.6078069802105,808.9158674143787,129.53547069664074,837.7660348656879,102.6904524420313,container,0
838.3235863245618,141.66074324995446,829.364950503481,132.28944831950434,838.127210593917,123.91302887028361,847.0858464149977,133.28432380073372,container,0
849.4302463948421,134.09967594787855,837.3320237237451,121.64527114271843,846.6921379950046,112.55284573562938,858.7903606661016,125.0072505407895,container,0
871.4416403184727,127.81179719138763,854.5200543067775,113.09804721639532,871.8336243963034,93.18653139361973,888.7552104079986,107.90028136861204,container,0
894.0658056119468,110.82567471135278,870.110506145369,88.84331670670866,887.2874863858702,70.12468308670464,911.242785852448,92.10704109134875,container,0
915.6151672579618,96.3556294980265,889.5379677398847,71.89019132212712,907.021856705369,53.254479276962336,933.0990562234462,77.71991745286172,container,0
930.1929323869103,73.64089716753664,909.4479477299983,53.23096619349686,917.8938846899543,44.64637897120831,938.6388693468664,65.05630994524807,container,0
942.0073830090041,147.30513229004487,933.9830582972085,139.93030754412501,941.8876965381583,131.32950872382077,949.9120212499539,138.70433346974062,container,0
807.3165834817636,180.84692077802308,793.830289927476,167.3003480060823,804.0250953440265,157.15090719244515,817.5113888983141,170.69747996438593,container,0
802.2967997786594,196.5072465906573,784.5579038855088,177.71816855794646,794.2295479739058,168.58710383507952,811.9684438670564,187.37618186779036,container,0
869.9424355112037,231.66077736111245,865.8172587452829,226.64456900702294,883.7559883303034,211.8923048922488,887.8811650962242,216.90851324633832,container,0
772.9082478984608,290.09453988723635,777.3638591606579,280.05757245966737,787.1910163731925,284.42004475695535,782.7354051109954,294.45701218452433,container,0
807.7472826263236,303.9474562761122,810.2285313476892,298.8930024250895,821.8473702471435,304.5967302684432,819.3661215257779,309.6511841194659,container,0
788.2799183887355,291.09331276693723,790.7611671101012,286.03885891591455,802.3800060095555,291.74258675926825,799.8987572881898,296.79704061029094,container,0
799.5603104834858,299.5654329247391,801.9753317326989,294.64588844365693,810.5537698547297,298.8570731233422,808.1387486055165,303.7766176044244,container,0
820.0875751093242,309.8970883436751,822.5688238306899,304.8426344926524,834.1876627301442,310.5463623360061,831.7064140087786,315.6008161870288,container,0
849.6159731682038,289.8755097584339,856.5863487253954,293.86596075345307,844.3814315724466,315.185068870969,837.411056015255,311.19461787594986,container,0
811.4396204418151,282.89002540238,816.595526705151,273.21581594757265,827.9389833621879,279.26135377669556,822.783077098852,288.9355632315029,container,0
799.1874158374325,274.5555173884198,806.1701558059201,259.3946475199371,818.7879273598745,265.2060962367554,811.8051873913869,280.3669661052381,container,0
721.7617892686221,241.73971265498955,754.3957970372455,250.062339341032,751.373423490646,261.9134250042666,718.7394157220226,253.5907983182242,container,0
574.2499361058937,254.66663625681375,596.1404589825986,260.4664194901765,592.6258551899156,273.7318315979451,570.7353323132106,267.9320483645823,container,0
575.5287787699667,270.97224672413284,604.1880764960572,279.0866114064679,601.1857871237835,289.6904612885401,572.526489397693,281.57609660620506,container,0
601.4736635851231,264.4353486089555,606.3991400333426,265.66127426800085,603.3718592597853,277.8241652575867,598.4463828115657,276.59823959854134,container,0
570.5796111468973,278.81581070337705,617.1794387891413,293.3398752202657,610.3950643141367,315.1072448727504,563.7952366718927,300.58318035586177,container,0
609.0404551338071,268.6272720022889,615.5823818822275,270.59166375505566,611.6930667754629,283.54407739359954,605.1511400270424,281.5796856408328,container,0
565.8609397314947,303.7452197616897,598.215110314564,312.67215313983075,595.2945699067818,323.25716128826235,562.9403993237125,314.3302279101213,container,0
562.0111133822763,316.5178361797676,573.0849330777894,319.3870027012906,570.788958553848,328.24853364168445,559.715138858335,325.3793671201614,container,0
560.0245898021111,327.1268993812935,600.892778394664,339.18021834219275,597.5435036229461,350.53632643680777,556.6753150303932,338.48300747590855,container,0
555.278190948137,340.16459019460467,592.7828531208839,350.046524816203,589.701971483791,361.7393187293346,552.197309311044,351.8573841077363,container,0
639.6551672943871,347.40512780548715,662.1262964839218,354.79350993298556,653.3452300271798,381.5003688049628,630.8741008376451,374.1119866774644,container,0
663.8494040444384,329.14101138834775,669.9584672189552,331.51820764020783,661.9293589553736,352.1518972562314,655.8202957808568,349.7747010043713,container,0
650.5579835592298,326.81122745650123,657.7966711854192,329.54007076991394,650.06861711085,350.03995404615307,642.8299294846606,347.31111073274036,container,0
643.7808294301121,311.81789253888024,649.9794494751101,314.0077601426984,645.7143065976579,326.08063618728585,639.51568655266,323.8907685834677,container,0
647.7388184546681,302.5430181560881,652.0940366008433,304.2460456333357,649.1200576569958,311.85151720418855,644.7648395108206,310.14848972694097,container,0
67.69733127224556,219.67389712278634,80.87188207368783,223.53020416773268,77.43488689422513,235.2722327635842,64.26033609278286,231.41592571863788,container,0
65.89568485430664,233.5875524675275,79.14900081507201,237.4213356197744,75.4222962525632,250.30448291787027,62.16898029179782,246.47069976562338,container,0
60.22448031696245,263.5731719367142,72.72406035762332,268.1979809547945,68.08517764072502,280.73559831205716,55.585597600064155,276.11078929397684,container,0
822.2985812337188,703.2985511515764,803.4172839146298,697.4291129122672,810.6711881631077,674.094150134665,829.5524854821966,679.9635883739742,container,0
825.8745793581766,640.7010991662218,831.7318410139411,642.1845897888142,828.7059725807212,654.1316172114178,822.8487109249567,652.6481265888254,container,0
821.8731412963002,636.6802763569602,822.7940190077887,631.0976381527169,835.7631198759254,633.2369413800753,834.8422421644369,638.8195795843187,container,0
942.0263718790591,677.5704548719558,906.0651614060986,664.9834349751534,913.3096794238002,644.2857925351108,949.2708898967607,656.8728124319132,container,0
873.2424008376231,623.0959272141155,875.1402468354922,617.1949729126228,899.5672001065593,625.0510912855278,897.6693541086902,630.9520455870205,container,0
881.8653367641878,615.948321734893,883.6307039563237,610.4592825094527,905.3056150345312,617.4302978981906,903.5402478423953,622.919337123631,container,0
896.8417687703735,628.9432761006794,898.7396147682426,623.0423217991868,923.1665680393097,630.8984401720918,921.2687220414406,636.7993944735845,container,0
921.2883684578084,636.7633322368936,923.1501361730418,630.9745557924812,945.1451904873805,638.0485346221124,943.2834227721471,643.8373110665248,container,0
985.2642654776269,489.7447467852544,988.17066875971,478.712243176185,1011.3976230325932,484.83115312841096,1008.49121975051,495.86365673748037,container,0
1009.795640378204,496.96934693692,1011.7219153949649,490.7913888596327,1029.1534885504386,496.2265186310172,1027.2272135336775,502.40447670830446,container,0
969.1311818658903,490.15721307746605,984.8412429287731,436.6040051152467,997.5936514437276,440.3449783284685,981.8835903808448,493.8981862906879,container,0
957.2390694379859,488.80385441504785,967.9794827954968,449.30692774266424,979.8196986079557,452.5266418516322,969.0792852504449,492.0235685240158,container,0
942.607300940034,483.90029496259507,955.286468968168,441.1085545733867,968.3955214559165,444.99275927434127,955.7163534277825,487.78449966354964,container,0
928.5448009570882,479.60880621058215,933.3502208781082,460.14170635736275,946.6748074840893,463.43085750974404,941.8693875630694,482.89795736296344,container,0
846.0971068286,410.33356988909964,874.8545541219454,419.03917695082197,867.300690472323,443.9920417223407,838.5432431789776,435.28643466061834,container,0
853.0853944596531,385.6113121270138,886.0645430515202,396.5766396456452,878.2424125994896,420.10235760018577,845.2632640076225,409.13703008155437,container,0
869.9264882191628,367.5559804075608,893.7647249261173,375.7047819134423,887.1001041898064,395.20124486686996,863.2618674828519,387.0524433609885,container,0
806.3065811036267,400.0519972449252,827.0644864952692,405.46918661166285,820.2857517532984,431.4443417932161,799.527846361656,426.02715242647844,container,0
811.6047235138808,376.86157527081184,833.3652006946645,382.42396612209814,827.9642576238821,403.552847854545,806.2037804430984,397.9904570032587,container,0
827.1960689685027,330.26846196138735,848.6608588829193,335.74521427499906,845.34635342092,348.7356070001147,823.8815635065033,343.258854686503,container,0
818.9146345922155,367.42377701377626,837.6524512111513,372.204740672352,834.6720925788851,383.8855267017322,815.9342759599493,379.1045630431565,container,0
820.9689431789297,354.9006332145481,841.1578410684516,360.05184101423157,837.9858909362674,372.4835230234988,817.7969930467456,367.3323152238153,container,0
823.3716023895388,342.9215306269758,844.362777384038,348.2774398473749,841.6003501998357,359.10409691846576,820.6091752053364,353.74818769806666,container,0
762.9167166891341,324.4316640709736,806.7659353166646,334.88248362181133,803.7407833620937,347.5753206564772,759.8915647345632,337.12450110563947,container,0
759.727651710901,336.56890958613985,803.0133977484296,347.2464961567865,797.1168316271824,371.15051809367867,753.8310855896538,360.472931523032,container,0
752.8504110550555,360.2660983617034,795.5401989894301,371.051019442847,792.5122810886264,383.03638049421403,749.8224931542518,372.25145941307045,container,0
750.8377528830786,371.28928267193356,792.6588878636069,382.84187145176173,789.0633064626247,395.85811378235627,747.2421714820964,384.3055250025281,container,0
747.5560122021287,380.55755417312713,789.8201744763883,392.64575499910615,783.1736579320735,415.8840729118729,740.909495657814,403.7958720858939,container,0
573.4441295339769,635.2523395425436,532.1159094012369,624.2004062978032,538.1901702276999,601.4859740785163,579.51839036044,612.5379073232567,container,0
