643.6629194786727,312.57579822804433,668.8791122892524,278.60425382458766,698.4107996774309,300.5248563841316,673.1946068668512,334.4964007875883,container,0
391.5450675103235,648.8311058866383,450.754414700795,574.1088958073949,471.2485709437267,590.3483192810401,412.0392237532552,665.0705293602834,container,0
364.7324812576265,681.829156589905,386.27219307712437,654.6460352079841,407.6298324049092,671.5696765294412,386.09012058541134,698.752797911362,container,0
521.2052177823712,616.2858605194958,548.7487632881041,582.5162778618196,566.6257919611905,597.097350946314,539.0822464554576,630.8669336039902,container,0
551.3821128685526,578.3244653737102,563.9222892948619,562.949664613875,586.0315826961142,580.9827073988611,573.4914062698049,596.3575081586962,container,0
442.0847855673496,723.1529111606845,451.653572709939,708.2733314293854,471.0570472226882,720.7513530396735,461.4882600800988,735.6309327709727,container,0
492.3859470982682,765.9614837683409,462.2754995515211,750.5182572257305,473.807763885057,728.0332124488468,503.91821143180414,743.4764389914573,container,0
612.6774547604036,748.7493235593072,516.3082160878322,732.424823522651,520.0183736305642,710.5224646788567,616.3876123031356,726.846964715513,container,0
614.6560754373768,799.7844088420474,571.3476133844997,794.8069588643092,575.5453377362801,758.2828377559873,618.8537997891572,763.2602877337255,container,0
611.7776961545405,761.7018087452439,539.8731024331047,749.5215055799413,541.4988711363549,739.9240237680565,613.4034648577907,752.1043269333591,container,0
515.4562331287561,707.5156590147506,513.7988594241546,713.9346511340968,478.31727572364684,704.7733618336154,479.97464942824837,698.3543697142691,container,0
517.0071357681077,779.2474589672685,498.16837161798287,770.8863496880639,500.1747366981587,766.3657248185281,519.0135008482836,774.7268340977326,container,0
533.8949267049026,1000.0577505409418,531.1194489787646,1003.7496826052068,517.6011773883973,993.5870736942494,520.3766551145353,989.8951416299844,container,0
538.4383324013506,992.6919801356789,535.6628546752125,996.3839121999439,522.578848529274,986.547770311473,525.354326255412,982.855838247208,container,0
568.5550507898222,957.5760947944786,558.5984457724683,970.0474391714032,547.7718962506083,961.4039702692505,557.7285012679622,948.932625892326,container,0
907.7671654359091,987.5330042918617,917.9650765965705,978.3217380909664,925.6680758102306,986.8498274913047,915.4701646495691,996.0610936922001,container,0
879.3323981811271,943.8683721759437,882.9119313515776,940.6351578060104,915.520683402097,976.7367261700763,911.9411502316466,979.9699405400096,container,0
926.5982706412559,1007.1000463601827,932.1615883211853,1002.0749780591707,938.4822793039922,1009.0726962567398,932.9189616240628,1014.0977645577518,container,0
931.562684448423,1021.5903789582878,937.1260021283524,1016.5653106572759,943.4466931111593,1023.563028854845,937.88337543123,1028.588097155857,container,0
865.5195101110817,845.5446503186189,873.421883229617,851.5423488073008,859.5461951813645,869.8245056113836,851.6438220628291,863.8268071227018,container,0
942.2523334491924,756.234444467864,952.7357084074088,763.0753968768335,899.6026324560352,844.4988485516774,889.1192574978188,837.657896142708,container,0
948.2483608401142,724.7140511999519,963.3778800960033,727.7167516968876,956.9292250160843,760.2091868584314,941.7997057601951,757.2064863614956,container,0
954.9378799584019,810.838011727583,965.2722448984782,822.288752510342,940.6804223730785,844.4830256443316,930.3460574330022,833.0322848615726,container,0
981.3084313382642,761.6705750886383,985.1739183096705,764.6858697153838,963.1403844129086,792.9319778921817,959.2748974415023,789.9166832654363,container,0
885.6927046535538,795.3491207467932,904.6048277631666,762.6031247834558,925.612833159943,774.7360886058441,906.7007100503303,807.4820845691816,container,0
862.0609944953857,782.9182432060918,887.2575491289193,746.5690258417059,907.3367484986408,760.4875275482239,882.1401938651071,796.8367449126098,container,0
840.9496899237392,800.7911259180814,845.9778450604837,804.7980877605312,830.5259805911985,824.1879334237517,825.4978254544541,820.180971581302,container,0
826.7829067890319,828.9777877522754,832.2054805820354,832.4323182189886,822.50822132882,847.6540985440229,817.0856475358165,844.1995680773097,container,0
862.6411867081118,815.5870977261816,867.4632340676759,819.8398552490295,852.5089031797692,836.7960281285475,847.6868558202051,832.5432706056996,container,0
871.8848205786774,795.8563524922962,878.3123264568958,795.6974327909176,878.9373749563536,820.9775136719062,872.5098690781351,821.1364333732848,container,0
955.6186592754358,631.0573440976171,971.0141769956344,632.004232325269,965.4091857188854,723.1361526541781,950.0136679986867,722.1892644265263,container,0
1020.384324535101,559.237490919303,1029.8277951176199,564.3938635260472,1006.6859506702102,606.776240427691,997.2424800876913,601.6198678209469,container,0
737.233211911817,715.3862421020425,744.1579591601859,715.3862421020425,744.1579591601859,740.9654104287989,737.233211911817,740.9654104287989,container,0
772.4645678012952,607.1971617486807,779.3337448384311,608.072679473389,776.5235608119755,630.1209499308342,769.6543837748395,629.2454322061259,container,0
766.4658784872083,603.292908207906,772.6279908800531,606.4521004008157,762.4878061796505,626.2308773768806,756.3256937868058,623.0716851839709,container,0
798.5782483576961,582.358046162639,802.6879522707243,587.9314166151601,784.7988836920006,601.1224965486953,780.6891797789724,595.5491260961742,container,0
776.2908575256165,880.3852846291635,799.0681188523014,886.481868476417,788.785259724837,924.8993454438261,766.0079983981522,918.8027615965725,container,0
837.7585255374053,861.3845843973471,858.3169505014098,875.7719823475779,844.7580919401418,895.1464917129009,824.1996669761372,880.7590937626701,container,0
823.8835367533371,895.419487991481,836.6815378348919,907.432868804304,810.4713112091471,935.3549428590975,797.6733101275923,923.3415620462745,container,0
752.4286787413004,307.66141221758414,778.9483920506227,326.9540339544263,768.4220081101925,341.423642496586,741.9022948008701,322.1310207597439,container,0
958.7423652841123,619.0720097217206,973.7122130054998,620.5111306956687,972.5723069434496,632.3685217520747,957.6024592220621,630.9294007781266,container,0
966.1166625014065,592.998259016995,977.152181472305,597.37917157351,967.9632447760124,620.5261036170448,956.9277258051139,616.1451910605298,container,0
993.1007623232069,529.7661544859966,998.884113300366,533.68995969047,986.0532362190463,552.601567591254,980.2698852418872,548.6777623867806,container,0
982.1483776452823,561.5043144833198,988.3238724466039,564.7764177467436,977.6240663699642,584.9703393567538,971.4485715686426,581.69823609333,container,0
994.6377686482692,538.6910483370973,1000.8132634495909,541.9631516005211,990.1134573729512,562.1570732105313,983.9379625716296,558.8849699471075,container,0
988.4841159357601,563.1278366591779,993.8141899081579,565.9519913221598,985.9310930780088,580.8298908178996,980.6010191056109,578.0057361549177,container,0
