345.36802757801235,879.5747825139155,340.70685412552416,880.1631166813729,339.2136739668203,868.3331532005642,343.8748474193085,867.7448190331068,container,0
305.8579606157572,71.89792014152924,311.5559838978868,114.89655532739216,297.56854179361153,116.75012045621757,291.8705185114819,73.75148527035465,container,0
303.9622571765846,123.02979993483508,309.0379756638376,122.48820519325324,310.468700808463,135.89667744972817,305.39298232121,136.43827219131003,container,0
306.6392169217347,136.3082527154187,311.1831771792406,135.80619136602002,312.3012884542378,145.92577775350424,307.7573281967319,146.4278391029029,container,0
423.9920466397452,286.5412516122471,429.51528630380056,285.4172525208153,432.9711211023227,302.3989422544832,427.4478814382673,303.522941345915,container,0
381.9930636224045,265.56192266486323,390.31042836874013,263.66928883501674,393.7053997097064,278.5888229260154,385.3880349633708,280.48145675586187,container,0
384.64284666183397,280.80830496743124,393.58922236658714,278.81985131472334,396.9908326733865,294.1242481581422,388.0444569686333,296.1127018108501,container,0
351.769335599077,189.6767946178444,319.6125238089658,195.15123230016738,316.59851415265445,177.4469589344223,348.75532594276564,171.9725212520993,container,0
361.4869489033973,198.05783837802537,411.4558328460588,474.64790928980074,397.2866937529682,477.2077121944245,347.3178098103067,200.6176412826492,container,0
391.68223821559593,304.42443444163143,398.8261614948848,302.96937012416566,404.4839383830089,330.74733398110845,397.34001510372,332.2023982985742,container,0
397.399652083844,344.53261407286203,410.39619997597464,341.63291751967455,413.55831125636826,355.8056179874897,400.5617633642376,358.7053145406772,container,0
401.1058727916725,358.83143486743535,413.2830728206854,356.0234285358022,416.02713141792356,367.9233128250473,403.84993138891065,370.7313191566804,container,0
403.55227502020284,382.3583128478807,419.5609733561376,379.2875092421895,422.40973508082743,394.1386599302364,406.4010367448927,397.20946353592757,container,0
405.9806126271104,397.47736899564757,421.1514274051683,394.34785755633646,423.9946777952166,408.1309754236288,408.8238630171587,411.2604868629399,container,0
411.0718248107037,421.993088874461,425.5007393124164,418.32564545925766,429.57182526537736,434.34262090893617,415.14291076366464,438.01006432413953,container,0
421.9757715749077,449.4640351739414,428.7046619004764,448.2422683779382,431.34939507064,462.80815730260224,424.6205047450713,464.0299240986054,container,0
398.1429285728437,477.5091733901309,428.78600569190075,473.3095951243821,430.7087941928689,487.3396125666921,400.0657170738118,491.5391908324409,container,0
413.7099976235415,503.10289318348254,438.5615126041977,498.5625651551729,441.22462520512903,513.13912928987,416.37311022447284,517.6794573181796,container,0
429.2667373398879,515.4325918512814,441.4764146362717,513.6674212995501,443.54434320658805,527.9712745395507,431.33466591020425,529.7364450912819,container,0
432.9001588383497,623.1354066976292,416.0904053025794,518.7964217935311,429.26090817480343,516.674559984853,446.0706617105737,621.0135448889511,container,0
441.59086926616106,583.3569981103428,448.66968701953385,582.3796362410079,450.34519122915907,594.514945911945,443.2663734757863,595.4923077812799,container,0
454.2209392320835,638.6085662537674,459.23661032144196,637.8215867004582,461.26276423142195,650.7349102374457,456.2470931420635,651.5218897907549,container,0
455.4909000349798,660.0733292555592,463.80427305467623,658.4768883101315,467.3741611886575,677.0668723501753,459.0607881689611,678.6633132956031,container,0
463.3407067821626,682.3801990500067,470.4750657804003,681.3447930488082,472.92195008861466,698.2047987487476,465.78759109037696,699.2402047499461,container,0
467.5358331245641,710.0327769613317,474.73029317570604,708.6515911743004,477.9388336484726,725.3645609069291,470.74437359733065,726.7457466939604,container,0
452.25128952895255,731.9000523904956,437.3686189142703,650.829974035044,454.8196157462275,647.62635757116,469.70228636090974,728.6964359266117,container,0
441.8475898084311,707.8160300297669,451.3541190575435,705.5522214371589,455.37317323678377,722.4296448348217,445.86664398767135,724.6934534274297,container,0
481.72092119088836,726.920228772519,515.4999357674146,888.7962707459308,499.37177643102234,892.1617677192631,465.5927618544961,730.2857257458513,container,0
437.82999683310356,754.7376925223816,444.16709045175895,753.494794579254,446.8846779196658,767.3508044763128,440.54758430101043,768.5937024194404,container,0
472.3898124076077,909.6298992780029,479.2723349946326,907.7586000533863,482.63718800356776,920.1343209062396,475.7546654165428,922.0056201308562,container,0
463.0771178558924,869.4538126519964,469.95964044291736,867.5825134273798,473.3244934518525,879.9582342802331,466.44197086482757,881.8295335048497,container,0
468.39686574926844,895.3946881852914,475.2793883362934,893.5233889606749,478.6442413452285,905.8991098135282,471.7617187582036,907.7704090381447,container,0
461.2519404486778,857.9283131231908,468.1344630357027,856.0570138985743,471.36479365826466,867.9379697504622,464.4822710712397,869.8092689750788,container,0
455.8731380276203,833.3683421812743,462.7783351201668,831.4908779518845,465.1858885469607,840.3457102637904,458.28069145441424,842.2231744931802,container,0
453.62384692174544,820.4860385749001,459.95307052018256,818.7651766289462,463.14980223106795,830.522557765753,456.8205786326308,832.243419711707,container,0
447.585557621541,795.028694783975,453.9226512401964,793.7857968408474,456.3909994642576,806.3710246673218,450.05390584560223,807.6139226104493,container,0
444.18318748088313,781.2301936579736,450.5202810995385,779.987295714846,452.98862932359975,792.5725235413204,446.65153570494437,793.8154214844479,container,0
433.8001308841813,737.7835095816133,440.13722450283666,736.5406116384856,443.22485737933783,752.2833511824813,436.8877637606825,753.526249125609,container,0
424.6119087140317,731.5562102254069,412.9709617462222,673.840207807873,429.1434717728204,670.5783164143206,440.7844187406299,728.2943188318545,container,0
416.66958446314794,652.1965976243055,414.44757844119954,641.5510111765801,427.15755789941585,638.8981135618103,429.37956392136425,649.5437000095357,container,0
320.0054199963579,212.77290393863132,405.6525241089348,667.6126696902113,391.37947135240233,670.3003098824075,305.7323672398254,215.4605441308275,container,0
378.6578230084432,672.695246293136,294.26820182932533,218.74066355366597,309.20857158563877,215.96326644842554,393.5981927647566,669.9178491878956,container,0
419.81690187762376,673.9199318804358,335.4272806985059,219.96534914096566,350.3676504548192,217.18795203572523,434.7572716339371,671.1425347751954,container,0
283.20156864216585,217.53455582093812,322.1388192784201,422.8422192560863,307.70981968095566,425.57872487091134,268.7725690447014,220.27106143576313,container,0
291.46602598241896,429.08149657761095,254.7674450849983,222.78236021507513,270.0511869586368,220.06353333361238,306.7497678560574,426.3626696961482,container,0
241.54822793767272,224.42194418952917,280.9851915057133,432.36448535068365,267.11133275718896,434.99570673981566,227.67436918914836,227.0531655786612,container,0
252.05745702579583,438.1329931529092,214.80098338141235,228.6976921467581,228.00357409597024,226.34908152270643,265.26004774035374,435.7843825288576,container,0
299.44939199924494,671.6867852163926,257.98522128368853,446.75535574646466,270.92846122791804,444.3693809988508,312.39263194347444,669.3008104687788,container,0
282.09893063357134,440.8994064561829,326.7839633960961,681.3663299844217,313.66565702218617,683.8040538156503,268.9806242596614,443.33713028741147,container,0
339.7030937313369,680.407311816572,314.3183488222681,547.8226119139402,329.89513950462407,544.8402703748038,355.27988441369286,677.4249702774356,container,0
314.68965121232,532.5692744862876,312.1784341122461,515.3730067092572,323.78248075027375,513.6784366592145,326.2936978503476,530.8747044362449,container,0
325.10769964294406,438.5526846197491,367.267599689042,675.5770943145063,352.980894541948,678.1182927580137,310.82099449585,441.0938830632564,container,0
340.7040750611423,838.7158817106622,326.1235171143471,761.1645089339842,342.7225230986242,758.0437032029251,357.3030810454194,835.5950759796032,container,0
342.361636160934,692.7522183795783,352.15668668740307,740.880828976623,336.04808541947983,744.1592232907889,326.25303489301075,696.0306126937442,container,0
318.8940704977021,703.5136039836325,325.0730996597236,702.5846513645379,327.79748170047577,720.706174176652,321.6184525384543,721.6351267957466,container,0
321.97002381847204,720.8323303283252,328.3983049337035,719.8225344138466,330.968663988521,736.1852373467235,324.5403828732895,737.1950332612021,container,0
307.41024851434713,714.0881065285378,313.9840991053335,713.4804013427013,315.3677092443778,728.4476034371373,308.79385865339145,729.0553086229738,container,0
363.78000906023385,711.2286393889427,392.4438778332602,706.111162096176,395.29446759806694,722.0778046955764,366.6305988250406,727.1952819883431,container,0
383.5545225458564,694.3377620243066,390.4337839646681,693.4205796472819,392.5934635603026,709.6191033993844,385.7142021414909,710.536285776409,container,0
402.265812755194,680.9146556699991,409.0078766172623,715.5691075904754,394.4915988575534,718.3932662850082,387.74953499548513,683.7388143645319,container,0
349.9490656994037,836.0446567705008,354.073959185426,835.0940016720602,356.57549741964044,845.9481787382474,352.45060393361814,846.8988338366879,container,0
343.0932522651738,837.9055886282979,347.69821183092125,836.703667147277,350.8425955145447,848.750843232343,346.2376359487973,849.9527647133639,container,0
344.82888924690303,896.5231534564026,350.29651003540647,895.5186226030746,353.0304971950045,910.3996040879098,347.56287640650106,911.4041349412378,container,0
346.70373412108034,912.0611020468363,353.0017699164603,910.9611191034844,354.9226337031079,921.9591704455285,348.62459790772795,923.0591533888803,container,0
352.0143882691759,938.7694550328312,356.28997532266465,937.8260509639737,358.9705976826242,949.9748582840608,354.6950106291355,950.9182623529183,container,0
357.5708490420197,936.8296513624975,362.59458613909715,935.6463816682061,366.14487824059626,950.7196436826132,361.1211411435188,951.9029133769046,container,0
365.6008323158378,957.9577333766234,371.48896688476583,956.7649907902157,373.86437179246093,968.4914973404069,367.9762372235329,969.6842399268146,container,0
361.6737184772274,976.7281770902704,360.4156799276693,971.5589941444919,371.9070959211894,968.7622960085392,373.1651344707475,973.9314789543178,container,0
401.7694204851961,941.8635124699119,358.0101590980595,735.8354985987435,374.00329867444583,732.4386402687803,417.76256006158246,938.4666541399488,container,0
412.12974354767493,864.6907351162973,428.6876061197221,936.5194064548596,418.51406228386566,938.864600060221,401.9561997118185,867.0359287216588,container,0
384.35907194344253,727.6180850602492,413.20317578391615,849.4127897913248,399.2983319767747,852.7058127478182,370.4542281363011,730.9111080167426,container,0
436.43290162719353,928.6141282734745,395.7871041570146,736.6536459516274,408.2644292294097,734.0116916195277,448.91022669958863,925.9721739413749,container,0
419.6671426500888,732.005640655867,462.4547722525253,927.3541031202733,451.403793684237,929.7746247448576,408.6161640818005,734.4261622804513,container,0
299.79461507697505,458.95753912416495,296.6083952283675,444.1329419917167,309.55961366693094,441.3493635319499,312.7458335155385,456.1739606643982,container,0
