333.2382247272094,15.38980569009158,428.93638543113667,-1.2716294413691784,433.2866945328236,23.715208501473384,337.58853382889635,40.37664363293414,container,0
432.81027747642446,2.288174215262675,448.90769964235653,-0.5144518041777317,452.0321658633987,17.431521527416752,435.9347436974666,20.23414754685716,container,0
343.1865683282579,51.750355686750716,585.587021866096,2.5694771514449926,590.6301365646625,27.425749072213783,348.22968302682443,76.6066276075195,container,0
315.5687423073687,114.24266748293962,311.96352556867487,96.47598308440563,342.8993029678656,90.19849314862037,346.50451970655945,107.96517754715437,container,0
309.44950209294876,138.70058915175653,307.5684617625075,129.43073041256432,333.83182272230493,124.10136752060944,335.7128630527462,133.37122625980166,container,0
276.13293615251155,245.38408354309217,271.5623993193427,222.86025451077597,302.4981767185334,216.58276457499073,307.0687135517022,239.10659360730693,container,0
310.6116332089763,241.37112660067723,308.314764112496,230.05204336667035,339.2505415116867,223.7745534308851,341.547410608167,235.093636664892,container,0
312.87855720793743,226.1188571095118,311.5072497896385,219.36098708943848,336.3482681620071,214.3202460466328,337.71957558030607,221.07811606670612,container,0
635.8142918775417,515.4202617137213,673.1247507835006,407.5874269853689,695.0544010670102,415.17514660514996,657.7439421610512,523.0079813335024,container,0
649.161209952835,455.5648261602351,654.12383296941,457.03113604229463,647.5709851801262,479.2087900710182,642.6083621635511,477.74248018895867,container,0
682.4111435111957,370.2011376393911,687.3737665277708,371.6674475214506,682.6378430497917,387.6958485737219,677.6752200332166,386.2295386916624,container,0
739.7862397496444,325.8918480340724,737.5382774017579,333.9461298406187,718.7398555903844,328.6994616153636,720.987817938271,320.64517980881726,container,0
826.4568508378857,237.3260321985518,831.5179492299563,237.7756843423112,823.4029561231562,329.11468746839654,818.3418577310855,328.66503532463713,container,0
792.346028859477,111.72438432569389,789.92207872862,118.66544406338247,771.5388657883434,112.24567631953163,773.9628159192004,105.30461658184305,container,0
784.6577616623591,142.34780342793442,781.630389916366,149.04771871326494,769.0769051615474,143.3753984760669,772.1042769075406,136.67548319073637,container,0
781.2654719517899,148.97552368036162,780.8823973003288,156.31766902967547,764.1030099626249,155.4422085681466,764.486084614086,148.10006321883276,container,0
778.7858897838579,157.66984368707514,778.4028151323968,165.011989036389,761.6234277946929,164.13652857486014,762.0065024461541,156.79438322554628,container,0
772.7848803475023,168.13370704872042,770.2748421385369,175.04410158945228,754.4821574205572,169.3077804820795,756.9921956295226,162.39738594134764,container,0
491.4812890227598,312.1118814238877,485.9701256918266,310.5390007144974,489.58899158353915,297.8589793480315,495.1001549144724,299.43186005742183,container,0
325.0967421060161,475.6784273415364,359.75903157369277,472.06872077642646,364.56063361083204,518.1762136481741,329.8983441431554,521.785920213284,container,0
692.7571600091496,580.0197238797977,686.380441247073,577.901376290268,694.470894963036,553.5472295679405,700.8476137251126,555.6655771574701,container,0
703.6722010208556,584.758784679118,697.295482258779,582.6404370895883,705.385935974742,558.2862903672608,711.7626547368186,560.4046379567905,container,0
734.0702987687649,576.2530465541333,727.6935800066883,574.1346989646037,734.2137091242922,554.5075943851239,740.5904278863688,556.6259419746535,container,0
774.0017819330313,425.2486490728114,767.6250631709547,423.1303014832818,774.1451922885586,403.50319690380206,780.5219110506353,405.62154449333167,container,0
767.4876765893118,336.2399252275856,761.1109578272352,334.12157763805595,766.4893468183272,317.9313762949145,772.8660655804039,320.0497238844442,container,0
